Transaction Type Index,Transaction Name,Start Time (microseconds),Latency (microseconds),Worker Id (start number),Phase Id (index in config file)
2,Payment,1770890562.060731,342768,23,1
1,NewOrder,1770890562.060731,308958,14,1
2,Payment,1770890562.060732,151997,18,1
2,Payment,1770890562.060732,217789,19,1
2,Payment,1770890562.060741,136355,17,1
4,Delivery,1770890562.060771,293366,4,1
2,Payment,1770890562.060782,101622,3,1
1,NewOrder,1770890562.060803,262943,6,1
1,NewOrder,1770890562.060828,260639,1,1
2,Payment,1770890562.060852,63302,0,1
2,Payment,1770890562.060867,139943,10,1
1,NewOrder,1770890562.060884,213396,11,1
2,Payment,1770890562.060900,144517,5,1
4,Delivery,1770890562.060922,240823,8,1
1,NewOrder,1770890562.060936,234134,2,1
4,Delivery,1770890562.060952,239813,9,1
1,NewOrder,1770890562.060965,219356,7,1
2,Payment,1770890562.060983,195621,12,1
2,Payment,1770890562.060985,241302,16,1
1,NewOrder,1770890562.060998,190596,13,1
1,NewOrder,1770890562.061013,261655,15,1
2,Payment,1770890562.061107,282445,21,1
1,NewOrder,1770890562.061284,204561,22,1
1,NewOrder,1770890562.061495,226386,20,1
5,StockLevel,1770890562.124385,40732,0,1
2,Payment,1770890562.162477,64968,3,1
1,NewOrder,1770890562.165163,165243,0,1
2,Payment,1770890562.197251,147769,17,1
2,Payment,1770890562.200882,27483,10,1
1,NewOrder,1770890562.205472,151324,5,1
1,NewOrder,1770890562.212814,146561,18,1
1,NewOrder,1770890562.227487,158112,3,1
1,NewOrder,1770890562.228406,182668,10,1
1,NewOrder,1770890562.251660,107136,13,1
2,Payment,1770890562.256661,110403,12,1
5,StockLevel,1770890562.265904,69682,22,1
2,Payment,1770890562.274342,52879,11,1
1,NewOrder,1770890562.278586,158452,19,1
4,Delivery,1770890562.280385,21483,7,1
1,NewOrder,1770890562.287946,109243,20,1
2,Payment,1770890562.295146,43713,2,1
2,Payment,1770890562.300827,118189,9,1
2,Payment,1770890562.301806,84995,8,1
1,NewOrder,1770890562.301909,77759,7,1
2,Payment,1770890562.302350,95003,16,1
2,Payment,1770890562.321541,48984,1,1
1,NewOrder,1770890562.322723,55474,15,1
1,NewOrder,1770890562.323816,71903,6,1
1,NewOrder,1770890562.327261,112255,11,1
1,NewOrder,1770890562.330451,60673,0,1
2,Payment,1770890562.335629,89396,22,1
2,Payment,1770890562.338903,62911,2,1
2,Payment,1770890562.343618,97894,21,1
2,Payment,1770890562.345080,68497,17,1
1,NewOrder,1770890562.354207,197122,4,1
5,StockLevel,1770890562.356840,60295,5,1
1,NewOrder,1770890562.358830,56200,13,1
1,NewOrder,1770890562.359416,53078,18,1
2,Payment,1770890562.367102,93443,12,1
2,Payment,1770890562.369762,71998,14,1
1,NewOrder,1770890562.370570,80063,1,1
1,NewOrder,1770890562.378238,56000,15,1
2,Payment,1770890562.379713,79647,7,1
1,NewOrder,1770890562.385644,47852,3,1
1,NewOrder,1770890562.386844,165209,8,1
1,NewOrder,1770890562.391187,50411,0,1
1,NewOrder,1770890562.395787,66772,6,1
1,NewOrder,1770890562.397231,86700,20,1
1,NewOrder,1770890562.397394,161578,16,1
2,Payment,1770890562.401857,33760,2,1
2,Payment,1770890562.403557,52603,23,1
1,NewOrder,1770890562.411115,80209,10,1
2,Payment,1770890562.412540,55882,18,1
3,OrderStatus,1770890562.413624,35476,17,1
1,NewOrder,1770890562.415071,61443,13,1
1,NewOrder,1770890562.417197,38262,5,1
2,Payment,1770890562.419053,68762,9,1
2,Payment,1770890562.425094,57306,22,1
1,NewOrder,1770890562.433540,56299,3,1
2,Payment,1770890562.434281,59261,15,1
2,Payment,1770890562.435659,33909,2,1
2,Payment,1770890562.437102,62042,19,1
1,NewOrder,1770890562.439558,79275,11,1
1,NewOrder,1770890562.441549,155645,21,1
2,Payment,1770890562.441641,53679,0,1
2,Payment,1770890562.441799,67333,14,1
1,NewOrder,1770890562.449144,178903,17,1
2,Payment,1770890562.450676,63386,1,1
2,Payment,1770890562.455497,76400,5,1
2,Payment,1770890562.456199,61546,23,1
1,NewOrder,1770890562.459397,67940,7,1
1,NewOrder,1770890562.460574,162760,12,1
1,NewOrder,1770890562.462603,78193,6,1
1,NewOrder,1770890562.468463,82523,18,1
2,Payment,1770890562.469600,82435,2,1
1,NewOrder,1770890562.476559,73107,13,1
1,NewOrder,1770890562.482442,68674,22,1
1,NewOrder,1770890562.483974,55421,20,1
2,Payment,1770890562.487862,30840,9,1
2,Payment,1770890562.489902,78321,3,1
1,NewOrder,1770890562.491402,63282,10,1
2,Payment,1770890562.493580,40262,15,1
2,Payment,1770890562.495368,112746,0,1
5,StockLevel,1770890562.499188,63165,19,1
1,NewOrder,1770890562.509172,55972,14,1
2,Payment,1770890562.514100,82259,1,1
2,Payment,1770890562.517784,33144,23,1
2,Payment,1770890562.518745,46518,9,1
2,Payment,1770890562.518879,32785,11,1
2,Payment,1770890562.527385,53140,7,1
2,Payment,1770890562.531939,93027,5,1
2,Payment,1770890562.533885,28548,15,1
1,NewOrder,1770890562.539440,76058,20,1
5,StockLevel,1770890562.540829,62735,6,1
1,NewOrder,1770890562.549712,59753,13,1
2,Payment,1770890562.550973,38975,23,1
2,Payment,1770890562.551030,20674,18,1
2,Payment,1770890562.551155,62988,22,1
1,NewOrder,1770890562.551375,53365,4,1
2,Payment,1770890562.551696,45203,11,1
2,Payment,1770890562.552078,26780,2,1
1,NewOrder,1770890562.552088,77115,8,1
2,Payment,1770890562.554728,60827,10,1
1,NewOrder,1770890562.559016,77049,16,1
1,NewOrder,1770890562.562397,64712,19,1
1,NewOrder,1770890562.562473,69603,15,1
1,NewOrder,1770890562.565188,55053,14,1
1,NewOrder,1770890562.565331,105903,9,1
2,Payment,1770890562.568270,70181,3,1
2,Payment,1770890562.571746,53565,18,1
1,NewOrder,1770890562.578903,79621,2,1
2,Payment,1770890562.580563,50548,7,1
2,Payment,1770890562.589993,52818,23,1
2,Payment,1770890562.596403,129661,1,1
2,Payment,1770890562.596943,43385,11,1
4,Delivery,1770890562.597229,140640,21,1
2,Payment,1770890562.603610,82278,6,1
2,Payment,1770890562.604786,95143,4,1
2,Payment,1770890562.608161,49131,0,1
2,Payment,1770890562.609510,43062,13,1
2,Payment,1770890562.614187,46356,22,1
2,Payment,1770890562.615542,92624,20,1
1,NewOrder,1770890562.615600,89277,10,1
2,Payment,1770890562.620282,51905,14,1
1,NewOrder,1770890562.623380,91730,12,1
1,NewOrder,1770890562.625015,62398,5,1
1,NewOrder,1770890562.625337,107877,18,1
2,Payment,1770890562.627156,100806,19,1
2,Payment,1770890562.628093,80253,17,1
2,Payment,1770890562.629253,22552,8,1
2,Payment,1770890562.631155,68109,7,1
2,Payment,1770890562.632142,57909,15,1
1,NewOrder,1770890562.636113,72427,16,1
1,NewOrder,1770890562.638496,93118,3,1
4,Delivery,1770890562.640373,241244,11,1
5,StockLevel,1770890562.642875,94246,23,1
1,NewOrder,1770890562.651854,37004,8,1
1,NewOrder,1770890562.652609,24176,13,1
3,OrderStatus,1770890562.657332,26825,0,1
2,Payment,1770890562.658568,89871,2,1
2,Payment,1770890562.660581,83996,22,1
2,Payment,1770890562.671280,47520,9,1
4,Delivery,1770890562.672330,152680,14,1
1,NewOrder,1770890562.676824,52752,13,1
1,NewOrder,1770890562.684202,83527,0,1
1,NewOrder,1770890562.685932,95381,6,1
1,NewOrder,1770890562.687455,87219,5,1
1,NewOrder,1770890562.688897,54927,8,1
2,Payment,1770890562.690080,37175,15,1
2,Payment,1770890562.699311,35642,7,1
2,Payment,1770890562.699982,64779,4,1
1,NewOrder,1770890562.704927,89042,10,1
1,NewOrder,1770890562.708209,65660,20,1
2,Payment,1770890562.708391,54841,17,1
2,Payment,1770890562.708581,36280,16,1
1,NewOrder,1770890562.715158,81582,12,1
2,Payment,1770890562.718834,23384,9,1
2,Payment,1770890562.726109,58960,1,1
2,Payment,1770890562.727298,57874,15,1
2,Payment,1770890562.728007,33880,19,1
1,NewOrder,1770890562.729617,60402,13,1
2,Payment,1770890562.731662,65970,3,1
3,OrderStatus,1770890562.733254,17444,18,1
1,NewOrder,1770890562.734994,96988,7,1
2,Payment,1770890562.737166,72994,23,1
2,Payment,1770890562.737911,43436,21,1
1,NewOrder,1770890562.742260,69376,9,1
2,Payment,1770890562.743864,36539,8,1
2,Payment,1770890562.744618,52775,22,1
2,Payment,1770890562.744905,56284,16,1
2,Payment,1770890562.748485,63263,2,1
1,NewOrder,1770890562.750743,44536,18,1
1,NewOrder,1770890562.761937,78938,19,1
2,Payment,1770890562.763279,50011,17,1
1,NewOrder,1770890562.764806,65030,4,1
2,Payment,1770890562.767771,59225,0,1
1,NewOrder,1770890562.773913,75970,20,1
1,NewOrder,1770890562.774714,51481,5,1
1,NewOrder,1770890562.780448,57462,8,1
2,Payment,1770890562.781348,34667,6,1
1,NewOrder,1770890562.781395,79271,21,1
2,Payment,1770890562.785115,57984,1,1
1,NewOrder,1770890562.785218,100381,15,1
1,NewOrder,1770890562.790064,75450,13,1
2,Payment,1770890562.794015,35231,10,1
1,NewOrder,1770890562.795323,58185,18,1
2,Payment,1770890562.796771,57609,12,1
2,Payment,1770890562.797449,37957,22,1
2,Payment,1770890562.797669,54418,3,1
2,Payment,1770890562.801239,34317,16,1
2,Payment,1770890562.810209,36143,23,1
4,Delivery,1770890562.811678,70875,9,1
1,NewOrder,1770890562.811787,93137,2,1
2,Payment,1770890562.813328,47883,17,1
2,Payment,1770890562.816058,35265,6,1
2,Payment,1770890562.825081,68776,14,1
1,NewOrder,1770890562.826239,59301,5,1
2,Payment,1770890562.827041,59840,0,1
1,NewOrder,1770890562.829290,53634,10,1
2,Payment,1770890562.829878,42139,4,1
1,NewOrder,1770890562.832015,76974,7,1
1,NewOrder,1770890562.835448,59463,22,1
2,Payment,1770890562.835593,39848,16,1
1,NewOrder,1770890562.837955,93131,8,1
5,StockLevel,1770890562.840920,45231,19,1
2,Payment,1770890562.843135,51607,1,1
2,Payment,1770890562.846396,28965,23,1
1,NewOrder,1770890562.849930,80116,20,1
2,Payment,1770890562.851367,23936,6,1
2,Payment,1770890562.852132,77655,3,1
2,Payment,1770890562.853543,37607,18,1
1,NewOrder,1770890562.854425,83898,12,1
1,NewOrder,1770890562.860712,64608,21,1
1,NewOrder,1770890562.861255,92400,17,1
5,StockLevel,1770890562.865552,69326,13,1
2,Payment,1770890562.872058,36504,4,1
2,Payment,1770890562.875348,40449,6,1
2,Payment,1770890562.875412,32057,23,1
2,Payment,1770890562.875486,28710,16,1
2,Payment,1770890562.881692,53478,11,1
1,NewOrder,1770890562.882592,66168,9,1
2,Payment,1770890562.882969,112849,10,1
2,Payment,1770890562.885584,37121,5,1
3,OrderStatus,1770890562.885643,25127,15,1
2,Payment,1770890562.886182,47130,19,1
1,NewOrder,1770890562.886913,93993,0,1
2,Payment,1770890562.891186,27337,18,1
2,Payment,1770890562.893894,34328,14,1
1,NewOrder,1770890562.894771,76991,1,1
2,Payment,1770890562.894950,50954,22,1
3,OrderStatus,1770890562.904244,23861,16,1
2,Payment,1770890562.904969,35022,2,1
1,NewOrder,1770890562.907514,180125,23,1
2,Payment,1770890562.908607,53904,4,1
1,NewOrder,1770890562.909024,86657,7,1
2,Payment,1770890562.910851,26161,15,1
1,NewOrder,1770890562.915882,91867,6,1
1,NewOrder,1770890562.918567,80005,18,1
1,NewOrder,1770890562.922742,50937,5,1
1,NewOrder,1770890562.925356,103310,21,1
2,Payment,1770890562.928139,29302,16,1
1,NewOrder,1770890562.928263,77148,14,1
3,OrderStatus,1770890562.929822,23629,3,1
1,NewOrder,1770890562.930086,55699,20,1
2,Payment,1770890562.931112,32568,8,1
1,NewOrder,1770890562.933343,91419,19,1
1,NewOrder,1770890562.934903,54707,13,1
2,Payment,1770890562.935207,40813,11,1
1,NewOrder,1770890562.937043,53738,15,1
1,NewOrder,1770890562.938363,72132,12,1
2,Payment,1770890562.940025,37144,2,1
1,NewOrder,1770890562.945944,62855,22,1
3,OrderStatus,1770890562.948786,19492,9,1
1,NewOrder,1770890562.953500,111174,3,1
1,NewOrder,1770890562.953696,89531,17,1
4,Delivery,1770890562.957475,258513,16,1
2,Payment,1770890562.962547,31165,4,1
2,Payment,1770890562.963710,48039,8,1
1,NewOrder,1770890562.968313,61047,9,1
1,NewOrder,1770890562.971805,71516,1,1
2,Payment,1770890562.973717,47821,5,1
1,NewOrder,1770890562.976055,107916,11,1
1,NewOrder,1770890562.977208,89820,2,1
2,Payment,1770890562.980939,51175,0,1
1,NewOrder,1770890562.985812,93341,20,1
1,NewOrder,1770890562.989649,94507,13,1
1,NewOrder,1770890562.990820,67638,15,1
1,NewOrder,1770890562.993747,74411,4,1
1,NewOrder,1770890562.995722,97602,7,1
1,NewOrder,1770890562.995852,78999,10,1
2,Payment,1770890562.998601,20288,18,1
2,Payment,1770890563.005451,30026,14,1
2,Payment,1770890563.007785,32373,6,1
2,Payment,1770890563.008829,29153,22,1
3,OrderStatus,1770890563.010522,24798,12,1
1,NewOrder,1770890563.011783,99360,8,1
1,NewOrder,1770890563.018928,71787,18,1
1,NewOrder,1770890563.021572,82888,5,1
3,OrderStatus,1770890563.024801,20205,19,1
2,Payment,1770890563.028705,40247,21,1
2,Payment,1770890563.029387,37623,9,1
2,Payment,1770890563.032151,29382,0,1
1,NewOrder,1770890563.035360,64722,12,1
2,Payment,1770890563.035517,27581,14,1
1,NewOrder,1770890563.038015,54016,22,1
1,NewOrder,1770890563.040197,85210,6,1
1,NewOrder,1770890563.043264,93722,17,1
1,NewOrder,1770890563.043363,65620,1,1
2,Payment,1770890563.045037,38068,19,1
1,NewOrder,1770890563.058502,55853,15,1
2,Payment,1770890563.061573,24548,0,1
1,NewOrder,1770890563.063137,106490,14,1
2,Payment,1770890563.064712,29502,3,1
2,Payment,1770890563.067049,26974,9,1
2,Payment,1770890563.067071,33920,2,1
1,NewOrder,1770890563.068193,81032,4,1
1,NewOrder,1770890563.068992,70239,21,1
3,OrderStatus,1770890563.074891,24034,10,1
2,Payment,1770890563.079187,36539,20,1
1,NewOrder,1770890563.083130,70412,19,1
1,NewOrder,1770890563.084012,59131,11,1
2,Payment,1770890563.084196,37803,13,1
2,Payment,1770890563.086157,25042,0,1
4,Delivery,1770890563.087679,298257,23,1
2,Payment,1770890563.090738,31324,18,1
1,NewOrder,1770890563.092071,93750,22,1
1,NewOrder,1770890563.093364,66442,7,1
2,Payment,1770890563.094061,27895,9,1
2,Payment,1770890563.094254,25548,3,1
4,Delivery,1770890563.098959,232806,10,1
4,Delivery,1770890563.100120,116993,12,1
1,NewOrder,1770890563.101030,80183,2,1
2,Payment,1770890563.104500,33219,5,1
1,NewOrder,1770890563.109017,61901,1,1
1,NewOrder,1770890563.111183,99506,8,1
2,Payment,1770890563.111240,30476,0,1
1,NewOrder,1770890563.114385,62392,15,1
2,Payment,1770890563.115762,40102,20,1
2,Payment,1770890563.119832,30722,3,1
2,Payment,1770890563.121996,28232,9,1
5,StockLevel,1770890563.122040,31431,13,1
2,Payment,1770890563.122098,44438,18,1
1,NewOrder,1770890563.125447,56779,6,1
1,NewOrder,1770890563.137028,64636,17,1
1,NewOrder,1770890563.137741,48141,5,1
1,NewOrder,1770890563.139285,100920,21,1
3,OrderStatus,1770890563.141757,11572,0,1
1,NewOrder,1770890563.143183,66829,11,1
1,NewOrder,1770890563.149265,85666,4,1
1,NewOrder,1770890563.150267,65467,9,1
1,NewOrder,1770890563.150596,49226,3,1
2,Payment,1770890563.153369,22838,0,1
1,NewOrder,1770890563.153506,86250,13,1
3,OrderStatus,1770890563.153575,16624,19,1
2,Payment,1770890563.155904,29259,20,1
2,Payment,1770890563.159845,33158,7,1
1,NewOrder,1770890563.166580,60396,18,1
2,Payment,1770890563.169668,24181,14,1
3,OrderStatus,1770890563.170240,20664,19,1
2,Payment,1770890563.170952,22622,1,1
2,Payment,1770890563.176244,29111,0,1
5,StockLevel,1770890563.176818,69061,15,1
1,NewOrder,1770890563.181263,67119,2,1
1,NewOrder,1770890563.182258,66689,6,1
3,OrderStatus,1770890563.185204,25959,20,1
2,Payment,1770890563.185848,28510,22,1
1,NewOrder,1770890563.185919,80585,5,1
2,Payment,1770890563.190943,30534,19,1
2,Payment,1770890563.193037,27186,7,1
2,Payment,1770890563.193609,30506,1,1
1,NewOrder,1770890563.193889,100562,14,1
5,StockLevel,1770890563.199862,70154,3,1
2,Payment,1770890563.201697,30484,17,1
2,Payment,1770890563.205396,22087,0,1
1,NewOrder,1770890563.210053,66158,11,1
2,Payment,1770890563.210723,25798,8,1
1,NewOrder,1770890563.211207,85785,20,1
1,NewOrder,1770890563.214398,95739,22,1
1,NewOrder,1770890563.215774,42859,9,1
1,NewOrder,1770890563.216007,101316,16,1
1,NewOrder,1770890563.217149,61713,12,1
2,Payment,1770890563.220259,24642,7,1
1,NewOrder,1770890563.221512,52228,19,1
1,NewOrder,1770890563.224218,58404,1,1
2,Payment,1770890563.227069,31577,18,1
2,Payment,1770890563.227507,17842,0,1
1,NewOrder,1770890563.232219,74455,17,1
1,NewOrder,1770890563.234968,46601,4,1
2,Payment,1770890563.236560,26622,8,1
2,Payment,1770890563.239792,31519,13,1
2,Payment,1770890563.240226,35495,21,1
2,Payment,1770890563.244940,33784,7,1
2,Payment,1770890563.245395,16750,0,1
2,Payment,1770890563.245911,37070,15,1
1,NewOrder,1770890563.248407,75866,2,1
1,NewOrder,1770890563.248983,47340,6,1
1,NewOrder,1770890563.258666,72620,9,1
2,Payment,1770890563.258686,29869,18,1
2,Payment,1770890563.262183,15884,0,1
1,NewOrder,1770890563.263218,98029,8,1
4,Delivery,1770890563.266541,229176,5,1
2,Payment,1770890563.270066,23092,3,1
1,NewOrder,1770890563.271377,74473,13,1
2,Payment,1770890563.273777,28951,19,1
1,NewOrder,1770890563.275756,57606,21,1
1,NewOrder,1770890563.276243,84307,11,1
4,Delivery,1770890563.278102,218527,0,1
1,NewOrder,1770890563.278793,86858,7,1
2,Payment,1770890563.278898,32156,12,1
2,Payment,1770890563.281605,30841,4,1
2,Payment,1770890563.282700,38011,1,1
1,NewOrder,1770890563.283033,97115,15,1
2,Payment,1770890563.288616,18823,18,1
1,NewOrder,1770890563.293182,42801,3,1
1,NewOrder,1770890563.294477,51620,14,1
1,NewOrder,1770890563.296347,91399,6,1
2,Payment,1770890563.297016,31569,20,1
2,Payment,1770890563.302760,35494,19,1
2,Payment,1770890563.306700,28504,17,1
2,Payment,1770890563.307464,38639,18,1
1,NewOrder,1770890563.310159,62535,22,1
1,NewOrder,1770890563.311079,71260,12,1
2,Payment,1770890563.312470,31352,4,1
1,NewOrder,1770890563.317346,77149,16,1
2,Payment,1770890563.320734,28620,1,1
1,NewOrder,1770890563.324293,45219,2,1
3,OrderStatus,1770890563.328610,12874,20,1
1,NewOrder,1770890563.331312,68105,9,1
1,NewOrder,1770890563.331788,68221,10,1
1,NewOrder,1770890563.333377,79121,21,1
1,NewOrder,1770890563.335217,63368,17,1
2,Payment,1770890563.335998,18535,3,1
1,NewOrder,1770890563.338278,61240,19,1
1,NewOrder,1770890563.341507,68648,20,1
1,NewOrder,1770890563.343844,58260,4,1
2,Payment,1770890563.345872,33728,13,1
4,Delivery,1770890563.346112,99288,14,1
2,Payment,1770890563.346130,11439,18,1
2,Payment,1770890563.349377,26492,1,1
4,Delivery,1770890563.354558,141990,3,1
3,OrderStatus,1770890563.357593,17245,18,1
1,NewOrder,1770890563.360570,48327,11,1
4,Delivery,1770890563.361272,161931,8,1
2,Payment,1770890563.365673,30400,7,1
2,Payment,1770890563.369536,14268,2,1
2,Payment,1770890563.372720,15863,22,1
1,NewOrder,1770890563.374863,50116,18,1
2,Payment,1770890563.375895,19706,1,1
2,Payment,1770890563.379626,42145,13,1
2,Payment,1770890563.380163,23825,15,1
3,OrderStatus,1770890563.382364,16938,12,1
1,NewOrder,1770890563.383829,56780,2,1
5,StockLevel,1770890563.385960,51081,23,1
4,Delivery,1770890563.387770,136154,6,1
2,Payment,1770890563.388620,17025,22,1
2,Payment,1770890563.394517,45261,16,1
2,Payment,1770890563.395625,10662,1,1
2,Payment,1770890563.396097,21148,7,1
2,Payment,1770890563.398603,51102,17,1
2,Payment,1770890563.399327,33973,12,1
2,Payment,1770890563.399442,26180,9,1
2,Payment,1770890563.399543,20338,19,1
4,Delivery,1770890563.400031,123822,10,1
1,NewOrder,1770890563.402119,62403,4,1
2,Payment,1770890563.404002,51446,15,1
2,Payment,1770890563.405670,22825,22,1
2,Payment,1770890563.406313,11771,1,1
1,NewOrder,1770890563.408923,73495,11,1
2,Payment,1770890563.410180,26708,20,1
1,NewOrder,1770890563.412520,49593,21,1
1,NewOrder,1770890563.417271,78909,7,1
1,NewOrder,1770890563.418107,35389,1,1
1,NewOrder,1770890563.419907,62449,19,1
2,Payment,1770890563.421790,52867,13,1
3,OrderStatus,1770890563.425004,11692,18,1
2,Payment,1770890563.425644,13568,9,1
1,NewOrder,1770890563.428520,66304,22,1
2,Payment,1770890563.433325,30597,12,1
2,Payment,1770890563.436720,17322,18,1
2,Payment,1770890563.436909,13768,20,1
5,StockLevel,1770890563.437086,33150,23,1
1,NewOrder,1770890563.439237,77845,9,1
2,Payment,1770890563.439800,39930,16,1
1,NewOrder,1770890563.440623,58894,2,1
1,NewOrder,1770890563.445418,62172,14,1
2,Payment,1770890563.449730,35521,17,1
1,NewOrder,1770890563.450696,55029,20,1
2,Payment,1770890563.453521,13412,1,1
2,Payment,1770890563.454064,10281,18,1
1,NewOrder,1770890563.455473,89567,15,1
2,Payment,1770890563.462139,33671,21,1
1,NewOrder,1770890563.463947,50543,12,1
1,NewOrder,1770890563.464358,58801,18,1
2,Payment,1770890563.464548,31520,4,1
5,StockLevel,1770890563.466955,47848,1,1
2,Payment,1770890563.470256,30043,23,1
2,Payment,1770890563.474680,36891,13,1
1,NewOrder,1770890563.479752,80201,16,1
2,Payment,1770890563.482381,25558,19,1
1,NewOrder,1770890563.482444,64389,11,1
1,NewOrder,1770890563.485273,93304,17,1
1,NewOrder,1770890563.494844,84695,22,1
2,Payment,1770890563.495739,20303,5,1
2,Payment,1770890563.495836,21444,21,1
2,Payment,1770890563.496095,31216,4,1
2,Payment,1770890563.496201,15966,7,1
3,OrderStatus,1770890563.496564,3624,3,1
1,NewOrder,1770890563.496651,40697,0,1
2,Payment,1770890563.499540,31551,2,1
1,NewOrder,1770890563.500214,68949,3,1
1,NewOrder,1770890563.500317,104196,23,1
1,NewOrder,1770890563.505740,68998,20,1
4,Delivery,1770890563.507615,67882,14,1
2,Payment,1770890563.507964,14266,19,1
2,Payment,1770890563.511596,31582,13,1
1,NewOrder,1770890563.512181,94127,7,1
2,Payment,1770890563.514514,41929,12,1
2,Payment,1770890563.514825,19027,1,1
3,OrderStatus,1770890563.516068,18873,5,1
2,Payment,1770890563.517108,19676,9,1
2,Payment,1770890563.517300,30188,21,1
3,OrderStatus,1770890563.522248,18452,19,1
2,Payment,1770890563.523185,28367,18,1
2,Payment,1770890563.523229,36164,8,1
1,NewOrder,1770890563.523874,59622,10,1
1,NewOrder,1770890563.523945,65874,6,1
3,OrderStatus,1770890563.527336,18472,4,1
1,NewOrder,1770890563.531111,56143,2,1
2,Payment,1770890563.533876,18956,1,1
2,Payment,1770890563.534965,24811,5,1
1,NewOrder,1770890563.536808,71988,9,1
2,Payment,1770890563.537372,26941,0,1
1,NewOrder,1770890563.540725,94589,19,1
2,Payment,1770890563.543204,28289,13,1
2,Payment,1770890563.545076,31484,15,1
3,OrderStatus,1770890563.545857,15765,4,1
2,Payment,1770890563.546856,26771,11,1
2,Payment,1770890563.547509,26603,21,1
1,NewOrder,1770890563.551576,72840,18,1
2,Payment,1770890563.552848,19800,1,1
2,Payment,1770890563.556463,26320,12,1
5,StockLevel,1770890563.559410,76375,8,1
4,Delivery,1770890563.559794,143116,5,1
1,NewOrder,1770890563.559977,62126,16,1
2,Payment,1770890563.561640,23063,4,1
1,NewOrder,1770890563.564337,66995,0,1
1,NewOrder,1770890563.569185,62191,3,1
1,NewOrder,1770890563.571515,53420,13,1
4,Delivery,1770890563.572671,131082,1,1
2,Payment,1770890563.573651,30798,11,1
1,NewOrder,1770890563.574136,57038,21,1
1,NewOrder,1770890563.574753,61424,20,1
2,Payment,1770890563.575516,27971,14,1
1,NewOrder,1770890563.576580,44802,15,1
1,NewOrder,1770890563.578590,58541,17,1
1,NewOrder,1770890563.579562,46903,22,1
1,NewOrder,1770890563.582804,48519,12,1
2,Payment,1770890563.583515,32324,10,1
1,NewOrder,1770890563.584723,73307,4,1
2,Payment,1770890563.587278,23337,2,1
1,NewOrder,1770890563.589841,46275,6,1
2,Payment,1770890563.603512,26786,14,1
2,Payment,1770890563.604474,40344,11,1
5,StockLevel,1770890563.604533,26774,23,1
2,Payment,1770890563.606324,43385,7,1
2,Payment,1770890563.608820,43933,9,1
2,Payment,1770890563.610638,17332,2,1
2,Payment,1770890563.615855,22661,10,1
1,NewOrder,1770890563.621405,32664,15,1
1,NewOrder,1770890563.622125,54862,16,1
2,Payment,1770890563.624440,12631,18,1
2,Payment,1770890563.624958,24122,13,1
1,NewOrder,1770890563.626489,71391,22,1
2,Payment,1770890563.627993,12408,2,1
2,Payment,1770890563.630320,21920,14,1
1,NewOrder,1770890563.631191,48598,21,1
3,OrderStatus,1770890563.631329,20765,23,1
2,Payment,1770890563.631334,27409,12,1
1,NewOrder,1770890563.631356,63114,0,1
2,Payment,1770890563.631396,12343,3,1
2,Payment,1770890563.635337,27245,19,1
3,OrderStatus,1770890563.635796,19006,8,1
1,NewOrder,1770890563.636133,54042,6,1
2,Payment,1770890563.636200,40059,20,1
1,NewOrder,1770890563.637093,72888,18,1
2,Payment,1770890563.637155,28133,17,1
1,NewOrder,1770890563.638538,97395,10,1
1,NewOrder,1770890563.640422,52234,2,1
1,NewOrder,1770890563.643755,81389,3,1
1,NewOrder,1770890563.644843,86285,11,1
1,NewOrder,1770890563.649102,79633,13,1
1,NewOrder,1770890563.649726,90297,7,1
1,NewOrder,1770890563.652116,93317,23,1
1,NewOrder,1770890563.652257,77928,14,1
1,NewOrder,1770890563.652783,48439,9,1
2,Payment,1770890563.654085,22951,15,1
5,StockLevel,1770890563.654827,59988,8,1
1,NewOrder,1770890563.658051,73082,4,1
1,NewOrder,1770890563.658762,55173,12,1
1,NewOrder,1770890563.662601,85745,19,1
1,NewOrder,1770890563.665310,61560,17,1
1,NewOrder,1770890563.676282,67627,20,1
2,Payment,1770890563.677008,20468,16,1
2,Payment,1770890563.677067,25793,15,1
2,Payment,1770890563.679811,32045,21,1
4,Delivery,1770890563.690198,38403,6,1
1,NewOrder,1770890563.692678,45549,2,1
1,NewOrder,1770890563.694492,76701,0,1
2,Payment,1770890563.697499,28426,16,1
1,NewOrder,1770890563.697892,61349,22,1
1,NewOrder,1770890563.701243,55850,9,1
1,NewOrder,1770890563.702883,74868,15,1
2,Payment,1770890563.702935,26206,5,1
1,NewOrder,1770890563.703772,32827,1,1
2,Payment,1770890563.710004,17935,18,1
1,NewOrder,1770890563.711877,63307,21,1
2,Payment,1770890563.713949,19830,12,1
1,NewOrder,1770890563.714826,62588,8,1
1,NewOrder,1770890563.725167,74885,3,1
1,NewOrder,1770890563.725942,50313,16,1
1,NewOrder,1770890563.726894,75567,17,1
1,NewOrder,1770890563.727954,78189,18,1
1,NewOrder,1770890563.728623,54393,6,1
2,Payment,1770890563.728748,20802,13,1
1,NewOrder,1770890563.729151,56711,5,1
2,Payment,1770890563.730201,22358,14,1
1,NewOrder,1770890563.731151,76957,11,1
1,NewOrder,1770890563.731158,110244,4,1
1,NewOrder,1770890563.733804,101099,12,1
1,NewOrder,1770890563.735956,64200,10,1
2,Payment,1770890563.736611,17103,1,1
2,Payment,1770890563.738239,19941,2,1
2,Payment,1770890563.740037,17591,7,1
2,Payment,1770890563.743931,30027,20,1
1,NewOrder,1770890563.745448,55619,23,1
2,Payment,1770890563.748370,36136,19,1
2,Payment,1770890563.749564,17604,13,1
1,NewOrder,1770890563.752582,96185,14,1
3,OrderStatus,1770890563.753738,21314,1,1
2,Payment,1770890563.757115,24774,9,1
2,Payment,1770890563.757644,27420,7,1
2,Payment,1770890563.758205,16478,2,1
1,NewOrder,1770890563.759261,43482,22,1
2,Payment,1770890563.767193,17371,13,1
3,OrderStatus,1770890563.771217,16345,0,1
1,NewOrder,1770890563.773979,74160,20,1
2,Payment,1770890563.774706,14872,2,1
2,Payment,1770890563.775071,18557,1,1
1,NewOrder,1770890563.775207,50497,21,1
2,Payment,1770890563.776292,19092,16,1
2,Payment,1770890563.777450,32712,8,1
2,Payment,1770890563.777767,21047,15,1
2,Payment,1770890563.781905,32358,9,1
1,NewOrder,1770890563.783033,41858,6,1
2,Payment,1770890563.784529,34016,19,1
1,NewOrder,1770890563.784577,74072,13,1
1,NewOrder,1770890563.785085,79687,7,1
2,Payment,1770890563.785882,27791,5,1
1,NewOrder,1770890563.787586,97225,0,1
2,Payment,1770890563.789594,29505,2,1
3,OrderStatus,1770890563.793651,8194,1,1
2,Payment,1770890563.795406,23249,16,1
3,OrderStatus,1770890563.798836,15275,15,1
2,Payment,1770890563.800074,25756,3,1
1,NewOrder,1770890563.800179,48470,10,1
1,NewOrder,1770890563.801090,88066,23,1
1,NewOrder,1770890563.801870,93254,1,1
1,NewOrder,1770890563.802485,85763,17,1
1,NewOrder,1770890563.802768,65909,22,1
1,NewOrder,1770890563.806167,85563,18,1
1,NewOrder,1770890563.808124,67720,11,1
2,Payment,1770890563.810186,31735,8,1
1,NewOrder,1770890563.813696,93194,5,1
1,NewOrder,1770890563.814132,77431,15,1
5,StockLevel,1770890563.814272,63288,9,1
4,Delivery,1770890563.818566,103317,19,1
1,NewOrder,1770890563.818680,74712,16,1
3,OrderStatus,1770890563.819110,18518,2,1
1,NewOrder,1770890563.824910,65661,6,1
1,NewOrder,1770890563.825728,61913,21,1
2,Payment,1770890563.825843,16124,3,1
1,NewOrder,1770890563.834930,50460,12,1
2,Payment,1770890563.837651,19969,2,1
1,NewOrder,1770890563.841426,76920,4,1
4,Delivery,1770890563.841945,129291,8,1
2,Payment,1770890563.841977,18381,3,1
2,Payment,1770890563.848165,29989,20,1
2,Payment,1770890563.848662,31167,10,1
2,Payment,1770890563.848790,20436,14,1
1,NewOrder,1770890563.857647,60666,2,1
2,Payment,1770890563.858672,21228,13,1
1,NewOrder,1770890563.860380,44248,3,1
1,NewOrder,1770890563.864795,59113,7,1
2,Payment,1770890563.868701,18177,22,1
1,NewOrder,1770890563.869250,72352,14,1
1,NewOrder,1770890563.875870,88868,11,1
2,Payment,1770890563.877586,18895,9,1
1,NewOrder,1770890563.878178,81767,20,1
1,NewOrder,1770890563.879845,74802,10,1
2,Payment,1770890563.879923,18135,13,1
1,NewOrder,1770890563.884835,64798,0,1
1,NewOrder,1770890563.885407,71061,12,1
2,Payment,1770890563.886889,22582,22,1
1,NewOrder,1770890563.887661,88718,21,1
4,Delivery,1770890563.888272,277538,17,1
2,Payment,1770890563.889180,24696,23,1
2,Payment,1770890563.890593,37245,6,1
1,NewOrder,1770890563.891588,84897,15,1
2,Payment,1770890563.891753,25251,18,1
1,NewOrder,1770890563.893406,67535,16,1
1,NewOrder,1770890563.895139,81184,1,1
1,NewOrder,1770890563.896502,76929,9,1
2,Payment,1770890563.898082,17134,13,1
1,NewOrder,1770890563.904653,71826,3,1
1,NewOrder,1770890563.906910,64901,5,1
2,Payment,1770890563.909494,23218,22,1
2,Payment,1770890563.913902,26482,23,1
1,NewOrder,1770890563.915234,71344,13,1
4,Delivery,1770890563.917025,8217,18,1
1,NewOrder,1770890563.918328,55610,2,1
2,Payment,1770890563.918369,23002,4,1
4,Delivery,1770890563.921898,93220,19,1
2,Payment,1770890563.923933,24271,7,1
1,NewOrder,1770890563.925262,62057,18,1
1,NewOrder,1770890563.927856,83147,6,1
2,Payment,1770890563.932736,17425,22,1
5,StockLevel,1770890563.940409,34489,23,1
3,OrderStatus,1770890563.941385,18997,4,1
1,NewOrder,1770890563.941624,68853,14,1
1,NewOrder,1770890563.948228,83359,7,1
2,Payment,1770890563.949652,17182,0,1
4,Delivery,1770890563.950184,65591,22,1
2,Payment,1770890563.954670,24591,10,1
1,NewOrder,1770890563.956491,40434,12,1
2,Payment,1770890563.959974,15823,20,1
2,Payment,1770890563.960407,26836,4,1
2,Payment,1770890563.960958,15567,16,1
1,NewOrder,1770890563.964761,66772,11,1
2,Payment,1770890563.966857,17347,0,1
1,NewOrder,1770890563.971258,86335,8,1
4,Delivery,1770890563.971835,142613,5,1
1,NewOrder,1770890563.973454,64634,9,1
1,NewOrder,1770890563.973950,85889,2,1
2,Payment,1770890563.974922,19273,23,1
1,NewOrder,1770890563.975821,62132,20,1
1,NewOrder,1770890563.976347,72732,1,1
2,Payment,1770890563.976404,28664,21,1
1,NewOrder,1770890563.976501,46679,3,1
2,Payment,1770890563.976512,18876,15,1
2,Payment,1770890563.976541,15358,16,1
2,Payment,1770890563.979289,26299,10,1
5,StockLevel,1770890563.984228,38077,0,1
4,Delivery,1770890563.986600,180067,13,1
2,Payment,1770890563.987265,19147,4,1
2,Payment,1770890563.987343,21553,18,1
1,NewOrder,1770890563.991923,53814,16,1
1,NewOrder,1770890563.994222,63463,23,1
2,Payment,1770890563.995410,17766,15,1
2,Payment,1770890563.996952,19872,12,1
2,Payment,1770890564.005096,19792,21,1
2,Payment,1770890564.005612,23286,10,1
2,Payment,1770890564.006434,26693,4,1
1,NewOrder,1770890564.008921,69943,18,1
2,Payment,1770890564.010500,23504,14,1
1,NewOrder,1770890564.011026,52607,6,1
2,Payment,1770890564.013200,25557,15,1
2,Payment,1770890564.015141,15718,19,1
2,Payment,1770890564.015799,18570,22,1
1,NewOrder,1770890564.016844,40599,12,1
1,NewOrder,1770890564.022328,69082,0,1
2,Payment,1770890564.023203,18886,3,1
1,NewOrder,1770890564.024912,43154,21,1
1,NewOrder,1770890564.028921,89625,10,1
2,Payment,1770890564.030879,18031,19,1
1,NewOrder,1770890564.031555,84226,11,1
2,Payment,1770890564.031611,15959,7,1
1,NewOrder,1770890564.033148,70222,4,1
2,Payment,1770890564.034026,21732,14,1
1,NewOrder,1770890564.034380,62529,22,1
2,Payment,1770890564.037974,20187,20,1
5,StockLevel,1770890564.038111,32398,9,1
3,OrderStatus,1770890564.038781,12802,15,1
2,Payment,1770890564.042114,15290,3,1
2,Payment,1770890564.045759,14791,16,1
2,Payment,1770890564.047588,12499,7,1
2,Payment,1770890564.048938,19183,19,1
1,NewOrder,1770890564.049111,41262,1,1
1,NewOrder,1770890564.051606,65832,15,1
2,Payment,1770890564.055782,18719,14,1
1,NewOrder,1770890564.057431,79628,3,1
2,Payment,1770890564.057472,22153,12,1
1,NewOrder,1770890564.057610,38442,8,1
3,OrderStatus,1770890564.057714,18568,23,1
1,NewOrder,1770890564.058201,53917,20,1
1,NewOrder,1770890564.059865,53933,2,1
5,StockLevel,1770890564.060114,63373,7,1
2,Payment,1770890564.060572,22882,16,1
2,Payment,1770890564.063656,30218,6,1
2,Payment,1770890564.068088,16334,21,1
2,Payment,1770890564.068145,11516,19,1
1,NewOrder,1770890564.070535,47693,9,1
3,OrderStatus,1770890564.074523,23351,14,1
1,NewOrder,1770890564.076299,51920,23,1
4,Delivery,1770890564.078886,37056,18,1
2,Payment,1770890564.079648,19979,12,1
1,NewOrder,1770890564.079685,46545,19,1
2,Payment,1770890564.083475,21097,16,1
1,NewOrder,1770890564.084445,43996,21,1
2,Payment,1770890564.090396,16936,1,1
3,OrderStatus,1770890564.091432,16057,0,1
2,Payment,1770890564.093896,37170,6,1
1,NewOrder,1770890564.096071,34829,8,1
1,NewOrder,1770890564.096932,41098,22,1
2,Payment,1770890564.097888,16670,14,1
2,Payment,1770890564.099640,18912,12,1
2,Payment,1770890564.103391,28219,4,1
4,Delivery,1770890564.104583,61980,16,1
1,NewOrder,1770890564.107361,63969,1,1
2,Payment,1770890564.107514,20442,0,1
1,NewOrder,1770890564.112143,58376,20,1
1,NewOrder,1770890564.113822,57464,2,1
1,NewOrder,1770890564.114473,90288,5,1
1,NewOrder,1770890564.114567,45267,14,1
1,NewOrder,1770890564.115802,36234,11,1
5,StockLevel,1770890564.115960,53221,18,1
2,Payment,1770890564.117456,13307,15,1
2,Payment,1770890564.118245,15823,9,1
2,Payment,1770890564.118570,19009,10,1
1,NewOrder,1770890564.118578,40852,12,1
1,NewOrder,1770890564.123510,32938,7,1
4,Delivery,1770890564.126252,80846,19,1
2,Payment,1770890564.127984,18512,0,1
2,Payment,1770890564.128243,13932,23,1
2,Payment,1770890564.128466,17894,21,1
2,Payment,1770890564.130786,13680,15,1
1,NewOrder,1770890564.130924,81805,8,1
2,Payment,1770890564.131091,24509,6,1
2,Payment,1770890564.131632,18290,4,1
1,NewOrder,1770890564.134086,55184,9,1
2,Payment,1770890564.137084,28078,3,1
2,Payment,1770890564.137601,28223,10,1
1,NewOrder,1770890564.138055,84565,22,1
2,Payment,1770890564.142198,17752,23,1
2,Payment,1770890564.144490,15047,15,1
2,Payment,1770890564.146383,10139,21,1
2,Payment,1770890564.146519,21669,0,1
2,Payment,1770890564.149945,22023,4,1
1,NewOrder,1770890564.152058,80439,11,1
1,NewOrder,1770890564.155623,86831,6,1
2,Payment,1770890564.156472,18843,7,1
2,Payment,1770890564.156546,20426,21,1
1,NewOrder,1770890564.159458,63741,12,1
1,NewOrder,1770890564.159565,75779,15,1
3,OrderStatus,1770890564.159863,18280,14,1
2,Payment,1770890564.159974,26135,23,1
1,NewOrder,1770890564.165185,73714,3,1
1,NewOrder,1770890564.165829,75374,17,1
2,Payment,1770890564.165849,32055,10,1
2,Payment,1770890564.166583,7086,16,1
1,NewOrder,1770890564.166686,67429,13,1
4,Delivery,1770890564.168211,38995,0,1
1,NewOrder,1770890564.169192,67162,18,1
1,NewOrder,1770890564.170542,49465,20,1
2,Payment,1770890564.171309,19492,2,1
2,Payment,1770890564.171347,15262,1,1
1,NewOrder,1770890564.171994,79279,4,1
1,NewOrder,1770890564.173691,54525,16,1
2,Payment,1770890564.175338,19491,7,1
2,Payment,1770890564.176996,18532,21,1
2,Payment,1770890564.178166,17308,14,1
1,NewOrder,1770890564.186132,50283,23,1
2,Payment,1770890564.186629,21323,1,1
1,NewOrder,1770890564.189293,43876,9,1
1,NewOrder,1770890564.190824,59289,2,1
2,Payment,1770890564.194851,20354,7,1
2,Payment,1770890564.195502,18962,14,1
1,NewOrder,1770890564.195554,73932,21,1
1,NewOrder,1770890564.197920,49261,10,1
1,NewOrder,1770890564.204784,44593,5,1
2,Payment,1770890564.207120,16873,19,1
1,NewOrder,1770890564.207227,58146,0,1
2,Payment,1770890564.207975,15952,1,1
2,Payment,1770890564.212753,20461,8,1
1,NewOrder,1770890564.214481,47506,14,1
1,NewOrder,1770890564.215231,65858,7,1
1,NewOrder,1770890564.220030,39596,20,1
1,NewOrder,1770890564.222643,66433,22,1
1,NewOrder,1770890564.223222,68864,12,1
1,NewOrder,1770890564.223950,49905,1,1
2,Payment,1770890564.224017,18480,19,1
1,NewOrder,1770890564.228240,84309,16,1
4,Delivery,1770890564.232522,145602,11,1
1,NewOrder,1770890564.233193,82255,9,1
1,NewOrder,1770890564.233235,68245,8,1
4,Delivery,1770890564.234140,110809,13,1
1,NewOrder,1770890564.235369,65514,15,1
1,NewOrder,1770890564.236378,60447,18,1
1,NewOrder,1770890564.236428,59048,23,1
2,Payment,1770890564.238924,20535,3,1
1,NewOrder,1770890564.241224,39913,17,1
2,Payment,1770890564.242477,20612,6,1
2,Payment,1770890564.242521,15239,19,1
5,StockLevel,1770890564.247204,59371,10,1
2,Payment,1770890564.249390,22928,5,1
4,Delivery,1770890564.250137,163260,2,1
2,Payment,1770890564.251297,29800,4,1
1,NewOrder,1770890564.257783,61334,19,1
1,NewOrder,1770890564.259482,58085,3,1
2,Payment,1770890564.259646,26545,20,1
2,Payment,1770890564.262015,18504,14,1
1,NewOrder,1770890564.263112,74002,6,1
3,OrderStatus,1770890564.265396,19480,0,1
2,Payment,1770890564.269509,26553,21,1
1,NewOrder,1770890564.272339,68940,5,1
2,Payment,1770890564.273897,14455,1,1
2,Payment,1770890564.280542,15459,14,1
1,NewOrder,1770890564.281112,86097,7,1
1,NewOrder,1770890564.281122,92940,4,1
3,OrderStatus,1770890564.281153,22644,17,1
1,NewOrder,1770890564.284900,52276,0,1
2,Payment,1770890564.286215,15248,20,1
2,Payment,1770890564.288376,13495,1,1
2,Payment,1770890564.289097,16457,22,1
2,Payment,1770890564.292108,23522,12,1
1,NewOrder,1770890564.295500,64693,23,1
2,Payment,1770890564.296025,23771,14,1
2,Payment,1770890564.296086,29656,21,1
2,Payment,1770890564.296848,17424,18,1
2,Payment,1770890564.300907,22468,15,1
2,Payment,1770890564.301481,21188,20,1
1,NewOrder,1770890564.301506,55609,8,1
2,Payment,1770890564.301895,16575,1,1
1,NewOrder,1770890564.303819,50137,17,1
1,NewOrder,1770890564.305570,87571,22,1
1,NewOrder,1770890564.306596,62879,10,1
2,Payment,1770890564.312573,28274,16,1
1,NewOrder,1770890564.314295,68129,18,1
2,Payment,1770890564.315468,29060,9,1
2,Payment,1770890564.315642,20795,12,1
2,Payment,1770890564.317584,23372,3,1
2,Payment,1770890564.318492,18405,1,1
4,Delivery,1770890564.319140,56250,19,1
1,NewOrder,1770890564.319809,41004,14,1
5,StockLevel,1770890564.322690,59814,20,1
1,NewOrder,1770890564.323395,64900,15,1
2,Payment,1770890564.325762,14396,21,1
2,Payment,1770890564.336458,19617,12,1
2,Payment,1770890564.336918,22213,1,1
2,Payment,1770890564.337127,19563,6,1
1,NewOrder,1770890564.337196,66855,0,1
2,Payment,1770890564.340179,20137,21,1
5,StockLevel,1770890564.340869,53563,16,1
2,Payment,1770890564.340977,28308,3,1
1,NewOrder,1770890564.341293,53054,5,1
5,StockLevel,1770890564.344550,31633,9,1
5,StockLevel,1770890564.344968,36230,13,1
1,NewOrder,1770890564.353978,84307,17,1
5,StockLevel,1770890564.356096,46260,12,1
1,NewOrder,1770890564.356705,56512,6,1
2,Payment,1770890564.357124,20716,8,1
1,NewOrder,1770890564.359153,78224,1,1
1,NewOrder,1770890564.360215,78605,23,1
1,NewOrder,1770890564.360338,42966,21,1
4,Delivery,1770890564.360835,81950,14,1
2,Payment,1770890564.367231,15848,7,1
2,Payment,1770890564.369308,6971,3,1
2,Payment,1770890564.369498,43544,10,1
2,Payment,1770890564.374084,18125,4,1
1,NewOrder,1770890564.375408,76296,19,1
2,Payment,1770890564.376192,30172,9,1
1,NewOrder,1770890564.376302,77796,3,1
1,NewOrder,1770890564.377853,41702,8,1
1,NewOrder,1770890564.378146,83101,11,1
3,OrderStatus,1770890564.381209,19947,13,1
1,NewOrder,1770890564.382445,78373,18,1
2,Payment,1770890564.382525,16571,20,1
1,NewOrder,1770890564.383101,51957,7,1
1,NewOrder,1770890564.388318,66663,15,1
1,NewOrder,1770890564.392231,85564,4,1
3,OrderStatus,1770890564.393165,18751,22,1
2,Payment,1770890564.394369,20479,5,1
2,Payment,1770890564.394451,17983,16,1
1,NewOrder,1770890564.399119,45666,20,1
2,Payment,1770890564.401174,28694,13,1
1,NewOrder,1770890564.402378,64100,12,1
1,NewOrder,1770890564.403327,77773,21,1
2,Payment,1770890564.404074,20614,0,1
1,NewOrder,1770890564.406375,42297,9,1
2,Payment,1770890564.411940,18851,22,1
2,Payment,1770890564.412455,22421,16,1
2,Payment,1770890564.413079,20726,10,1
4,Delivery,1770890564.413234,38533,6,1
3,OrderStatus,1770890564.413409,19201,2,1
1,NewOrder,1770890564.414870,75589,5,1
1,NewOrder,1770890564.419569,75554,8,1
1,NewOrder,1770890564.424711,61553,0,1
1,NewOrder,1770890564.429890,65717,13,1
2,Payment,1770890564.430811,20972,22,1
2,Payment,1770890564.432632,19177,2,1
1,NewOrder,1770890564.433828,55111,10,1
1,NewOrder,1770890564.434895,48999,16,1
1,NewOrder,1770890564.435079,65470,7,1
1,NewOrder,1770890564.437400,55289,1,1
1,NewOrder,1770890564.438308,67981,17,1
1,NewOrder,1770890564.438834,53999,23,1
2,Payment,1770890564.442808,19868,14,1
5,StockLevel,1770890564.444809,49053,20,1
1,NewOrder,1770890564.448694,45581,9,1
2,Payment,1770890564.451718,18631,19,1
1,NewOrder,1770890564.451788,40206,6,1
1,NewOrder,1770890564.451806,41072,22,1
1,NewOrder,1770890564.451821,44474,2,1
5,StockLevel,1770890564.454121,38849,3,1
1,NewOrder,1770890564.454991,50398,15,1
2,Payment,1770890564.460842,13865,18,1
2,Payment,1770890564.461260,30741,11,1
1,NewOrder,1770890564.462699,55377,14,1
2,Payment,1770890564.466501,19244,12,1
2,Payment,1770890564.470366,25288,19,1
1,NewOrder,1770890564.474728,56307,18,1
2,Payment,1770890564.477817,17102,4,1
1,NewOrder,1770890564.481122,48708,21,1
2,Payment,1770890564.483909,18084,16,1
2,Payment,1770890564.485767,13167,12,1
1,NewOrder,1770890564.486285,68917,0,1
2,Payment,1770890564.488956,17503,10,1
2,Payment,1770890564.490481,15773,5,1
1,NewOrder,1770890564.492017,41569,6,1
2,Payment,1770890564.492025,18080,11,1
2,Payment,1770890564.492711,25665,1,1
1,NewOrder,1770890564.492855,86520,23,1
1,NewOrder,1770890564.492900,111887,22,1
2,Payment,1770890564.492993,31454,3,1
1,NewOrder,1770890564.493885,61417,20,1
1,NewOrder,1770890564.494298,70927,9,1
2,Payment,1770890564.494932,20173,4,1
1,NewOrder,1770890564.495146,78635,8,1
2,Payment,1770890564.495623,17283,13,1
3,OrderStatus,1770890564.495668,22754,19,1
1,NewOrder,1770890564.496318,57709,2,1
2,Payment,1770890564.498950,26003,12,1
1,NewOrder,1770890564.500571,53156,7,1
2,Payment,1770890564.502014,15395,16,1
2,Payment,1770890564.505410,25115,15,1
2,Payment,1770890564.506277,21494,5,1
2,Payment,1770890564.506312,27820,17,1
1,NewOrder,1770890564.506482,48604,10,1
1,NewOrder,1770890564.510131,71276,11,1
5,StockLevel,1770890564.512929,55999,13,1
2,Payment,1770890564.515127,23378,4,1
2,Payment,1770890564.517432,37622,16,1
5,StockLevel,1770890564.518098,35162,14,1
1,NewOrder,1770890564.518399,74448,1,1
2,Payment,1770890564.518445,21283,19,1
1,NewOrder,1770890564.524468,55421,3,1
1,NewOrder,1770890564.524975,36438,12,1
2,Payment,1770890564.527792,27286,5,1
2,Payment,1770890564.529852,28652,21,1
1,NewOrder,1770890564.530548,83080,15,1
2,Payment,1770890564.531057,34745,18,1
5,StockLevel,1770890564.533607,19838,6,1
2,Payment,1770890564.534156,24903,17,1
1,NewOrder,1770890564.538547,67963,4,1
4,Delivery,1770890564.539755,45878,19,1
5,StockLevel,1770890564.553286,66940,14,1
5,StockLevel,1770890564.553471,50249,6,1
1,NewOrder,1770890564.553754,66655,7,1
1,NewOrder,1770890564.554054,83151,2,1
3,OrderStatus,1770890564.555079,16163,16,1
1,NewOrder,1770890564.555101,62247,5,1
1,NewOrder,1770890564.555110,84721,10,1
2,Payment,1770890564.555225,14630,0,1
2,Payment,1770890564.555312,21987,20,1
1,NewOrder,1770890564.558526,86140,21,1
1,NewOrder,1770890564.559081,67687,17,1
2,Payment,1770890564.561439,18462,12,1
1,NewOrder,1770890564.565249,63568,9,1
1,NewOrder,1770890564.565824,66647,18,1
1,NewOrder,1770890564.568950,45688,13,1
2,Payment,1770890564.569877,18427,0,1
3,OrderStatus,1770890564.571269,18855,16,1
2,Payment,1770890564.573813,19612,8,1
5,StockLevel,1770890564.577321,31516,20,1
1,NewOrder,1770890564.579395,41415,23,1
2,Payment,1770890564.579913,13815,3,1
4,Delivery,1770890564.579925,36117,12,1
1,NewOrder,1770890564.581427,87206,11,1
1,NewOrder,1770890564.585646,60926,19,1
2,Payment,1770890564.588326,18171,0,1
2,Payment,1770890564.590146,15766,16,1
5,StockLevel,1770890564.592873,47994,1,1
1,NewOrder,1770890564.593442,46078,8,1
1,NewOrder,1770890564.593750,61009,3,1
1,NewOrder,1770890564.603743,56024,6,1
2,Payment,1770890564.604809,14337,22,1
2,Payment,1770890564.605936,14640,16,1
4,Delivery,1770890564.606520,33707,0,1
3,OrderStatus,1770890564.606525,17744,4,1
2,Payment,1770890564.608859,19388,20,1
2,Payment,1770890564.613649,19552,15,1
2,Payment,1770890564.614661,24606,13,1
1,NewOrder,1770890564.616063,39144,12,1
2,Payment,1770890564.617371,18598,5,1
1,NewOrder,1770890564.619168,36371,22,1
2,Payment,1770890564.620249,43693,14,1
1,NewOrder,1770890564.620420,53165,7,1
2,Payment,1770890564.620601,24660,16,1
1,NewOrder,1770890564.620823,51147,23,1
4,Delivery,1770890564.624286,16716,4,1
1,NewOrder,1770890564.626791,42605,17,1
1,NewOrder,1770890564.628272,78021,20,1
2,Payment,1770890564.628843,17855,9,1
2,Payment,1770890564.632493,16278,18,1
1,NewOrder,1770890564.633224,65638,15,1
2,Payment,1770890564.635988,15358,5,1
1,NewOrder,1770890564.637227,82210,2,1
2,Payment,1770890564.639289,21534,13,1
1,NewOrder,1770890564.639544,53085,8,1
1,NewOrder,1770890564.639843,80514,10,1
2,Payment,1770890564.640250,15085,0,1
1,NewOrder,1770890564.640891,46347,1,1
5,StockLevel,1770890564.641021,50084,4,1
1,NewOrder,1770890564.644689,63982,21,1
1,NewOrder,1770890564.645286,79329,16,1
2,Payment,1770890564.646586,16731,19,1
2,Payment,1770890564.646720,17137,9,1
2,Payment,1770890564.648789,17095,18,1
2,Payment,1770890564.651363,18220,5,1
1,NewOrder,1770890564.654781,88733,3,1
2,Payment,1770890564.655230,17665,12,1
2,Payment,1770890564.655357,18113,0,1
2,Payment,1770890564.655550,18006,22,1
3,OrderStatus,1770890564.659789,24779,6,1
2,Payment,1770890564.660846,16009,13,1
2,Payment,1770890564.663342,14073,19,1
2,Payment,1770890564.663874,15282,9,1
3,OrderStatus,1770890564.663963,19197,14,1
2,Payment,1770890564.665901,23490,18,1
2,Payment,1770890564.668655,30012,11,1
1,NewOrder,1770890564.669418,88460,17,1
5,StockLevel,1770890564.669605,40826,5,1
1,NewOrder,1770890564.671993,58567,23,1
2,Payment,1770890564.672917,18437,12,1
4,Delivery,1770890564.673492,36655,0,1
1,NewOrder,1770890564.673580,53369,22,1
2,Payment,1770890564.673610,27297,7,1
1,NewOrder,1770890564.676878,53167,13,1
1,NewOrder,1770890564.677434,93354,19,1
5,StockLevel,1770890564.679181,28187,9,1
2,Payment,1770890564.683182,14780,14,1
1,NewOrder,1770890564.684590,68491,6,1
2,Payment,1770890564.687260,18473,1,1
1,NewOrder,1770890564.689413,41026,18,1
4,Delivery,1770890564.691127,20043,4,1
2,Payment,1770890564.691371,18630,12,1
4,Delivery,1770890564.692655,82213,8,1
3,OrderStatus,1770890564.697983,18631,14,1
2,Payment,1770890564.698690,18285,11,1
2,Payment,1770890564.698872,17056,15,1
2,Payment,1770890564.700930,19360,7,1
1,NewOrder,1770890564.705755,65127,1,1
2,Payment,1770890564.706307,17404,20,1
2,Payment,1770890564.707388,30412,9,1
1,NewOrder,1770890564.708696,84794,21,1
1,NewOrder,1770890564.710023,70762,12,1
1,NewOrder,1770890564.710170,73891,0,1
4,Delivery,1770890564.710443,139821,5,1
1,NewOrder,1770890564.711186,47168,4,1
2,Payment,1770890564.715950,17663,15,1
2,Payment,1770890564.716636,20534,14,1
1,NewOrder,1770890564.716986,82759,11,1
2,Payment,1770890564.719460,17196,2,1
1,NewOrder,1770890564.720313,76208,7,1
1,NewOrder,1770890564.720380,64509,10,1
1,NewOrder,1770890564.723732,61109,20,1
1,NewOrder,1770890564.724638,50221,16,1
1,NewOrder,1770890564.726974,73549,22,1
2,Payment,1770890564.730068,24042,13,1
1,NewOrder,1770890564.730462,75413,18,1
1,NewOrder,1770890564.730582,76781,23,1
5,StockLevel,1770890564.733635,45397,15,1
1,NewOrder,1770890564.736677,41692,2,1
5,StockLevel,1770890564.737187,31001,14,1
1,NewOrder,1770890564.737822,65758,9,1
2,Payment,1770890564.743536,19132,3,1
1,NewOrder,1770890564.753103,83310,6,1
4,Delivery,1770890564.754134,88172,13,1
2,Payment,1770890564.757900,18814,17,1
1,NewOrder,1770890564.758366,74786,4,1
2,Payment,1770890564.762690,15625,3,1
1,NewOrder,1770890564.768210,75807,14,1
2,Payment,1770890564.770812,22627,19,1
1,NewOrder,1770890564.770905,53639,1,1
1,NewOrder,1770890564.774882,74982,16,1
1,NewOrder,1770890564.774895,75422,8,1
1,NewOrder,1770890564.776736,56352,17,1
1,NewOrder,1770890564.778337,44818,3,1
3,OrderStatus,1770890564.778392,12802,2,1
2,Payment,1770890564.779043,13424,15,1
2,Payment,1770890564.780807,19114,12,1
2,Payment,1770890564.784082,16555,0,1
2,Payment,1770890564.784864,25689,20,1
1,NewOrder,1770890564.784911,51916,10,1
2,Payment,1770890564.791216,20355,2,1
3,OrderStatus,1770890564.792490,19255,15,1
1,NewOrder,1770890564.793465,72642,19,1
2,Payment,1770890564.793512,20382,21,1
2,Payment,1770890564.796547,19910,7,1
3,OrderStatus,1770890564.799768,19718,11,1
1,NewOrder,1770890564.799943,37127,12,1
3,OrderStatus,1770890564.800545,16611,22,1
3,OrderStatus,1770890564.800661,14204,0,1
1,NewOrder,1770890564.803602,59106,9,1
1,NewOrder,1770890564.805898,78855,18,1
1,NewOrder,1770890564.807385,50710,23,1
2,Payment,1770890564.810574,14533,20,1
2,Payment,1770890564.811593,13667,2,1
1,NewOrder,1770890564.811770,44490,15,1
1,NewOrder,1770890564.813915,78138,21,1
2,Payment,1770890564.814887,17628,0,1
1,NewOrder,1770890564.816481,78456,7,1
2,Payment,1770890564.817178,19714,22,1
1,NewOrder,1770890564.819508,46518,11,1
1,NewOrder,1770890564.823178,42361,3,1
1,NewOrder,1770890564.824566,85267,1,1
5,StockLevel,1770890564.825130,38562,20,1
1,NewOrder,1770890564.825271,67317,2,1
1,NewOrder,1770890564.832536,50409,0,1
1,NewOrder,1770890564.833099,68046,17,1
2,Payment,1770890564.833176,17091,4,1
1,NewOrder,1770890564.836437,38555,6,1
1,NewOrder,1770890564.836839,47719,10,1
1,NewOrder,1770890564.836915,72985,22,1
1,NewOrder,1770890564.837086,68988,12,1
5,StockLevel,1770890564.842333,32802,13,1
2,Payment,1770890564.844040,17111,14,1
1,NewOrder,1770890564.849889,61497,16,1
1,NewOrder,1770890564.850287,39826,5,1
2,Payment,1770890564.850294,12412,4,1
1,NewOrder,1770890564.850334,62679,8,1
2,Payment,1770890564.856281,17913,15,1
2,Payment,1770890564.858111,16804,23,1
1,NewOrder,1770890564.861174,86255,14,1
4,Delivery,1770890564.862758,129988,9,1
1,NewOrder,1770890564.862760,74334,4,1
1,NewOrder,1770890564.863709,44834,20,1
2,Payment,1770890564.865568,19218,3,1
1,NewOrder,1770890564.866037,56097,11,1
2,Payment,1770890564.866137,18468,19,1
1,NewOrder,1770890564.874219,45224,15,1
2,Payment,1770890564.874944,17895,23,1
1,NewOrder,1770890564.875024,60596,6,1
2,Payment,1770890564.875150,17643,13,1
1,NewOrder,1770890564.882977,93216,0,1
1,NewOrder,1770890564.884574,50239,10,1
1,NewOrder,1770890564.884627,87809,19,1
1,NewOrder,1770890564.884780,50753,18,1
2,Payment,1770890564.884809,15229,3,1
2,Payment,1770890564.890149,14201,5,1
1,NewOrder,1770890564.892074,84023,21,1
1,NewOrder,1770890564.892630,69743,2,1
1,NewOrder,1770890564.892819,70508,13,1
1,NewOrder,1770890564.892852,64777,23,1
1,NewOrder,1770890564.894971,58124,7,1
4,Delivery,1770890564.900060,181450,3,1
1,NewOrder,1770890564.901174,38110,17,1
2,Payment,1770890564.904373,22531,5,1
2,Payment,1770890564.906098,17828,12,1
1,NewOrder,1770890564.908566,56118,20,1
1,NewOrder,1770890564.909855,82903,1,1
2,Payment,1770890564.909927,16518,22,1
1,NewOrder,1770890564.911414,51728,16,1
2,Payment,1770890564.913039,18188,8,1
1,NewOrder,1770890564.919465,64762,15,1
2,Payment,1770890564.922157,20277,11,1
2,Payment,1770890564.923939,14234,12,1
2,Payment,1770890564.926468,17122,22,1
1,NewOrder,1770890564.926921,50176,5,1
2,Payment,1770890564.931251,23712,8,1
1,NewOrder,1770890564.934845,64933,10,1
2,Payment,1770890564.935556,16986,18,1
1,NewOrder,1770890564.935633,55275,6,1
1,NewOrder,1770890564.937118,64548,4,1
2,Payment,1770890564.938184,17415,12,1
5,StockLevel,1770890564.939307,58832,17,1
2,Payment,1770890564.942456,20454,11,1
1,NewOrder,1770890564.943611,63102,22,1
2,Payment,1770890564.947451,15725,14,1
3,OrderStatus,1770890564.952565,18339,18,1
2,Payment,1770890564.953115,13210,7,1
2,Payment,1770890564.954978,22770,8,1
1,NewOrder,1770890564.955617,72997,12,1
1,NewOrder,1770890564.957641,69338,23,1
1,NewOrder,1770890564.962396,66233,2,1
2,Payment,1770890564.962933,19539,11,1
2,Payment,1770890564.963169,21189,16,1
1,NewOrder,1770890564.963199,37863,14,1
1,NewOrder,1770890564.963350,64221,13,1
1,NewOrder,1770890564.964706,75821,20,1
2,Payment,1770890564.966348,26454,7,1
1,NewOrder,1770890564.970932,65081,18,1
3,OrderStatus,1770890564.972457,14164,19,1
2,Payment,1770890564.976120,16624,21,1
2,Payment,1770890564.976217,7623,0,1
4,Delivery,1770890564.977143,104994,5,1
1,NewOrder,1770890564.977771,70922,8,1
2,Payment,1770890564.982499,18707,11,1
2,Payment,1770890564.983864,19921,0,1
1,NewOrder,1770890564.984254,86961,15,1
1,NewOrder,1770890564.984387,54856,16,1
1,NewOrder,1770890564.986641,49278,19,1
2,Payment,1770890564.990927,28269,6,1
1,NewOrder,1770890564.992775,59850,21,1
2,Payment,1770890564.992778,22649,9,1
1,NewOrder,1770890564.992786,62068,1,1
2,Payment,1770890564.992821,29301,7,1
1,NewOrder,1770890564.998167,56108,17,1
1,NewOrder,1770890564.999801,35673,10,1
4,Delivery,1770890565.001087,62961,14,1
3,OrderStatus,1770890565.001220,16125,11,1
2,Payment,1770890565.001680,20639,4,1
5,StockLevel,1770890565.003810,35770,0,1
2,Payment,1770890565.006726,14811,22,1
2,Payment,1770890565.015451,21709,9,1
3,OrderStatus,1770890565.017368,22820,11,1
2,Payment,1770890565.019218,14125,6,1
2,Payment,1770890565.021560,14428,22,1
5,StockLevel,1770890565.022141,40456,7,1
2,Payment,1770890565.022343,19474,4,1
5,StockLevel,1770890565.027003,31880,23,1
2,Payment,1770890565.027595,17981,13,1
1,NewOrder,1770890565.028638,49214,12,1
2,Payment,1770890565.028653,17700,2,1
1,NewOrder,1770890565.033372,65763,6,1
1,NewOrder,1770890565.035502,85108,10,1
2,Payment,1770890565.035948,15742,19,1
1,NewOrder,1770890565.036005,38104,22,1
2,Payment,1770890565.036037,13112,18,1
3,OrderStatus,1770890565.037190,13250,9,1
1,NewOrder,1770890565.039271,58858,16,1
1,NewOrder,1770890565.039603,39779,0,1
1,NewOrder,1770890565.040212,64586,11,1
1,NewOrder,1770890565.040539,64977,20,1
1,NewOrder,1770890565.041828,71612,4,1
1,NewOrder,1770890565.045598,81810,13,1
1,NewOrder,1770890565.046379,43147,2,1
1,NewOrder,1770890565.048719,60118,8,1
1,NewOrder,1770890565.049172,84612,18,1
1,NewOrder,1770890565.050457,59315,9,1
2,Payment,1770890565.051712,11275,19,1
2,Payment,1770890565.052649,24112,21,1
2,Payment,1770890565.054298,28727,17,1
1,NewOrder,1770890565.054879,75622,1,1
2,Payment,1770890565.058911,23941,23,1
5,StockLevel,1770890565.062616,38521,7,1
2,Payment,1770890565.063016,22457,19,1
2,Payment,1770890565.064071,21891,14,1
1,NewOrder,1770890565.071240,46863,15,1
1,NewOrder,1770890565.074133,42837,22,1
2,Payment,1770890565.076784,20540,21,1
1,NewOrder,1770890565.077875,55340,12,1
1,NewOrder,1770890565.079410,60627,0,1
2,Payment,1770890565.081531,18863,3,1
1,NewOrder,1770890565.082156,47751,5,1
2,Payment,1770890565.082874,17950,23,1
4,Delivery,1770890565.083044,148645,17,1
1,NewOrder,1770890565.085491,43746,19,1
2,Payment,1770890565.085985,11918,14,1
1,NewOrder,1770890565.089551,86240,2,1
1,NewOrder,1770890565.097348,53442,21,1
5,StockLevel,1770890565.097928,34001,14,1
2,Payment,1770890565.098154,13076,16,1
1,NewOrder,1770890565.099151,40521,6,1
1,NewOrder,1770890565.100418,65652,3,1
1,NewOrder,1770890565.100846,60540,23,1
2,Payment,1770890565.101154,13970,7,1
2,Payment,1770890565.104823,15683,11,1
1,NewOrder,1770890565.105540,58721,20,1
1,NewOrder,1770890565.108861,58806,8,1
2,Payment,1770890565.109802,15707,9,1
2,Payment,1770890565.111253,16282,16,1
1,NewOrder,1770890565.113469,91953,4,1
1,NewOrder,1770890565.115176,100970,7,1
1,NewOrder,1770890565.116997,46694,22,1
2,Payment,1770890565.118125,18538,15,1
2,Payment,1770890565.120529,14839,11,1
2,Payment,1770890565.120634,25934,10,1
2,Payment,1770890565.125531,16991,9,1
1,NewOrder,1770890565.127437,59133,13,1
2,Payment,1770890565.127563,15515,16,1
1,NewOrder,1770890565.129255,56854,19,1
1,NewOrder,1770890565.129931,69048,5,1
4,Delivery,1770890565.130511,100094,1,1
1,NewOrder,1770890565.131952,51400,14,1
2,Payment,1770890565.133227,22358,12,1
1,NewOrder,1770890565.133807,65120,18,1
1,NewOrder,1770890565.135395,90032,11,1
2,Payment,1770890565.136685,15349,15,1
1,NewOrder,1770890565.139695,55613,6,1
1,NewOrder,1770890565.140055,55784,0,1
1,NewOrder,1770890565.142545,62276,9,1
1,NewOrder,1770890565.143100,71011,16,1
1,NewOrder,1770890565.146591,85259,10,1
1,NewOrder,1770890565.150813,47323,21,1
1,NewOrder,1770890565.152057,64140,15,1
2,Payment,1770890565.155604,27625,12,1
1,NewOrder,1770890565.161398,76055,23,1
1,NewOrder,1770890565.163716,71387,22,1
2,Payment,1770890565.164285,18348,20,1
2,Payment,1770890565.166104,20573,3,1
2,Payment,1770890565.167689,18884,8,1
2,Payment,1770890565.175818,18117,2,1
2,Payment,1770890565.182656,14823,20,1
2,Payment,1770890565.183247,14858,12,1
1,NewOrder,1770890565.183376,50314,14,1
1,NewOrder,1770890565.186131,48907,19,1
1,NewOrder,1770890565.186595,50127,13,1
1,NewOrder,1770890565.186600,50955,8,1
5,StockLevel,1770890565.186701,32848,3,1
2,Payment,1770890565.193958,14242,2,1
1,NewOrder,1770890565.195332,46685,6,1
2,Payment,1770890565.195863,14890,0,1
1,NewOrder,1770890565.197502,40758,20,1
1,NewOrder,1770890565.198116,86151,12,1
1,NewOrder,1770890565.198160,45572,21,1
1,NewOrder,1770890565.198944,63240,18,1
1,NewOrder,1770890565.199003,45500,5,1
1,NewOrder,1770890565.204843,75555,9,1
2,Payment,1770890565.205445,26129,4,1
2,Payment,1770890565.208245,26062,2,1
2,Payment,1770890565.210779,27164,0,1
1,NewOrder,1770890565.214139,76302,16,1
4,Delivery,1770890565.216183,93276,7,1
1,NewOrder,1770890565.216224,35515,15,1
1,NewOrder,1770890565.219579,75960,3,1
4,Delivery,1770890565.225451,84515,11,1
2,Payment,1770890565.230625,21869,1,1
2,Payment,1770890565.231597,23776,4,1
2,Payment,1770890565.231706,13728,17,1
2,Payment,1770890565.231873,20477,10,1
1,NewOrder,1770890565.233712,71013,14,1
3,OrderStatus,1770890565.234334,17882,2,1
1,NewOrder,1770890565.235053,62290,19,1
1,NewOrder,1770890565.235119,77434,22,1
2,Payment,1770890565.236760,12137,13,1
2,Payment,1770890565.237476,12795,23,1
1,NewOrder,1770890565.237583,70248,8,1
1,NewOrder,1770890565.237965,45181,0,1
1,NewOrder,1770890565.238284,44572,20,1
1,NewOrder,1770890565.242053,44155,6,1
2,Payment,1770890565.243760,17765,21,1
1,NewOrder,1770890565.244525,38884,5,1
1,NewOrder,1770890565.245462,53364,17,1
2,Payment,1770890565.248919,16157,13,1
1,NewOrder,1770890565.250288,53114,23,1
2,Payment,1770890565.251763,17202,15,1
2,Payment,1770890565.252238,20911,2,1
1,NewOrder,1770890565.252363,81766,10,1
2,Payment,1770890565.252518,15971,1,1
5,StockLevel,1770890565.255394,37716,4,1
1,NewOrder,1770890565.261548,57451,21,1
1,NewOrder,1770890565.262207,56048,18,1
1,NewOrder,1770890565.265099,48501,13,1
1,NewOrder,1770890565.268512,56814,1,1
2,Payment,1770890565.268987,12792,15,1
5,StockLevel,1770890565.273171,49211,2,1
2,Payment,1770890565.280422,16869,9,1
2,Payment,1770890565.281802,15449,15,1
1,NewOrder,1770890565.282879,47062,20,1
1,NewOrder,1770890565.283166,48856,0,1
2,Payment,1770890565.283434,17359,5,1
1,NewOrder,1770890565.284286,50375,12,1
1,NewOrder,1770890565.286231,45748,6,1
1,NewOrder,1770890565.290465,77072,16,1
2,Payment,1770890565.293130,21481,4,1
2,Payment,1770890565.295562,24191,3,1
2,Payment,1770890565.297275,11136,15,1
2,Payment,1770890565.297315,11042,9,1
2,Payment,1770890565.297367,12255,19,1
1,NewOrder,1770890565.298842,41924,17,1
2,Payment,1770890565.300817,21577,5,1
2,Payment,1770890565.303421,16821,23,1
1,NewOrder,1770890565.304748,58631,14,1
2,Payment,1770890565.307855,22911,8,1
2,Payment,1770890565.308368,18149,9,1
2,Payment,1770890565.308435,10565,15,1
2,Payment,1770890565.309471,27791,7,1
2,Payment,1770890565.309646,13600,19,1
2,Payment,1770890565.309984,24602,11,1
1,NewOrder,1770890565.312569,77473,22,1
2,Payment,1770890565.313623,13341,13,1
2,Payment,1770890565.314634,27006,4,1
1,NewOrder,1770890565.318278,66320,18,1
1,NewOrder,1770890565.319014,82325,15,1
1,NewOrder,1770890565.319026,45462,21,1
1,NewOrder,1770890565.319769,57729,3,1
4,Delivery,1770890565.320266,146404,23,1
1,NewOrder,1770890565.322404,39025,2,1
2,Payment,1770890565.322409,22830,5,1
1,NewOrder,1770890565.323269,81939,19,1
2,Payment,1770890565.325348,22384,1,1
1,NewOrder,1770890565.326541,49911,9,1
2,Payment,1770890565.326987,19516,13,1
4,Delivery,1770890565.329964,137568,20,1
1,NewOrder,1770890565.330788,37380,8,1
5,StockLevel,1770890565.332003,38089,6,1
1,NewOrder,1770890565.332040,62276,0,1
2,Payment,1770890565.334151,24560,10,1
2,Payment,1770890565.334601,20093,11,1
5,StockLevel,1770890565.334679,35572,12,1
5,StockLevel,1770890565.337285,29777,7,1
2,Payment,1770890565.340782,17464,17,1
1,NewOrder,1770890565.341663,83638,4,1
2,Payment,1770890565.345262,10871,5,1
2,Payment,1770890565.346526,21587,13,1
2,Payment,1770890565.347754,11495,1,1
1,NewOrder,1770890565.354717,48052,11,1
2,Payment,1770890565.356156,16189,5,1
1,NewOrder,1770890565.358268,58261,17,1
2,Payment,1770890565.358734,11271,10,1
4,Delivery,1770890565.359271,76074,1,1
2,Payment,1770890565.361453,15773,2,1
1,NewOrder,1770890565.363402,41064,14,1
2,Payment,1770890565.364511,15562,21,1
2,Payment,1770890565.367086,21678,7,1
2,Payment,1770890565.367559,13587,16,1
2,Payment,1770890565.368128,15449,13,1
2,Payment,1770890565.368192,17161,8,1
4,Delivery,1770890565.370029,118907,10,1
1,NewOrder,1770890565.370115,38214,6,1
1,NewOrder,1770890565.370265,56533,12,1
2,Payment,1770890565.372366,17518,5,1
1,NewOrder,1770890565.376475,70038,9,1
5,StockLevel,1770890565.377240,36582,2,1
2,Payment,1770890565.377508,15185,3,1
2,Payment,1770890565.380096,18318,21,1
2,Payment,1770890565.381168,23352,16,1
1,NewOrder,1770890565.383599,78246,13,1
2,Payment,1770890565.384622,18422,18,1
2,Payment,1770890565.385374,19802,8,1
1,NewOrder,1770890565.388786,53261,7,1
2,Payment,1770890565.389908,14027,5,1
1,NewOrder,1770890565.390067,44786,22,1
1,NewOrder,1770890565.392717,42615,3,1
2,Payment,1770890565.394333,31057,0,1
1,NewOrder,1770890565.398437,65749,21,1
2,Payment,1770890565.401362,16148,15,1
2,Payment,1770890565.402789,22546,11,1
4,Delivery,1770890565.403056,64196,18,1
2,Payment,1770890565.403957,23986,5,1
2,Payment,1770890565.404490,22225,14,1
4,Delivery,1770890565.404544,142624,16,1
1,NewOrder,1770890565.405200,49188,8,1
2,Payment,1770890565.405224,16679,19,1
1,NewOrder,1770890565.408352,66656,6,1
1,NewOrder,1770890565.413844,47810,2,1
1,NewOrder,1770890565.416553,58184,17,1
1,NewOrder,1770890565.417532,31038,15,1
5,StockLevel,1770890565.421926,38554,19,1
2,Payment,1770890565.425333,19732,4,1
2,Payment,1770890565.425361,19023,11,1
1,NewOrder,1770890565.425407,31693,0,1
1,NewOrder,1770890565.426732,62714,14,1
2,Payment,1770890565.426816,10409,12,1
2,Payment,1770890565.427966,35715,5,1
1,NewOrder,1770890565.434876,42591,22,1
1,NewOrder,1770890565.435346,51131,3,1
2,Payment,1770890565.435370,37653,1,1
1,NewOrder,1770890565.437248,65057,12,1
2,Payment,1770890565.442071,13643,7,1
2,Payment,1770890565.444408,19349,11,1
2,Payment,1770890565.445087,12778,4,1
4,Delivery,1770890565.446536,43403,9,1
2,Payment,1770890565.448589,16888,15,1
2,Payment,1770890565.454413,17304,8,1
2,Payment,1770890565.455733,19587,7,1
2,Payment,1770890565.457123,25203,0,1
1,NewOrder,1770890565.457889,53391,4,1
1,NewOrder,1770890565.460502,91022,19,1
3,OrderStatus,1770890565.461679,23023,2,1
1,NewOrder,1770890565.461856,48001,13,1
4,Delivery,1770890565.463706,130483,5,1
1,NewOrder,1770890565.463781,37945,11,1
1,NewOrder,1770890565.464210,65611,21,1
5,StockLevel,1770890565.465492,36413,15,1
1,NewOrder,1770890565.466691,48895,23,1
1,NewOrder,1770890565.467274,63246,18,1
2,Payment,1770890565.467551,3303,20,1
2,Payment,1770890565.470877,25193,20,1
1,NewOrder,1770890565.471740,62844,8,1
1,NewOrder,1770890565.473058,57311,1,1
2,Payment,1770890565.474753,21325,17,1
2,Payment,1770890565.475031,18115,6,1
1,NewOrder,1770890565.475332,73168,7,1
1,NewOrder,1770890565.477483,48968,22,1
4,Delivery,1770890565.482349,112440,0,1
1,NewOrder,1770890565.484726,47226,2,1
2,Payment,1770890565.486500,16671,3,1
5,StockLevel,1770890565.488958,45852,10,1
1,NewOrder,1770890565.489471,49517,14,1
3,OrderStatus,1770890565.489958,3028,9,1
2,Payment,1770890565.493007,16207,9,1
2,Payment,1770890565.493170,19545,6,1
5,StockLevel,1770890565.496093,33510,20,1
1,NewOrder,1770890565.496098,42116,17,1
1,NewOrder,1770890565.501750,44622,11,1
1,NewOrder,1770890565.501929,52579,15,1
2,Payment,1770890565.502328,23167,12,1
1,NewOrder,1770890565.503185,74057,3,1
2,Payment,1770890565.509236,19619,9,1
1,NewOrder,1770890565.509879,45162,13,1
1,NewOrder,1770890565.511302,68720,4,1
1,NewOrder,1770890565.512738,52675,6,1
2,Payment,1770890565.515609,17154,23,1
2,Payment,1770890565.525513,13339,12,1
2,Payment,1770890565.526465,16923,22,1
1,NewOrder,1770890565.528878,53618,9,1
1,NewOrder,1770890565.529626,48845,20,1
1,NewOrder,1770890565.529845,78551,21,1
1,NewOrder,1770890565.530392,38275,1,1
1,NewOrder,1770890565.530543,49578,18,1
2,Payment,1770890565.531976,13391,2,1
1,NewOrder,1770890565.532787,77039,23,1
5,StockLevel,1770890565.534606,41198,8,1
1,NewOrder,1770890565.534830,34987,10,1
1,NewOrder,1770890565.538231,70676,17,1
2,Payment,1770890565.538870,14332,12,1
4,Delivery,1770890565.539011,8870,14,1
2,Payment,1770890565.543402,17219,22,1
4,Delivery,1770890565.545389,49328,2,1
1,NewOrder,1770890565.546395,65912,11,1
1,NewOrder,1770890565.547191,55733,16,1
1,NewOrder,1770890565.547899,67198,14,1
2,Payment,1770890565.548524,14334,7,1
2,Payment,1770890565.551547,15993,19,1
3,OrderStatus,1770890565.553225,15847,12,1
2,Payment,1770890565.554529,17807,15,1
2,Payment,1770890565.555055,14825,13,1
1,NewOrder,1770890565.560644,73829,22,1
2,Payment,1770890565.562881,15515,7,1
2,Payment,1770890565.565436,17951,6,1
1,NewOrder,1770890565.567562,41462,19,1
5,StockLevel,1770890565.568692,31040,1,1
5,StockLevel,1770890565.569097,23525,12,1
2,Payment,1770890565.569839,28657,10,1
2,Payment,1770890565.569895,19886,13,1
4,Delivery,1770890565.572354,174730,15,1
2,Payment,1770890565.575828,19883,8,1
1,NewOrder,1770890565.577259,48103,3,1
2,Payment,1770890565.578417,23823,7,1
1,NewOrder,1770890565.578495,48535,20,1
1,NewOrder,1770890565.580046,64733,4,1
1,NewOrder,1770890565.580146,65797,18,1
1,NewOrder,1770890565.582511,44191,9,1
1,NewOrder,1770890565.583410,48367,6,1
2,Payment,1770890565.589801,14888,13,1
5,StockLevel,1770890565.592643,37163,12,1
1,NewOrder,1770890565.594212,44376,5,1
1,NewOrder,1770890565.594737,37156,2,1
1,NewOrder,1770890565.594809,54620,0,1
4,Delivery,1770890565.595736,70995,8,1
1,NewOrder,1770890565.598512,40706,10,1
5,StockLevel,1770890565.599742,34532,1,1
1,NewOrder,1770890565.602265,25751,7,1
4,Delivery,1770890565.602943,144732,16,1
2,Payment,1770890565.604713,15372,13,1
2,Payment,1770890565.608424,18087,21,1
5,StockLevel,1770890565.608925,40087,17,1
2,Payment,1770890565.609072,22309,19,1
4,Delivery,1770890565.609850,124422,23,1
2,Payment,1770890565.612330,17850,11,1
2,Payment,1770890565.615120,16134,14,1
2,Payment,1770890565.620107,14964,13,1
1,NewOrder,1770890565.625386,70591,3,1
3,OrderStatus,1770890565.626533,18259,21,1
1,NewOrder,1770890565.626716,53599,9,1
1,NewOrder,1770890565.627057,60794,20,1
1,NewOrder,1770890565.628031,45882,7,1
1,NewOrder,1770890565.629828,41677,12,1
1,NewOrder,1770890565.630194,46239,11,1
3,OrderStatus,1770890565.631277,18511,14,1
1,NewOrder,1770890565.631402,32038,19,1
2,Payment,1770890565.631793,14204,6,1
1,NewOrder,1770890565.631915,62958,2,1
1,NewOrder,1770890565.634303,58225,1,1
1,NewOrder,1770890565.634499,71888,22,1
1,NewOrder,1770890565.635087,45457,13,1
2,Payment,1770890565.638612,15583,5,1
1,NewOrder,1770890565.639235,66627,10,1
1,NewOrder,1770890565.644801,34209,4,1
2,Payment,1770890565.644806,18716,21,1
2,Payment,1770890565.645955,21322,18,1
2,Payment,1770890565.646016,14096,6,1
1,NewOrder,1770890565.649025,65878,17,1
2,Payment,1770890565.649453,13411,0,1
4,Delivery,1770890565.649811,98014,14,1
2,Payment,1770890565.654217,15650,5,1
2,Payment,1770890565.660135,25557,6,1
1,NewOrder,1770890565.662878,59235,0,1
2,Payment,1770890565.663450,24095,19,1
2,Payment,1770890565.663545,18755,21,1
2,Payment,1770890565.666752,21846,8,1
2,Payment,1770890565.667295,11849,18,1
3,OrderStatus,1770890565.669885,15511,5,1
2,Payment,1770890565.671529,15946,12,1
1,NewOrder,1770890565.673934,57975,7,1
1,NewOrder,1770890565.676457,44387,11,1
2,Payment,1770890565.679033,18587,4,1
1,NewOrder,1770890565.679167,56426,18,1
1,NewOrder,1770890565.680337,58596,9,1
4,Delivery,1770890565.680568,67430,13,1
1,NewOrder,1770890565.682324,39702,21,1
1,NewOrder,1770890565.685419,75227,5,1
2,Payment,1770890565.685718,16254,6,1
1,NewOrder,1770890565.687499,65633,12,1
1,NewOrder,1770890565.687567,59421,19,1
1,NewOrder,1770890565.687864,58555,20,1
1,NewOrder,1770890565.688621,55575,8,1
2,Payment,1770890565.692550,14029,1,1
2,Payment,1770890565.694895,20878,2,1
1,NewOrder,1770890565.696002,43423,3,1
2,Payment,1770890565.697643,15008,4,1
2,Payment,1770890565.701994,17041,6,1
5,StockLevel,1770890565.705883,36183,10,1
2,Payment,1770890565.706412,17891,22,1
1,NewOrder,1770890565.706600,59433,1,1
1,NewOrder,1770890565.712673,32692,4,1
4,Delivery,1770890565.714927,32944,17,1
1,NewOrder,1770890565.715796,72164,2,1
1,NewOrder,1770890565.719058,73679,6,1
1,NewOrder,1770890565.720866,64504,11,1
2,Payment,1770890565.722048,11539,21,1
1,NewOrder,1770890565.722137,50291,0,1
1,NewOrder,1770890565.724325,65808,22,1
2,Payment,1770890565.731932,11604,7,1
2,Payment,1770890565.733609,11093,21,1
1,NewOrder,1770890565.734296,76564,23,1
3,OrderStatus,1770890565.735615,12650,18,1
1,NewOrder,1770890565.738956,53950,9,1
1,NewOrder,1770890565.739448,82842,3,1
4,Delivery,1770890565.742089,117194,10,1
1,NewOrder,1770890565.743559,68912,7,1
2,Payment,1770890565.744219,22334,8,1
1,NewOrder,1770890565.744716,67140,21,1
1,NewOrder,1770890565.745373,57924,4,1
1,NewOrder,1770890565.746443,71016,20,1
1,NewOrder,1770890565.747002,48780,19,1
1,NewOrder,1770890565.747106,56734,15,1
2,Payment,1770890565.747685,2951,16,1
1,NewOrder,1770890565.747845,38620,14,1
2,Payment,1770890565.747886,6543,17,1
2,Payment,1770890565.748017,15576,13,1
2,Payment,1770890565.748276,25944,18,1
5,StockLevel,1770890565.750649,41768,16,1
2,Payment,1770890565.753153,18720,12,1
4,Delivery,1770890565.754453,156716,17,1
1,NewOrder,1770890565.760667,55618,5,1
2,Payment,1770890565.763617,14121,13,1
2,Payment,1770890565.766057,20526,1,1
2,Payment,1770890565.766576,20001,8,1
1,NewOrder,1770890565.771897,60446,12,1
4,Delivery,1770890565.772452,31330,0,1
5,StockLevel,1770890565.774243,44740,18,1
5,StockLevel,1770890565.777760,32637,13,1
5,StockLevel,1770890565.785394,51700,11,1
1,NewOrder,1770890565.786489,47464,14,1
2,Payment,1770890565.786601,17226,8,1
2,Payment,1770890565.786607,18940,1,1
1,NewOrder,1770890565.787976,78770,2,1
2,Payment,1770890565.790156,17493,22,1
5,StockLevel,1770890565.792432,38332,16,1
2,Payment,1770890565.792760,21235,6,1
5,StockLevel,1770890565.792917,33413,9,1
1,NewOrder,1770890565.795805,54005,19,1
2,Payment,1770890565.803321,14124,4,1
1,NewOrder,1770890565.803806,76000,0,1
2,Payment,1770890565.803842,21747,8,1
2,Payment,1770890565.803864,9302,15,1
5,StockLevel,1770890565.805569,38986,1,1
1,NewOrder,1770890565.807672,70812,22,1
5,StockLevel,1770890565.810419,30512,13,1
1,NewOrder,1770890565.810883,40018,23,1
2,Payment,1770890565.811878,24225,21,1
2,Payment,1770890565.812494,17676,7,1
2,Payment,1770890565.813189,19818,15,1
1,NewOrder,1770890565.814018,50425,6,1
1,NewOrder,1770890565.816308,75882,5,1
1,NewOrder,1770890565.817466,40036,4,1
2,Payment,1770890565.817483,23122,20,1
1,NewOrder,1770890565.819004,48641,18,1
2,Payment,1770890565.822313,24402,3,1
1,NewOrder,1770890565.825612,69918,8,1
2,Payment,1770890565.826352,15881,9,1
2,Payment,1770890565.830191,14602,7,1
1,NewOrder,1770890565.830787,61432,16,1
1,NewOrder,1770890565.832365,44708,12,1
2,Payment,1770890565.833029,9514,15,1
2,Payment,1770890565.833977,17898,14,1
1,NewOrder,1770890565.836126,57114,21,1
2,Payment,1770890565.837118,26715,11,1
1,NewOrder,1770890565.840628,37807,20,1
1,NewOrder,1770890565.840953,111708,13,1
2,Payment,1770890565.842257,38138,9,1
2,Payment,1770890565.842566,13013,15,1
2,Payment,1770890565.844577,19871,1,1
2,Payment,1770890565.844815,30959,7,1
4,Delivery,1770890565.846740,119952,3,1
1,NewOrder,1770890565.849830,48903,19,1
2,Payment,1770890565.850925,14758,23,1
4,Delivery,1770890565.851898,59941,14,1
1,NewOrder,1770890565.855601,69006,15,1
2,Payment,1770890565.857524,22966,4,1
2,Payment,1770890565.859306,24148,10,1
2,Payment,1770890565.863857,36415,11,1
2,Payment,1770890565.864466,21460,6,1
1,NewOrder,1770890565.864473,51051,1,1
2,Payment,1770890565.865706,25032,23,1
2,Payment,1770890565.866769,17417,2,1
4,Delivery,1770890565.867670,25446,18,1
1,NewOrder,1770890565.875797,46707,7,1
2,Payment,1770890565.877096,17916,12,1
1,NewOrder,1770890565.878456,70163,20,1
1,NewOrder,1770890565.878507,53243,22,1
1,NewOrder,1770890565.879829,36315,0,1
2,Payment,1770890565.880419,22685,9,1
2,Payment,1770890565.880513,12672,4,1
2,Payment,1770890565.883476,14223,10,1
2,Payment,1770890565.884210,15409,2,1
2,Payment,1770890565.885940,22713,6,1
2,Payment,1770890565.890762,13648,23,1
2,Payment,1770890565.892214,19960,5,1
1,NewOrder,1770890565.892242,48740,16,1
1,NewOrder,1770890565.893139,42322,18,1
2,Payment,1770890565.893207,14437,4,1
3,OrderStatus,1770890565.893253,14033,21,1
2,Payment,1770890565.895035,13818,12,1
2,Payment,1770890565.895551,36831,8,1
1,NewOrder,1770890565.897722,84728,10,1
2,Payment,1770890565.898756,15514,19,1
2,Payment,1770890565.899642,19329,2,1
2,Payment,1770890565.900295,15337,11,1
1,NewOrder,1770890565.903117,48938,9,1
1,NewOrder,1770890565.904437,79887,23,1
2,Payment,1770890565.907308,12729,21,1
1,NewOrder,1770890565.907668,40279,4,1
2,Payment,1770890565.908677,16530,6,1
2,Payment,1770890565.908875,16165,12,1
2,Payment,1770890565.911191,21134,17,1
2,Payment,1770890565.911860,24197,14,1
1,NewOrder,1770890565.912186,70730,5,1
2,Payment,1770890565.914293,18219,19,1
1,NewOrder,1770890565.915547,58263,1,1
1,NewOrder,1770890565.915655,66629,11,1
1,NewOrder,1770890565.916163,48205,0,1
2,Payment,1770890565.918993,17192,2,1
2,Payment,1770890565.920060,18467,21,1
1,NewOrder,1770890565.922527,50581,7,1
1,NewOrder,1770890565.924633,60327,15,1
1,NewOrder,1770890565.925075,53796,12,1
5,StockLevel,1770890565.925232,36308,6,1
1,NewOrder,1770890565.931771,59857,22,1
2,Payment,1770890565.932340,10870,17,1
1,NewOrder,1770890565.932405,69483,8,1
2,Payment,1770890565.932537,16724,19,1
2,Payment,1770890565.935485,17010,18,1
2,Payment,1770890565.936085,12643,14,1
2,Payment,1770890565.936223,12333,2,1
5,StockLevel,1770890565.938551,45630,21,1
1,NewOrder,1770890565.941009,82930,16,1
3,OrderStatus,1770890565.943233,18623,17,1
2,Payment,1770890565.947972,19833,4,1
1,NewOrder,1770890565.948579,47835,2,1
1,NewOrder,1770890565.948643,57051,20,1
1,NewOrder,1770890565.948753,51861,14,1
3,OrderStatus,1770890565.949284,16115,19,1
2,Payment,1770890565.952077,16709,9,1
1,NewOrder,1770890565.952506,69165,18,1
5,StockLevel,1770890565.952686,29065,13,1
1,NewOrder,1770890565.961562,43890,6,1
2,Payment,1770890565.961879,17672,17,1
2,Payment,1770890565.964394,16858,0,1
1,NewOrder,1770890565.965422,77518,19,1
2,Payment,1770890565.966714,18485,3,1
2,Payment,1770890565.967829,20227,4,1
2,Payment,1770890565.968813,13905,9,1
1,NewOrder,1770890565.973131,60565,7,1
5,StockLevel,1770890565.973837,28728,1,1
2,Payment,1770890565.978895,16104,12,1
2,Payment,1770890565.979575,19143,17,1
1,NewOrder,1770890565.981279,71363,0,1
1,NewOrder,1770890565.981779,69365,13,1
1,NewOrder,1770890565.982305,58974,11,1
1,NewOrder,1770890565.982472,49713,10,1
1,NewOrder,1770890565.982741,64392,9,1
3,OrderStatus,1770890565.982940,15733,5,1
2,Payment,1770890565.984202,21078,21,1
2,Payment,1770890565.984348,17279,23,1
2,Payment,1770890565.984982,25398,15,1
1,NewOrder,1770890565.985217,73745,3,1
2,Payment,1770890565.988082,16294,4,1
1,NewOrder,1770890565.991651,67316,22,1
1,NewOrder,1770890565.995023,52174,12,1
2,Payment,1770890565.996438,16455,2,1
1,NewOrder,1770890565.998695,47218,5,1
2,Payment,1770890565.998741,15615,17,1
1,NewOrder,1770890566.000641,66774,14,1
1,NewOrder,1770890566.001651,78165,23,1
1,NewOrder,1770890566.001911,56540,8,1
1,NewOrder,1770890566.002579,81020,1,1
1,NewOrder,1770890566.004399,72340,4,1
2,Payment,1770890566.005302,17016,21,1
2,Payment,1770890566.005476,16811,6,1
4,Delivery,1770890566.005718,155617,20,1
1,NewOrder,1770890566.010402,48499,15,1
1,NewOrder,1770890566.012914,70114,2,1
1,NewOrder,1770890566.014379,45860,17,1
1,NewOrder,1770890566.021694,65761,18,1
2,Payment,1770890566.022298,13977,6,1
1,NewOrder,1770890566.022340,70023,21,1
1,NewOrder,1770890566.023960,87171,16,1
2,Payment,1770890566.032211,17126,10,1
2,Payment,1770890566.033719,38532,7,1
2,Payment,1770890566.036298,32836,6,1
1,NewOrder,1770890566.041302,68525,11,1
1,NewOrder,1770890566.042962,69879,19,1
1,NewOrder,1770890566.045934,66024,5,1
2,Payment,1770890566.047152,27604,9,1
5,StockLevel,1770890566.047221,30052,12,1
2,Payment,1770890566.049360,45262,10,1
1,NewOrder,1770890566.051171,59810,13,1
4,Delivery,1770890566.052670,28546,0,1
1,NewOrder,1770890566.058473,67115,8,1
1,NewOrder,1770890566.058915,68447,15,1
5,StockLevel,1770890566.058988,32572,3,1
1,NewOrder,1770890566.058995,52385,22,1
4,Delivery,1770890566.060262,144320,17,1
1,NewOrder,1770890566.067438,32735,14,1
2,Payment,1770890566.069157,28144,6,1
2,Payment,1770890566.072272,18631,7,1
1,NewOrder,1770890566.074777,77876,9,1
4,Delivery,1770890566.076758,6811,4,1
2,Payment,1770890566.077298,14429,12,1
1,NewOrder,1770890566.079839,86335,23,1
1,NewOrder,1770890566.081237,81410,0,1
1,NewOrder,1770890566.083043,56714,2,1
2,Payment,1770890566.083583,20392,4,1
2,Payment,1770890566.083623,17035,1,1
3,OrderStatus,1770890566.087479,17921,18,1
2,Payment,1770890566.090924,28265,7,1
2,Payment,1770890566.091584,27613,3,1
2,Payment,1770890566.091742,17224,12,1
2,Payment,1770890566.092385,25986,21,1
1,NewOrder,1770890566.094640,67538,10,1
1,NewOrder,1770890566.097321,38038,6,1
1,NewOrder,1770890566.100196,59860,14,1
1,NewOrder,1770890566.100672,60053,1,1
1,NewOrder,1770890566.103997,52312,4,1
1,NewOrder,1770890566.105424,55249,18,1
1,NewOrder,1770890566.108989,64608,12,1
1,NewOrder,1770890566.109849,77088,11,1
2,Payment,1770890566.111001,13278,13,1
2,Payment,1770890566.111152,16818,16,1
2,Payment,1770890566.111404,17988,22,1
5,StockLevel,1770890566.111982,38207,5,1
1,NewOrder,1770890566.112856,38938,19,1
2,Payment,1770890566.118392,15798,21,1
2,Payment,1770890566.119211,15733,7,1
1,NewOrder,1770890566.119222,40019,3,1
1,NewOrder,1770890566.124300,78197,13,1
1,NewOrder,1770890566.125604,87131,8,1
1,NewOrder,1770890566.127374,65507,15,1
2,Payment,1770890566.127978,16412,16,1
2,Payment,1770890566.129416,20582,22,1
2,Payment,1770890566.134216,17963,21,1
1,NewOrder,1770890566.134966,38644,7,1
3,OrderStatus,1770890566.135371,18534,6,1
5,StockLevel,1770890566.139778,33117,2,1
1,NewOrder,1770890566.144414,43741,16,1
1,NewOrder,1770890566.150022,50063,22,1
2,Payment,1770890566.150212,22788,5,1
1,NewOrder,1770890566.151815,60361,19,1
2,Payment,1770890566.152202,14423,21,1
1,NewOrder,1770890566.152677,57737,9,1
1,NewOrder,1770890566.153926,51000,6,1
2,Payment,1770890566.156321,21396,4,1
1,NewOrder,1770890566.159265,76156,3,1
2,Payment,1770890566.160078,13526,14,1
2,Payment,1770890566.160697,15479,18,1
2,Payment,1770890566.160750,20041,1,1
1,NewOrder,1770890566.161353,68005,20,1
1,NewOrder,1770890566.162201,38861,10,1
1,NewOrder,1770890566.162670,41727,0,1
3,OrderStatus,1770890566.166197,19852,23,1
1,NewOrder,1770890566.166647,43064,21,1
3,OrderStatus,1770890566.172918,18097,2,1
2,Payment,1770890566.173021,20713,5,1
2,Payment,1770890566.173621,20131,12,1
1,NewOrder,1770890566.173629,44127,14,1
1,NewOrder,1770890566.173635,75208,7,1
1,NewOrder,1770890566.176199,90191,18,1
1,NewOrder,1770890566.177732,88130,4,1
4,Delivery,1770890566.180813,68569,1,1
1,NewOrder,1770890566.186072,46026,23,1
2,Payment,1770890566.186961,15669,11,1
1,NewOrder,1770890566.188182,49641,16,1
4,Delivery,1770890566.191038,58859,2,1
2,Payment,1770890566.192904,19838,15,1
3,OrderStatus,1770890566.193749,18147,5,1
5,StockLevel,1770890566.193777,24358,12,1
2,Payment,1770890566.200109,14906,22,1
2,Payment,1770890566.201085,38980,10,1
1,NewOrder,1770890566.202519,85196,13,1
2,Payment,1770890566.202655,14580,11,1
1,NewOrder,1770890566.204415,73476,0,1
2,Payment,1770890566.204607,13339,17,1
1,NewOrder,1770890566.204939,40293,6,1
4,Delivery,1770890566.209734,158090,21,1
2,Payment,1770890566.210435,22795,9,1
2,Payment,1770890566.211918,10931,5,1
1,NewOrder,1770890566.212197,92833,19,1
2,Payment,1770890566.212759,30000,8,1
2,Payment,1770890566.212767,17700,15,1
1,NewOrder,1770890566.215037,55899,22,1
1,NewOrder,1770890566.217258,87588,11,1
2,Payment,1770890566.217778,16073,14,1
1,NewOrder,1770890566.217969,105235,17,1
1,NewOrder,1770890566.218158,64514,12,1
1,NewOrder,1770890566.222873,48479,5,1
1,NewOrder,1770890566.229381,78606,20,1
1,NewOrder,1770890566.230490,74579,15,1
2,Payment,1770890566.232119,16081,23,1
3,OrderStatus,1770890566.233253,18041,9,1
2,Payment,1770890566.233872,31958,14,1
2,Payment,1770890566.235446,30678,3,1
1,NewOrder,1770890566.237847,75102,16,1
2,Payment,1770890566.240102,29845,10,1
1,NewOrder,1770890566.242786,87681,8,1
5,StockLevel,1770890566.245256,37539,6,1
1,NewOrder,1770890566.248223,79926,23,1
2,Payment,1770890566.248864,26344,7,1
2,Payment,1770890566.249406,33201,1,1
2,Payment,1770890566.249917,28586,2,1
1,NewOrder,1770890566.251313,56700,9,1
2,Payment,1770890566.265854,16306,14,1
2,Payment,1770890566.265885,19603,4,1
1,NewOrder,1770890566.266145,38680,3,1
5,StockLevel,1770890566.266399,26112,18,1
2,Payment,1770890566.269970,18818,10,1
2,Payment,1770890566.270959,17263,22,1
1,NewOrder,1770890566.271375,40482,5,1
2,Payment,1770890566.275231,21202,7,1
2,Payment,1770890566.277914,26199,0,1
1,NewOrder,1770890566.278524,41867,2,1
4,Delivery,1770890566.282181,51764,14,1
2,Payment,1770890566.282625,12044,1,1
2,Payment,1770890566.282696,17754,12,1
1,NewOrder,1770890566.282816,60938,6,1
1,NewOrder,1770890566.285508,53099,4,1
2,Payment,1770890566.287731,19700,13,1
4,Delivery,1770890566.288235,80240,22,1
2,Payment,1770890566.288816,34097,10,1
1,NewOrder,1770890566.292534,78705,18,1
1,NewOrder,1770890566.294697,75924,1,1
2,Payment,1770890566.296461,28990,7,1
1,NewOrder,1770890566.300472,60468,12,1
1,NewOrder,1770890566.304136,59946,0,1
1,NewOrder,1770890566.304853,36593,3,1
2,Payment,1770890566.304874,26180,11,1
1,NewOrder,1770890566.305043,43793,19,1
1,NewOrder,1770890566.305096,67755,15,1
2,Payment,1770890566.307440,20182,13,1
1,NewOrder,1770890566.308023,32606,20,1
1,NewOrder,1770890566.308041,33994,9,1
1,NewOrder,1770890566.311879,52151,5,1
2,Payment,1770890566.312971,17965,16,1
2,Payment,1770890566.320413,14320,2,1
1,NewOrder,1770890566.322941,59133,10,1
1,NewOrder,1770890566.323240,75430,17,1
1,NewOrder,1770890566.325473,101961,7,1
1,NewOrder,1770890566.327641,41465,13,1
1,NewOrder,1770890566.328173,42395,23,1
2,Payment,1770890566.330494,18412,8,1
3,OrderStatus,1770890566.330959,8714,16,1
2,Payment,1770890566.331077,20276,11,1
2,Payment,1770890566.333967,8741,14,1
2,Payment,1770890566.334756,7941,2,1
4,Delivery,1770890566.338630,112068,4,1
2,Payment,1770890566.339695,8554,16,1
2,Payment,1770890566.340651,12832,20,1
1,NewOrder,1770890566.341468,48678,3,1
2,Payment,1770890566.342054,24121,9,1
2,Payment,1770890566.342720,12410,2,1
1,NewOrder,1770890566.342732,49992,14,1
1,NewOrder,1770890566.343767,64036,6,1
2,Payment,1770890566.348270,16031,16,1
1,NewOrder,1770890566.348856,61383,19,1
2,Payment,1770890566.348931,14403,8,1
1,NewOrder,1770890566.351368,41361,11,1
2,Payment,1770890566.353507,17013,20,1
5,StockLevel,1770890566.355154,34466,2,1
2,Payment,1770890566.360967,20428,12,1
2,Payment,1770890566.363356,26907,8,1
2,Payment,1770890566.364058,18117,5,1
2,Payment,1770890566.364109,8334,0,1
1,NewOrder,1770890566.364327,85128,16,1
1,NewOrder,1770890566.366195,62887,9,1
1,NewOrder,1770890566.367852,48576,21,1
2,Payment,1770890566.368497,5471,22,1
1,NewOrder,1770890566.369119,55981,13,1
2,Payment,1770890566.370531,23338,20,1
2,Payment,1770890566.370592,26405,23,1
4,Delivery,1770890566.370643,80732,1,1
1,NewOrder,1770890566.371262,29931,18,1
2,Payment,1770890566.372466,21061,0,1
2,Payment,1770890566.372872,11393,15,1
3,OrderStatus,1770890566.373985,21955,22,1
2,Payment,1770890566.381410,8139,12,1
5,StockLevel,1770890566.382084,33578,10,1
2,Payment,1770890566.382194,14333,5,1
2,Payment,1770890566.384280,13933,15,1
1,NewOrder,1770890566.389564,39662,12,1
1,NewOrder,1770890566.389644,66009,2,1
1,NewOrder,1770890566.390157,71824,3,1
2,Payment,1770890566.390286,15316,8,1
1,NewOrder,1770890566.392747,53285,14,1
1,NewOrder,1770890566.392754,58591,11,1
2,Payment,1770890566.393549,13512,0,1
2,Payment,1770890566.393891,13718,20,1
1,NewOrder,1770890566.395963,45826,22,1
4,Delivery,1770890566.396544,54686,5,1
2,Payment,1770890566.397021,13708,23,1
2,Payment,1770890566.398233,16612,15,1
1,NewOrder,1770890566.398699,23343,17,1
3,OrderStatus,1770890566.401210,13641,18,1
1,NewOrder,1770890566.405624,50031,8,1
5,StockLevel,1770890566.407085,33721,0,1
2,Payment,1770890566.407634,18909,20,1
1,NewOrder,1770890566.407814,51417,6,1
1,NewOrder,1770890566.410266,69231,19,1
1,NewOrder,1770890566.410758,42103,23,1
2,Payment,1770890566.414868,12348,15,1
1,NewOrder,1770890566.414875,45343,18,1
2,Payment,1770890566.415677,11946,10,1
1,NewOrder,1770890566.416451,39668,21,1
2,Payment,1770890566.422058,10891,17,1
2,Payment,1770890566.425124,20205,13,1
2,Payment,1770890566.426561,18255,20,1
2,Payment,1770890566.427238,23249,15,1
1,NewOrder,1770890566.427458,37749,7,1
1,NewOrder,1770890566.427646,86866,10,1
1,NewOrder,1770890566.429103,79691,9,1
4,Delivery,1770890566.429240,31928,12,1
1,NewOrder,1770890566.432963,65853,17,1
2,Payment,1770890566.440833,28529,0,1
2,Payment,1770890566.441814,15005,22,1
2,Payment,1770890566.444832,16886,20,1
2,Payment,1770890566.445358,17672,13,1
2,Payment,1770890566.446045,22436,14,1
2,Payment,1770890566.449482,21755,16,1
2,Payment,1770890566.450512,15486,15,1
1,NewOrder,1770890566.450727,85372,4,1
1,NewOrder,1770890566.451246,49673,5,1
1,NewOrder,1770890566.451368,83584,11,1
1,NewOrder,1770890566.451393,67063,1,1
2,Payment,1770890566.452882,12801,23,1
2,Payment,1770890566.455678,16506,2,1
4,Delivery,1770890566.455681,75163,8,1
3,OrderStatus,1770890566.456144,15341,21,1
2,Payment,1770890566.456842,19767,22,1
1,NewOrder,1770890566.459252,72473,6,1
2,Payment,1770890566.460238,19775,18,1
1,NewOrder,1770890566.461192,59795,12,1
1,NewOrder,1770890566.461741,72686,20,1
1,NewOrder,1770890566.462003,49319,3,1
1,NewOrder,1770890566.463053,87028,13,1
3,OrderStatus,1770890566.465226,22424,7,1
1,NewOrder,1770890566.465707,46946,23,1
5,StockLevel,1770890566.466019,33464,15,1
1,NewOrder,1770890566.468505,80160,14,1
2,Payment,1770890566.469385,17785,0,1
1,NewOrder,1770890566.471250,58968,16,1
1,NewOrder,1770890566.471508,72075,21,1
1,NewOrder,1770890566.472196,59622,2,1
2,Payment,1770890566.476631,16697,22,1
2,Payment,1770890566.479520,21835,19,1
2,Payment,1770890566.480036,18295,18,1
2,Payment,1770890566.487192,14837,0,1
1,NewOrder,1770890566.487672,71878,7,1
1,NewOrder,1770890566.493352,55217,22,1
1,NewOrder,1770890566.498354,76947,18,1
1,NewOrder,1770890566.498831,60741,17,1
2,Payment,1770890566.499492,16105,15,1
1,NewOrder,1770890566.500943,64604,5,1
1,NewOrder,1770890566.501372,63776,19,1
2,Payment,1770890566.502038,13639,0,1
3,OrderStatus,1770890566.508817,16702,9,1
2,Payment,1770890566.511344,37787,3,1
2,Payment,1770890566.512675,18285,23,1
1,NewOrder,1770890566.514535,51175,10,1
1,NewOrder,1770890566.515610,38570,15,1
2,Payment,1770890566.515690,15085,0,1
2,Payment,1770890566.518480,24653,1,1
1,NewOrder,1770890566.521012,39321,12,1
5,StockLevel,1770890566.525542,33436,9,1
1,NewOrder,1770890566.530241,69770,16,1
1,NewOrder,1770890566.530788,61588,0,1
2,Payment,1770890566.530866,10196,8,1
2,Payment,1770890566.530981,9283,23,1
2,Payment,1770890566.531746,13356,6,1
2,Payment,1770890566.531841,24060,2,1
2,Payment,1770890566.534450,18376,20,1
1,NewOrder,1770890566.534976,39350,11,1
1,NewOrder,1770890566.536123,82029,4,1
1,NewOrder,1770890566.540287,47792,23,1
5,StockLevel,1770890566.541086,43037,8,1
2,Payment,1770890566.543156,22971,1,1
2,Payment,1770890566.543607,19878,21,1
1,NewOrder,1770890566.545115,74931,6,1
2,Payment,1770890566.548592,18421,22,1
1,NewOrder,1770890566.548688,81836,14,1
2,Payment,1770890566.549146,11957,3,1
2,Payment,1770890566.550104,24787,13,1
2,Payment,1770890566.552849,17073,20,1
2,Payment,1770890566.554201,23097,15,1
2,Payment,1770890566.555930,22942,2,1
2,Payment,1770890566.559005,20058,9,1
1,NewOrder,1770890566.559575,48173,7,1
1,NewOrder,1770890566.559600,80580,17,1
2,Payment,1770890566.560356,21759,12,1
2,Payment,1770890566.561114,21981,3,1
1,NewOrder,1770890566.563513,45331,21,1
1,NewOrder,1770890566.565170,44267,19,1
1,NewOrder,1770890566.565575,60691,5,1
2,Payment,1770890566.565739,17291,10,1
2,Payment,1770890566.566157,19818,1,1
1,NewOrder,1770890566.567027,45997,22,1
5,StockLevel,1770890566.569950,32209,20,1
2,Payment,1770890566.574349,15367,11,1
2,Payment,1770890566.574912,21852,13,1
2,Payment,1770890566.575324,21783,18,1
2,Payment,1770890566.577316,15908,15,1
2,Payment,1770890566.578895,17375,2,1
2,Payment,1770890566.579074,14827,9,1
2,Payment,1770890566.582140,19613,12,1
1,NewOrder,1770890566.583041,57186,10,1
2,Payment,1770890566.583118,9067,3,1
1,NewOrder,1770890566.584150,47749,8,1
1,NewOrder,1770890566.586004,74511,1,1
2,Payment,1770890566.588095,18180,23,1
2,Payment,1770890566.589742,17919,11,1
1,NewOrder,1770890566.592207,86927,3,1
1,NewOrder,1770890566.592398,82988,0,1
1,NewOrder,1770890566.593247,52640,15,1
2,Payment,1770890566.593911,17037,9,1
2,Payment,1770890566.596297,16321,2,1
1,NewOrder,1770890566.596791,60238,13,1
1,NewOrder,1770890566.597128,43001,18,1
2,Payment,1770890566.600034,19937,16,1
2,Payment,1770890566.601776,21392,12,1
2,Payment,1770890566.602181,17806,20,1
1,NewOrder,1770890566.606298,58697,23,1
2,Payment,1770890566.607674,19653,11,1
1,NewOrder,1770890566.607787,69746,7,1
3,OrderStatus,1770890566.608866,16818,21,1
3,OrderStatus,1770890566.609451,11228,19,1
2,Payment,1770890566.610962,11590,9,1
1,NewOrder,1770890566.612645,80692,2,1
1,NewOrder,1770890566.613061,37466,22,1
2,Payment,1770890566.618173,19795,4,1
2,Payment,1770890566.619999,18564,16,1
1,NewOrder,1770890566.620007,73443,20,1
1,NewOrder,1770890566.620074,62038,6,1
2,Payment,1770890566.620705,17914,19,1
1,NewOrder,1770890566.622574,43121,9,1
1,NewOrder,1770890566.623191,75734,12,1
1,NewOrder,1770890566.625712,30676,21,1
2,Payment,1770890566.626277,16997,5,1
4,Delivery,1770890566.627351,134525,11,1
4,Delivery,1770890566.630547,70442,14,1
3,OrderStatus,1770890566.631928,18139,8,1
1,NewOrder,1770890566.637991,50915,4,1
2,Payment,1770890566.638587,17090,16,1
3,OrderStatus,1770890566.638643,12202,19,1
1,NewOrder,1770890566.640153,40841,18,1
1,NewOrder,1770890566.640204,57386,17,1
1,NewOrder,1770890566.640237,67405,10,1
2,Payment,1770890566.643296,16711,5,1
1,NewOrder,1770890566.645908,56303,15,1
2,Payment,1770890566.650089,15654,8,1
1,NewOrder,1770890566.650548,52158,22,1
1,NewOrder,1770890566.650868,61516,19,1
1,NewOrder,1770890566.655704,71345,16,1
2,Payment,1770890566.656407,16975,21,1
2,Payment,1770890566.657069,17098,13,1
1,NewOrder,1770890566.660035,72335,5,1
2,Payment,1770890566.660543,15563,1,1
1,NewOrder,1770890566.665017,46884,23,1
1,NewOrder,1770890566.665717,46323,9,1
4,Delivery,1770890566.665767,96653,8,1
2,Payment,1770890566.673404,14064,21,1
1,NewOrder,1770890566.674195,60926,13,1
2,Payment,1770890566.675409,17120,0,1
1,NewOrder,1770890566.676135,78021,1,1
2,Payment,1770890566.677566,16029,7,1
1,NewOrder,1770890566.679151,75081,3,1
2,Payment,1770890566.681018,17752,18,1
1,NewOrder,1770890566.682135,63731,6,1
2,Payment,1770890566.687491,17903,21,1
2,Payment,1770890566.688927,13983,4,1
2,Payment,1770890566.692551,18297,0,1
2,Payment,1770890566.693361,21458,2,1
1,NewOrder,1770890566.693466,38592,20,1
2,Payment,1770890566.693618,13005,7,1
3,OrderStatus,1770890566.697613,18600,17,1
4,Delivery,1770890566.698794,36337,18,1
2,Payment,1770890566.698938,14909,12,1
2,Payment,1770890566.701012,22105,14,1
1,NewOrder,1770890566.702234,85356,15,1
1,NewOrder,1770890566.702735,82496,22,1
1,NewOrder,1770890566.702935,49242,4,1
2,Payment,1770890566.705409,21376,21,1
2,Payment,1770890566.706646,14915,7,1
2,Payment,1770890566.707669,17319,10,1
2,Payment,1770890566.710866,17293,0,1
2,Payment,1770890566.711928,18636,23,1
1,NewOrder,1770890566.712068,70708,9,1
2,Payment,1770890566.712395,21531,19,1
2,Payment,1770890566.713869,15875,12,1
1,NewOrder,1770890566.714842,35797,2,1
1,NewOrder,1770890566.716240,85203,17,1
1,NewOrder,1770890566.721583,100589,7,1
2,Payment,1770890566.723140,18617,14,1
4,Delivery,1770890566.725010,37510,10,1
1,NewOrder,1770890566.726804,65477,21,1
1,NewOrder,1770890566.727073,40651,16,1
1,NewOrder,1770890566.728176,38120,0,1
1,NewOrder,1770890566.729771,51953,12,1
4,Delivery,1770890566.730587,5215,23,1
2,Payment,1770890566.732086,14533,20,1
1,NewOrder,1770890566.732382,45374,5,1
2,Payment,1770890566.733954,15309,19,1
1,NewOrder,1770890566.735143,51428,13,1
2,Payment,1770890566.735156,17498,18,1
1,NewOrder,1770890566.735823,46959,23,1
1,NewOrder,1770890566.741779,59186,14,1
1,NewOrder,1770890566.745888,62731,6,1
1,NewOrder,1770890566.746646,61769,20,1
2,Payment,1770890566.749278,13597,19,1
1,NewOrder,1770890566.750663,75080,2,1
1,NewOrder,1770890566.752188,85257,4,1
2,Payment,1770890566.752678,15156,18,1
5,StockLevel,1770890566.754178,38894,1,1
2,Payment,1770890566.754255,18467,3,1
5,StockLevel,1770890566.761896,40341,11,1
2,Payment,1770890566.762438,9880,8,1
1,NewOrder,1770890566.762539,25860,10,1
1,NewOrder,1770890566.762898,59832,19,1
1,NewOrder,1770890566.766309,52874,0,1
1,NewOrder,1770890566.767748,55094,16,1
2,Payment,1770890566.767844,14810,18,1
2,Payment,1770890566.772329,14041,8,1
2,Payment,1770890566.772749,21514,3,1
1,NewOrder,1770890566.777778,50823,5,1
2,Payment,1770890566.781747,13214,12,1
1,NewOrder,1770890566.782678,76428,18,1
1,NewOrder,1770890566.782799,52184,9,1
1,NewOrder,1770890566.782806,40049,23,1
1,NewOrder,1770890566.785253,80568,22,1
1,NewOrder,1770890566.786393,36960,8,1
1,NewOrder,1770890566.786596,75941,13,1
1,NewOrder,1770890566.787607,52536,15,1
2,Payment,1770890566.788424,15430,10,1
2,Payment,1770890566.792304,14942,21,1
1,NewOrder,1770890566.793096,50016,1,1
4,Delivery,1770890566.794290,80835,3,1
1,NewOrder,1770890566.794988,75810,12,1
1,NewOrder,1770890566.800988,82401,14,1
5,StockLevel,1770890566.801466,40216,17,1
1,NewOrder,1770890566.802249,66580,11,1
2,Payment,1770890566.803878,32758,10,1
2,Payment,1770890566.807268,17106,21,1
1,NewOrder,1770890566.808442,38005,20,1
1,NewOrder,1770890566.808645,68761,6,1
1,NewOrder,1770890566.819204,42886,0,1
2,Payment,1770890566.822193,17304,7,1
1,NewOrder,1770890566.822758,49314,19,1
2,Payment,1770890566.822858,14292,16,1
1,NewOrder,1770890566.822884,66210,23,1
1,NewOrder,1770890566.823378,39131,8,1
1,NewOrder,1770890566.824402,79030,21,1
1,NewOrder,1770890566.825767,63135,2,1
1,NewOrder,1770890566.828621,66370,5,1
2,Payment,1770890566.835006,16554,9,1
1,NewOrder,1770890566.836659,46774,10,1
1,NewOrder,1770890566.837175,54322,16,1
2,Payment,1770890566.837469,16542,4,1
1,NewOrder,1770890566.839516,62376,7,1
1,NewOrder,1770890566.840165,65528,15,1
2,Payment,1770890566.841705,18203,17,1
3,OrderStatus,1770890566.843135,18205,1,1
2,Payment,1770890566.846470,13449,20,1
1,NewOrder,1770890566.851581,61534,9,1
5,StockLevel,1770890566.854032,39654,4,1
2,Payment,1770890566.859129,16524,18,1
1,NewOrder,1770890566.859932,63389,17,1
1,NewOrder,1770890566.859937,63494,20,1
1,NewOrder,1770890566.861363,44326,1,1
1,NewOrder,1770890566.862115,73248,0,1
1,NewOrder,1770890566.862525,50656,8,1
2,Payment,1770890566.862560,14669,13,1
2,Payment,1770890566.865843,16646,22,1
1,NewOrder,1770890566.868851,81207,11,1
2,Payment,1770890566.870825,17417,12,1
1,NewOrder,1770890566.872094,62199,19,1
1,NewOrder,1770890566.875148,49930,3,1
2,Payment,1770890566.875678,24797,18,1
1,NewOrder,1770890566.877251,58226,13,1
2,Payment,1770890566.877429,14697,6,1
2,Payment,1770890566.882512,24050,22,1
1,NewOrder,1770890566.883411,78629,14,1
1,NewOrder,1770890566.883456,47080,10,1
1,NewOrder,1770890566.888264,71731,12,1
2,Payment,1770890566.888926,18079,2,1
2,Payment,1770890566.889116,23963,23,1
5,StockLevel,1770890566.891521,37230,16,1
2,Payment,1770890566.892147,14325,6,1
1,NewOrder,1770890566.893709,41775,4,1
2,Payment,1770890566.895011,15771,5,1
2,Payment,1770890566.900498,19184,18,1
2,Payment,1770890566.901913,15404,7,1
2,Payment,1770890566.903455,24688,21,1
4,Delivery,1770890566.905720,118856,15,1
2,Payment,1770890566.905723,19463,1,1
2,Payment,1770890566.906493,18314,6,1
2,Payment,1770890566.906587,18100,22,1
1,NewOrder,1770890566.907028,43028,2,1
2,Payment,1770890566.910802,19201,5,1
1,NewOrder,1770890566.913101,65459,23,1
2,Payment,1770890566.913139,18091,9,1
4,Delivery,1770890566.913201,65860,8,1
5,StockLevel,1770890566.917339,31404,7,1
2,Payment,1770890566.919704,43383,18,1
4,Delivery,1770890566.923344,101633,17,1
2,Payment,1770890566.923454,19123,20,1
2,Payment,1770890566.924711,10794,22,1
2,Payment,1770890566.924830,16172,6,1
5,StockLevel,1770890566.925102,34545,3,1
2,Payment,1770890566.925210,10441,1,1
2,Payment,1770890566.928166,41478,21,1
2,Payment,1770890566.928775,20038,16,1
1,NewOrder,1770890566.930023,46777,5,1
2,Payment,1770890566.930561,19659,10,1
2,Payment,1770890566.931252,14471,9,1
2,Payment,1770890566.934316,23795,19,1
1,NewOrder,1770890566.935385,43869,0,1
2,Payment,1770890566.935488,16232,13,1
2,Payment,1770890566.935515,8528,4,1
1,NewOrder,1770890566.935680,75800,1,1
2,Payment,1770890566.941025,14958,6,1
2,Payment,1770890566.942600,31213,20,1
4,Delivery,1770890566.944065,109005,4,1
2,Payment,1770890566.945745,16424,9,1
1,NewOrder,1770890566.948764,40659,7,1
2,Payment,1770890566.948834,13493,16,1
1,NewOrder,1770890566.950083,92367,2,1
2,Payment,1770890566.950085,18418,11,1
1,NewOrder,1770890566.950232,84236,10,1
1,NewOrder,1770890566.951746,38711,13,1
3,OrderStatus,1770890566.956021,16185,6,1
2,Payment,1770890566.958138,19947,19,1
2,Payment,1770890566.959671,19104,3,1
2,Payment,1770890566.960019,19311,12,1
2,Payment,1770890566.962062,22652,14,1
5,StockLevel,1770890566.962192,26918,9,1
1,NewOrder,1770890566.962351,86787,16,1
5,StockLevel,1770890566.963098,34589,18,1
1,NewOrder,1770890566.968530,39764,11,1
1,NewOrder,1770890566.969667,34807,21,1
1,NewOrder,1770890566.972230,85310,6,1
2,Payment,1770890566.973835,9653,20,1
1,NewOrder,1770890566.976821,67773,5,1
2,Payment,1770890566.978102,12435,19,1
1,NewOrder,1770890566.978582,63787,23,1
2,Payment,1770890566.978798,25088,3,1
1,NewOrder,1770890566.979081,65298,8,1
1,NewOrder,1770890566.979277,77346,0,1
2,Payment,1770890566.979343,16679,12,1
1,NewOrder,1770890566.984736,68981,14,1
2,Payment,1770890566.989135,18710,9,1
2,Payment,1770890566.989451,15244,7,1
5,StockLevel,1770890566.990480,31903,13,1
1,NewOrder,1770890566.990560,43426,19,1
3,OrderStatus,1770890566.996043,13077,12,1
2,Payment,1770890566.997710,12923,18,1
1,NewOrder,1770890567.003907,53460,3,1
1,NewOrder,1770890567.004495,40037,21,1
1,NewOrder,1770890567.004716,42877,7,1
1,NewOrder,1770890567.007866,49397,9,1
2,Payment,1770890567.008316,19307,11,1
2,Payment,1770890567.010654,16011,18,1
2,Payment,1770890567.024994,3112,17,1
2,Payment,1770890567.026689,17795,18,1
2,Payment,1770890567.028122,12286,17,1
2,Payment,1770890567.034007,15028,19,1
