Transaction Type Index,Transaction Name,Start Time (microseconds),Latency (microseconds),Worker Id (start number),Phase Id (index in config file)
1,NewOrder,1770881202.494091,190323,14,1
1,NewOrder,1770881202.494096,170488,19,1
1,NewOrder,1770881202.494097,177893,0,1
2,Payment,1770881202.494097,72537,17,1
2,Payment,1770881202.494117,99272,16,1
3,OrderStatus,1770881202.494133,87545,18,1
2,Payment,1770881202.494148,93614,1,1
1,NewOrder,1770881202.494165,168477,4,1
2,Payment,1770881202.494203,125691,3,1
2,Payment,1770881202.494218,118296,2,1
2,Payment,1770881202.494236,84397,5,1
2,Payment,1770881202.494253,98910,7,1
1,NewOrder,1770881202.494278,127032,23,1
2,Payment,1770881202.494293,83444,15,1
2,Payment,1770881202.494308,89402,20,1
1,NewOrder,1770881202.494394,198542,9,1
2,Payment,1770881202.494395,94008,13,1
2,Payment,1770881202.494406,108830,6,1
1,NewOrder,1770881202.494422,182766,8,1
1,NewOrder,1770881202.494440,152593,12,1
2,Payment,1770881202.494455,88060,10,1
3,OrderStatus,1770881202.494465,66710,11,1
2,Payment,1770881202.494541,110900,21,1
1,NewOrder,1770881202.494739,126993,22,1
2,Payment,1770881202.561408,36251,11,1
2,Payment,1770881202.566707,52521,17,1
1,NewOrder,1770881202.577811,50729,15,1
2,Payment,1770881202.578798,48569,5,1
2,Payment,1770881202.581759,56331,18,1
4,Delivery,1770881202.582571,123788,10,1
2,Payment,1770881202.583777,63829,20,1
1,NewOrder,1770881202.587803,79071,1,1
1,NewOrder,1770881202.588471,40782,13,1
2,Payment,1770881202.593195,36153,7,1
1,NewOrder,1770881202.593421,17608,16,1
2,Payment,1770881202.597686,10473,11,1
2,Payment,1770881202.603274,15481,6,1
1,NewOrder,1770881202.605476,54374,21,1
1,NewOrder,1770881202.608200,44885,11,1
1,NewOrder,1770881202.611048,68599,16,1
1,NewOrder,1770881202.612542,57227,2,1
2,Payment,1770881202.618795,16809,6,1
2,Payment,1770881202.619247,6895,17,1
5,StockLevel,1770881202.619947,20415,3,1
1,NewOrder,1770881202.621369,66560,23,1
1,NewOrder,1770881202.621782,64346,22,1
1,NewOrder,1770881202.626168,53282,17,1
1,NewOrder,1770881202.627396,101334,5,1
2,Payment,1770881202.628562,37338,15,1
1,NewOrder,1770881202.629272,98865,13,1
1,NewOrder,1770881202.629369,24894,7,1
2,Payment,1770881202.635639,14486,6,1
1,NewOrder,1770881202.638112,90709,18,1
2,Payment,1770881202.640405,6417,3,1
5,StockLevel,1770881202.646849,1829,3,1
1,NewOrder,1770881202.647106,18029,12,1
1,NewOrder,1770881202.647641,38885,20,1
2,Payment,1770881202.648702,7508,3,1
2,Payment,1770881202.650166,12378,6,1
1,NewOrder,1770881202.653117,87267,11,1
1,NewOrder,1770881202.654279,15361,7,1
4,Delivery,1770881202.656223,25441,3,1
1,NewOrder,1770881202.659871,12826,21,1
1,NewOrder,1770881202.662592,43790,6,1
2,Payment,1770881202.662761,26264,4,1
2,Payment,1770881202.664650,24451,19,1
1,NewOrder,1770881202.665194,27865,12,1
1,NewOrder,1770881202.665942,77595,15,1
1,NewOrder,1770881202.666900,42550,1,1
2,Payment,1770881202.669659,6533,7,1
3,OrderStatus,1770881202.669813,12181,2,1
1,NewOrder,1770881202.672061,37449,0,1
5,StockLevel,1770881202.672741,4413,21,1
1,NewOrder,1770881202.676235,30138,7,1
2,Payment,1770881202.677203,16731,21,1
2,Payment,1770881202.677252,16788,8,1
1,NewOrder,1770881202.679493,31970,17,1
2,Payment,1770881202.679672,15177,16,1
4,Delivery,1770881202.681708,54744,3,1
2,Payment,1770881202.682039,46753,2,1
2,Payment,1770881202.684474,25116,14,1
1,NewOrder,1770881202.686177,32035,22,1
2,Payment,1770881202.686562,76230,20,1
1,NewOrder,1770881202.687969,71218,23,1
2,Payment,1770881202.689067,73375,4,1
1,NewOrder,1770881202.689121,50117,19,1
1,NewOrder,1770881202.693002,13423,9,1
2,Payment,1770881202.693084,94903,12,1
2,Payment,1770881202.693955,34655,21,1
1,NewOrder,1770881202.694072,12308,8,1
1,NewOrder,1770881202.694888,12616,16,1
1,NewOrder,1770881202.706411,11799,10,1
5,StockLevel,1770881202.706424,21118,7,1
2,Payment,1770881202.706426,6692,6,1
1,NewOrder,1770881202.706436,11328,8,1
1,NewOrder,1770881202.706467,13258,9,1
2,Payment,1770881202.707537,8550,16,1
2,Payment,1770881202.709493,47067,1,1
1,NewOrder,1770881202.709571,8597,0,1
3,OrderStatus,1770881202.709641,3556,14,1
2,Payment,1770881202.711506,13985,17,1
1,NewOrder,1770881202.713134,32721,6,1
1,NewOrder,1770881202.713233,12859,14,1
1,NewOrder,1770881202.716124,12402,16,1
2,Payment,1770881202.717781,4586,8,1
1,NewOrder,1770881202.718206,8556,0,1
2,Payment,1770881202.718249,19367,22,1
2,Payment,1770881202.718263,27503,10,1
2,Payment,1770881202.719742,32309,9,1
1,NewOrder,1770881202.722404,12391,8,1
2,Payment,1770881202.725535,34770,17,1
2,Payment,1770881202.726125,7509,14,1
2,Payment,1770881202.726783,60115,0,1
1,NewOrder,1770881202.727572,26821,7,1
2,Payment,1770881202.728178,28307,13,1
5,StockLevel,1770881202.728562,6052,16,1
2,Payment,1770881202.728654,20485,21,1
2,Payment,1770881202.728749,5429,5,1
1,NewOrder,1770881202.728823,11666,2,1
1,NewOrder,1770881202.728854,10943,18,1
1,NewOrder,1770881202.733664,15405,14,1
4,Delivery,1770881202.734215,12176,5,1
1,NewOrder,1770881202.734657,38316,16,1
1,NewOrder,1770881202.734831,14501,8,1
4,Delivery,1770881202.736494,43396,3,1
1,NewOrder,1770881202.737657,6702,22,1
2,Payment,1770881202.739281,40278,19,1
1,NewOrder,1770881202.739867,8756,18,1
1,NewOrder,1770881202.740423,48558,11,1
2,Payment,1770881202.740529,11310,2,1
2,Payment,1770881202.743582,35770,15,1
2,Payment,1770881202.744401,21981,22,1
1,NewOrder,1770881202.745808,14031,10,1
2,Payment,1770881202.745895,18539,6,1
1,NewOrder,1770881202.746435,12806,5,1
5,StockLevel,1770881202.748640,6182,18,1
3,OrderStatus,1770881202.749084,9159,14,1
2,Payment,1770881202.749180,26202,21,1
1,NewOrder,1770881202.749373,30137,8,1
1,NewOrder,1770881202.751881,17877,2,1
4,Delivery,1770881202.752078,27689,9,1
1,NewOrder,1770881202.754412,73019,7,1
1,NewOrder,1770881202.754866,24409,18,1
2,Payment,1770881202.756527,60777,13,1
2,Payment,1770881202.756598,8440,1,1
2,Payment,1770881202.758264,33979,14,1
2,Payment,1770881202.759226,11264,23,1
1,NewOrder,1770881202.759261,38023,5,1
2,Payment,1770881202.759857,23163,10,1
2,Payment,1770881202.760330,46427,17,1
2,Payment,1770881202.762481,32142,4,1
2,Payment,1770881202.762883,19571,20,1
2,Payment,1770881202.764477,4155,6,1
2,Payment,1770881202.765078,24007,1,1
1,NewOrder,1770881202.766422,10713,22,1
2,Payment,1770881202.768697,5115,6,1
1,NewOrder,1770881202.769811,7642,2,1
1,NewOrder,1770881202.770523,11429,23,1
2,Payment,1770881202.773015,40422,16,1
1,NewOrder,1770881202.773841,17463,6,1
2,Payment,1770881202.775412,13076,21,1
3,OrderStatus,1770881202.777166,19478,22,1
3,OrderStatus,1770881202.777504,3933,2,1
1,NewOrder,1770881202.779306,65445,18,1
2,Payment,1770881202.779394,15412,15,1
2,Payment,1770881202.779532,51415,8,1
5,StockLevel,1770881202.779597,43159,19,1
2,Payment,1770881202.779791,57349,9,1
2,Payment,1770881202.779924,29715,3,1
2,Payment,1770881202.781473,23518,2,1
4,Delivery,1770881202.781977,130306,23,1
2,Payment,1770881202.782494,3099,20,1
2,Payment,1770881202.783062,20515,10,1
2,Payment,1770881202.785642,7062,20,1
1,NewOrder,1770881202.786945,15193,0,1
5,StockLevel,1770881202.788019,39168,12,1
2,Payment,1770881202.788516,10941,21,1
4,Delivery,1770881202.789021,145914,11,1
2,Payment,1770881202.789130,10999,1,1
2,Payment,1770881202.791340,36433,6,1
2,Payment,1770881202.792275,7890,14,1
1,NewOrder,1770881202.792751,11711,20,1
2,Payment,1770881202.794668,17197,4,1
2,Payment,1770881202.794847,8355,15,1
2,Payment,1770881202.796689,13809,22,1
2,Payment,1770881202.797302,21653,5,1
1,NewOrder,1770881202.799503,23462,21,1
1,NewOrder,1770881202.800173,18455,1,1
2,Payment,1770881202.800206,9730,14,1
1,NewOrder,1770881202.802186,52285,0,1
1,NewOrder,1770881202.803247,7280,15,1
3,OrderStatus,1770881202.803636,17542,10,1
2,Payment,1770881202.804510,9940,20,1
2,Payment,1770881202.805011,40191,2,1
3,OrderStatus,1770881202.806797,2943,17,1
3,OrderStatus,1770881202.809665,6052,3,1
1,NewOrder,1770881202.809785,35166,17,1
1,NewOrder,1770881202.809981,12310,14,1
2,Payment,1770881202.810541,22169,22,1
1,NewOrder,1770881202.810571,8322,15,1
2,Payment,1770881202.811891,10498,4,1
2,Payment,1770881202.813475,8106,16,1
1,NewOrder,1770881202.814490,41061,20,1
2,Payment,1770881202.815760,11821,3,1
2,Payment,1770881202.817349,7053,13,1
2,Payment,1770881202.818671,17975,1,1
2,Payment,1770881202.818921,7675,15,1
1,NewOrder,1770881202.818995,52107,5,1
2,Payment,1770881202.821222,30437,10,1
2,Payment,1770881202.821629,8977,16,1
2,Payment,1770881202.822332,27126,14,1
2,Payment,1770881202.822434,7279,4,1
2,Payment,1770881202.822803,22038,19,1
1,NewOrder,1770881202.823000,36122,21,1
2,Payment,1770881202.824426,14198,13,1
1,NewOrder,1770881202.826629,10597,15,1
1,NewOrder,1770881202.827226,63172,12,1
5,StockLevel,1770881202.827457,30861,7,1
1,NewOrder,1770881202.827596,59176,3,1
5,StockLevel,1770881202.827813,33685,6,1
1,NewOrder,1770881202.829754,3941,4,1
2,Payment,1770881202.830642,21693,16,1
2,Payment,1770881202.830970,10966,8,1
1,NewOrder,1770881202.832750,40813,22,1
2,Payment,1770881202.833716,5115,4,1
5,StockLevel,1770881202.836690,26964,1,1
4,Delivery,1770881202.837173,96699,9,1
5,StockLevel,1770881202.837294,9026,15,1
2,Payment,1770881202.838694,16389,13,1
5,StockLevel,1770881202.838853,3292,4,1
2,Payment,1770881202.841978,15368,8,1
2,Payment,1770881202.842171,6393,4,1
3,OrderStatus,1770881202.844795,19168,18,1
3,OrderStatus,1770881202.844878,14207,19,1
2,Payment,1770881202.844998,23256,17,1
2,Payment,1770881202.845238,6831,2,1
1,NewOrder,1770881202.846345,42575,15,1
1,NewOrder,1770881202.848585,39963,4,1
1,NewOrder,1770881202.849499,11715,14,1
1,NewOrder,1770881202.851699,13887,10,1
5,StockLevel,1770881202.852110,27986,2,1
1,NewOrder,1770881202.852386,9690,16,1
1,NewOrder,1770881202.854516,23933,0,1
1,NewOrder,1770881202.855126,17543,13,1
3,OrderStatus,1770881202.855589,13586,20,1
2,Payment,1770881202.857385,4335,8,1
1,NewOrder,1770881202.858348,24911,7,1
2,Payment,1770881202.859128,15171,19,1
1,NewOrder,1770881202.859166,22975,21,1
2,Payment,1770881202.861256,12375,14,1
3,OrderStatus,1770881202.861560,8088,6,1
2,Payment,1770881202.861758,4241,8,1
2,Payment,1770881202.862107,16827,16,1
2,Payment,1770881202.863695,10538,1,1
2,Payment,1770881202.863997,15003,18,1
1,NewOrder,1770881202.865638,25224,10,1
1,NewOrder,1770881202.866037,34556,8,1
1,NewOrder,1770881202.868284,36805,17,1
1,NewOrder,1770881202.869217,37260,20,1
1,NewOrder,1770881202.869668,34104,6,1
1,NewOrder,1770881202.871147,34552,5,1
2,Payment,1770881202.872695,11006,13,1
1,NewOrder,1770881202.873586,32036,22,1
1,NewOrder,1770881202.873676,23860,14,1
5,StockLevel,1770881202.874280,19918,1,1
2,Payment,1770881202.874342,17013,19,1
2,Payment,1770881202.878490,12375,0,1
3,OrderStatus,1770881202.878962,1831,16,1
1,NewOrder,1770881202.879043,31036,18,1
5,StockLevel,1770881202.880137,22106,2,1
2,Payment,1770881202.880835,5959,16,1
2,Payment,1770881202.882180,10008,21,1
2,Payment,1770881202.883298,13076,7,1
2,Payment,1770881202.883757,8933,13,1
2,Payment,1770881202.886855,12404,3,1
4,Delivery,1770881202.886861,75978,16,1
2,Payment,1770881202.888592,31806,4,1
2,Payment,1770881202.888976,9507,15,1
1,NewOrder,1770881202.890440,42288,12,1
1,NewOrder,1770881202.890913,37045,10,1
2,Payment,1770881202.890913,12168,0,1
4,Delivery,1770881202.891391,21581,19,1
2,Payment,1770881202.892224,7530,21,1
1,NewOrder,1770881202.892724,19986,13,1
3,OrderStatus,1770881202.894239,7297,1,1
2,Payment,1770881202.896413,13089,7,1
1,NewOrder,1770881202.897590,25240,14,1
1,NewOrder,1770881202.898511,37534,15,1
2,Payment,1770881202.899293,14380,3,1
1,NewOrder,1770881202.899790,35002,21,1
2,Payment,1770881202.900632,12217,8,1
1,NewOrder,1770881202.901595,22893,1,1
2,Payment,1770881202.902270,15099,2,1
2,Payment,1770881202.903116,26582,0,1
1,NewOrder,1770881202.903803,29866,6,1
2,Payment,1770881202.905120,14453,17,1
2,Payment,1770881202.905658,18909,22,1
1,NewOrder,1770881202.905737,51901,5,1
2,Payment,1770881202.906506,23282,20,1
1,NewOrder,1770881202.909539,29692,7,1
2,Payment,1770881202.910114,23096,18,1
1,NewOrder,1770881202.912321,64280,23,1
1,NewOrder,1770881202.912743,24733,13,1
1,NewOrder,1770881202.912884,26939,8,1
1,NewOrder,1770881202.913006,6947,19,1
2,Payment,1770881202.913702,10059,3,1
2,Payment,1770881202.917403,15900,2,1
1,NewOrder,1770881202.919611,30138,17,1
2,Payment,1770881202.919989,17720,19,1
1,NewOrder,1770881202.920430,22660,4,1
1,NewOrder,1770881202.922858,27390,14,1
2,Payment,1770881202.923801,12112,3,1
2,Payment,1770881202.924524,14130,1,1
1,NewOrder,1770881202.924604,31210,22,1
2,Payment,1770881202.927993,12679,10,1
1,NewOrder,1770881202.929736,5670,0,1
1,NewOrder,1770881202.929824,31429,20,1
2,Payment,1770881202.932761,17517,12,1
1,NewOrder,1770881202.933249,15056,18,1
1,NewOrder,1770881202.933331,39252,2,1
1,NewOrder,1770881202.933705,24142,6,1
2,Payment,1770881202.933905,9447,9,1
2,Payment,1770881202.934819,10888,21,1
2,Payment,1770881202.934969,16402,11,1
1,NewOrder,1770881202.935439,22540,0,1
1,NewOrder,1770881202.935946,21954,3,1
2,Payment,1770881202.936072,16729,15,1
2,Payment,1770881202.937506,32781,13,1
2,Payment,1770881202.937744,12412,19,1
2,Payment,1770881202.938684,7213,1,1
1,NewOrder,1770881202.939263,18577,7,1
2,Payment,1770881202.939862,14483,8,1
2,Payment,1770881202.940702,22358,10,1
2,Payment,1770881202.943126,14845,4,1
3,OrderStatus,1770881202.943392,2011,9,1
2,Payment,1770881202.945459,12393,9,1
1,NewOrder,1770881202.945743,19331,21,1
3,OrderStatus,1770881202.945944,3983,1,1
2,Payment,1770881202.948342,9873,18,1
2,Payment,1770881202.949789,17313,17,1
5,StockLevel,1770881202.949961,7169,1,1
2,Payment,1770881202.950193,9956,19,1
2,Payment,1770881202.950279,39512,14,1
1,NewOrder,1770881202.950315,29669,12,1
2,Payment,1770881202.951398,19707,11,1
2,Payment,1770881202.952836,20251,15,1
1,NewOrder,1770881202.954382,13672,8,1
2,Payment,1770881202.955851,17105,22,1
1,NewOrder,1770881202.957162,57346,1,1
1,NewOrder,1770881202.957674,47951,5,1
2,Payment,1770881202.957865,38703,6,1
2,Payment,1770881202.957872,43784,7,1
5,StockLevel,1770881202.957879,3081,9,1
1,NewOrder,1770881202.957945,55625,3,1
1,NewOrder,1770881202.957993,55917,0,1
2,Payment,1770881202.958006,10411,4,1
2,Payment,1770881202.958241,6018,18,1
2,Payment,1770881202.960182,7470,19,1
3,OrderStatus,1770881202.960989,1986,9,1
2,Payment,1770881202.961295,14270,20,1
2,Payment,1770881202.962873,41164,16,1
2,Payment,1770881202.963011,10428,9,1
3,OrderStatus,1770881202.963075,1424,10,1
1,NewOrder,1770881202.964290,39527,18,1
2,Payment,1770881202.964538,20685,10,1
2,Payment,1770881202.965100,57420,21,1
1,NewOrder,1770881202.967134,34878,17,1
2,Payment,1770881202.967688,10421,19,1
2,Payment,1770881202.968070,7813,8,1
1,NewOrder,1770881202.968446,9354,4,1
1,NewOrder,1770881202.970321,31838,13,1
1,NewOrder,1770881202.971141,40570,11,1
1,NewOrder,1770881202.972618,45241,2,1
1,NewOrder,1770881202.972993,19876,22,1
2,Payment,1770881202.973106,19259,15,1
1,NewOrder,1770881202.973453,8808,9,1
2,Payment,1770881202.975599,7630,20,1
1,NewOrder,1770881202.975909,7637,8,1
2,Payment,1770881202.976619,15404,23,1
2,Payment,1770881202.977819,4067,4,1
3,OrderStatus,1770881202.978142,1236,19,1
2,Payment,1770881202.979396,7227,19,1
1,NewOrder,1770881202.980003,39443,12,1
1,NewOrder,1770881202.981957,8011,4,1
1,NewOrder,1770881202.982302,4947,9,1
2,Payment,1770881202.983264,12904,20,1
2,Payment,1770881202.983568,4452,8,1
1,NewOrder,1770881202.985306,28624,10,1
2,Payment,1770881202.986671,11765,19,1
2,Payment,1770881202.987267,3070,9,1
1,NewOrder,1770881202.988054,33339,8,1
1,NewOrder,1770881202.989843,29069,14,1
2,Payment,1770881202.989977,10710,4,1
2,Payment,1770881202.990346,2372,9,1
2,Payment,1770881202.992051,25213,23,1
2,Payment,1770881202.992383,2357,15,1
1,NewOrder,1770881202.992732,6402,9,1
1,NewOrder,1770881202.992893,26144,22,1
1,NewOrder,1770881202.994764,7230,15,1
1,NewOrder,1770881202.996194,44675,20,1
1,NewOrder,1770881202.996589,39328,6,1
2,Payment,1770881202.998452,21131,19,1
2,Payment,1770881202.999159,4827,9,1
2,Payment,1770881203.000719,9081,4,1
1,NewOrder,1770881203.001680,20885,7,1
2,Payment,1770881203.002022,9584,15,1
2,Payment,1770881203.002038,13185,17,1
1,NewOrder,1770881203.002196,42738,13,1
3,OrderStatus,1770881203.003865,9210,18,1
1,NewOrder,1770881203.004005,3195,9,1
4,Delivery,1770881203.004057,58455,16,1
1,NewOrder,1770881203.005657,35998,5,1
2,Payment,1770881203.007270,3210,9,1
2,Payment,1770881203.009818,8439,4,1
2,Payment,1770881203.010502,2482,9,1
2,Payment,1770881203.011628,13954,15,1
1,NewOrder,1770881203.011727,28834,11,1
5,StockLevel,1770881203.013006,1668,9,1
1,NewOrder,1770881203.013095,30603,18,1
2,Payment,1770881203.013591,13290,3,1
2,Payment,1770881203.013932,22017,0,1
4,Delivery,1770881203.013952,66730,10,1
1,NewOrder,1770881203.014525,44049,1,1
1,NewOrder,1770881203.014689,11244,9,1
1,NewOrder,1770881203.015240,29570,17,1
1,NewOrder,1770881203.017282,46291,23,1
3,OrderStatus,1770881203.017877,6574,2,1
2,Payment,1770881203.018277,20580,4,1
1,NewOrder,1770881203.018929,40102,14,1
1,NewOrder,1770881203.019054,23263,22,1
1,NewOrder,1770881203.019469,21458,12,1
2,Payment,1770881203.019603,4551,19,1
2,Payment,1770881203.021410,9577,8,1
2,Payment,1770881203.022542,4724,21,1
2,Payment,1770881203.022588,20602,7,1
1,NewOrder,1770881203.024176,4799,19,1
5,StockLevel,1770881203.024473,13977,2,1
2,Payment,1770881203.025608,7479,15,1
2,Payment,1770881203.025955,19523,9,1
2,Payment,1770881203.026902,16812,3,1
1,NewOrder,1770881203.027285,31729,21,1
2,Payment,1770881203.029006,2597,19,1
2,Payment,1770881203.031009,20907,8,1
2,Payment,1770881203.031626,1891,19,1
1,NewOrder,1770881203.033109,36360,15,1
2,Payment,1770881203.033561,1780,19,1
1,NewOrder,1770881203.035362,7350,19,1
1,NewOrder,1770881203.035937,41839,6,1
2,Payment,1770881203.035971,16658,0,1
2,Payment,1770881203.038469,17090,2,1
1,NewOrder,1770881203.038873,58491,4,1
1,NewOrder,1770881203.040583,38758,11,1
2,Payment,1770881203.040894,7756,20,1
2,Payment,1770881203.040949,20522,12,1
1,NewOrder,1770881203.041672,30502,5,1
1,NewOrder,1770881203.042345,43831,22,1
1,NewOrder,1770881203.042733,18869,19,1
1,NewOrder,1770881203.043210,34154,7,1
2,Payment,1770881203.043715,18906,18,1
1,NewOrder,1770881203.043732,44499,3,1
2,Payment,1770881203.044831,19073,17,1
2,Payment,1770881203.044959,21764,13,1
2,Payment,1770881203.045500,3509,9,1
3,OrderStatus,1770881203.048672,13160,20,1
1,NewOrder,1770881203.049029,20009,9,1
1,NewOrder,1770881203.051943,11677,8,1
2,Payment,1770881203.052652,8258,0,1
5,StockLevel,1770881203.055583,12811,2,1
2,Payment,1770881203.058612,12598,1,1
3,OrderStatus,1770881203.059043,7525,21,1
1,NewOrder,1770881203.059052,19845,14,1
3,OrderStatus,1770881203.060936,10213,0,1
1,NewOrder,1770881203.061496,31280,12,1
3,OrderStatus,1770881203.061624,8628,19,1
1,NewOrder,1770881203.061854,28875,20,1
1,NewOrder,1770881203.062533,36866,16,1
4,Delivery,1770881203.062640,18597,18,1
1,NewOrder,1770881203.063593,37705,23,1
1,NewOrder,1770881203.063645,29526,8,1
1,NewOrder,1770881203.063927,30292,17,1
1,NewOrder,1770881203.066593,26163,21,1
1,NewOrder,1770881203.066737,15625,13,1
1,NewOrder,1770881203.068416,39426,2,1
4,Delivery,1770881203.069062,12123,9,1
1,NewOrder,1770881203.069484,20664,15,1
2,Payment,1770881203.070272,13423,19,1
1,NewOrder,1770881203.071174,27808,0,1
2,Payment,1770881203.071236,7138,1,1
5,StockLevel,1770881203.072197,32976,5,1
2,Payment,1770881203.077385,13380,7,1
2,Payment,1770881203.077802,15367,6,1
3,OrderStatus,1770881203.078401,6860,1,1
1,NewOrder,1770881203.078923,23648,14,1
2,Payment,1770881203.079367,20079,11,1
1,NewOrder,1770881203.080703,26383,10,1
1,NewOrder,1770881203.081208,8742,9,1
5,StockLevel,1770881203.081258,13013,18,1
2,Payment,1770881203.082382,9790,13,1
2,Payment,1770881203.083712,4870,19,1
2,Payment,1770881203.085287,11556,1,1
1,NewOrder,1770881203.086200,34022,22,1
2,Payment,1770881203.088256,11177,3,1
1,NewOrder,1770881203.088602,26524,19,1
2,Payment,1770881203.089974,5769,9,1
1,NewOrder,1770881203.090170,27576,15,1
3,OrderStatus,1770881203.090746,6288,20,1
1,NewOrder,1770881203.090784,19709,7,1
1,NewOrder,1770881203.092198,19933,13,1
1,NewOrder,1770881203.092779,20271,21,1
1,NewOrder,1770881203.092799,40908,12,1
1,NewOrder,1770881203.093188,20847,6,1
1,NewOrder,1770881203.093237,25459,8,1
1,NewOrder,1770881203.094263,27589,17,1
1,NewOrder,1770881203.094295,39373,18,1
2,Payment,1770881203.095766,6150,9,1
2,Payment,1770881203.096865,7006,1,1
2,Payment,1770881203.097052,10764,20,1
1,NewOrder,1770881203.097380,24224,4,1
2,Payment,1770881203.099002,10454,0,1
4,Delivery,1770881203.099424,43038,16,1
1,NewOrder,1770881203.099458,26649,3,1
2,Payment,1770881203.099468,12135,11,1
1,NewOrder,1770881203.101320,38046,23,1
1,NewOrder,1770881203.101936,30132,9,1
2,Payment,1770881203.102596,9563,14,1
2,Payment,1770881203.103892,8164,1,1
1,NewOrder,1770881203.105197,42755,5,1
1,NewOrder,1770881203.107104,27318,10,1
2,Payment,1770881203.107841,8070,20,1
2,Payment,1770881203.107865,16546,2,1
2,Payment,1770881203.109479,11743,0,1
2,Payment,1770881203.110515,13256,7,1
1,NewOrder,1770881203.111625,26018,11,1
4,Delivery,1770881203.112077,38606,1,1
1,NewOrder,1770881203.112148,31459,13,1
1,NewOrder,1770881203.112183,16348,14,1
2,Payment,1770881203.113069,8558,21,1
5,StockLevel,1770881203.114047,13822,6,1
2,Payment,1770881203.115136,9304,19,1
1,NewOrder,1770881203.115933,39733,20,1
1,NewOrder,1770881203.117770,23335,15,1
2,Payment,1770881203.118722,10624,8,1
3,OrderStatus,1770881203.120251,8952,22,1
2,Payment,1770881203.121245,12884,0,1
2,Payment,1770881203.121628,14507,4,1
1,NewOrder,1770881203.121644,30446,21,1
1,NewOrder,1770881203.121866,41270,17,1
2,Payment,1770881203.123795,11971,7,1
5,StockLevel,1770881203.124430,15058,2,1
1,NewOrder,1770881203.124462,29316,19,1
1,NewOrder,1770881203.126133,29603,3,1
2,Payment,1770881203.127892,8519,6,1
1,NewOrder,1770881203.128549,19886,14,1
1,NewOrder,1770881203.129226,23353,22,1
1,NewOrder,1770881203.129364,24384,8,1
2,Payment,1770881203.132093,13976,9,1
2,Payment,1770881203.133692,10985,18,1
2,Payment,1770881203.133729,21927,12,1
1,NewOrder,1770881203.134148,27049,0,1
1,NewOrder,1770881203.134445,18137,10,1
1,NewOrder,1770881203.135787,20968,7,1
2,Payment,1770881203.136157,1916,4,1
1,NewOrder,1770881203.136437,24719,6,1
2,Payment,1770881203.137663,11626,11,1
2,Payment,1770881203.138095,6226,4,1
2,Payment,1770881203.139388,13801,23,1
1,NewOrder,1770881203.139512,20911,2,1
1,NewOrder,1770881203.141127,34287,15,1
1,NewOrder,1770881203.142485,16816,16,1
2,Payment,1770881203.143631,14404,13,1
1,NewOrder,1770881203.144341,29034,4,1
2,Payment,1770881203.144692,12528,18,1
1,NewOrder,1770881203.146093,23164,9,1
2,Payment,1770881203.147975,16167,5,1
4,Delivery,1770881203.148455,67301,14,1
2,Payment,1770881203.149314,11427,11,1
2,Payment,1770881203.150706,15970,1,1
2,Payment,1770881203.152117,9027,21,1
2,Payment,1770881203.152600,10897,10,1
1,NewOrder,1770881203.152605,20553,22,1
3,OrderStatus,1770881203.153210,7632,23,1
2,Payment,1770881203.153767,22172,8,1
2,Payment,1770881203.153799,9753,19,1
1,NewOrder,1770881203.155687,21904,12,1
4,Delivery,1770881203.155687,63089,20,1
2,Payment,1770881203.155759,13221,3,1
2,Payment,1770881203.156776,9574,7,1
4,Delivery,1770881203.157240,61941,18,1
1,NewOrder,1770881203.158056,15551,13,1
2,Payment,1770881203.159323,7459,16,1
1,NewOrder,1770881203.160450,22990,2,1
1,NewOrder,1770881203.160761,21632,11,1
1,NewOrder,1770881203.160862,19054,23,1
2,Payment,1770881203.161157,10394,21,1
2,Payment,1770881203.161169,8170,6,1
1,NewOrder,1770881203.161210,37289,0,1
2,Payment,1770881203.163153,7719,17,1
2,Payment,1770881203.163520,9719,10,1
2,Payment,1770881203.163574,10885,19,1
1,NewOrder,1770881203.164157,31680,5,1
2,Payment,1770881203.166366,13248,7,1
2,Payment,1770881203.166696,4763,1,1
1,NewOrder,1770881203.166799,31328,16,1
2,Payment,1770881203.169003,4584,3,1
3,OrderStatus,1770881203.169270,8047,9,1
1,NewOrder,1770881203.169365,31052,6,1
2,Payment,1770881203.170891,8872,17,1
1,NewOrder,1770881203.171473,25566,1,1
2,Payment,1770881203.171565,12053,21,1
2,Payment,1770881203.173180,13303,22,1
2,Payment,1770881203.173261,11178,10,1
1,NewOrder,1770881203.173395,28457,4,1
2,Payment,1770881203.173611,5632,3,1
5,StockLevel,1770881203.173625,28730,13,1
2,Payment,1770881203.174472,13812,19,1
2,Payment,1770881203.175434,8029,15,1
1,NewOrder,1770881203.175950,11752,8,1
4,Delivery,1770881203.177337,54546,9,1
1,NewOrder,1770881203.177611,26680,12,1
1,NewOrder,1770881203.179259,23545,3,1
1,NewOrder,1770881203.179632,15841,7,1
1,NewOrder,1770881203.179774,37920,17,1
1,NewOrder,1770881203.179937,25259,23,1
1,NewOrder,1770881203.182414,35883,11,1
3,OrderStatus,1770881203.183460,7829,2,1
2,Payment,1770881203.183482,13586,15,1
2,Payment,1770881203.183632,7019,21,1
2,Payment,1770881203.184463,7233,10,1
3,OrderStatus,1770881203.186502,6664,22,1
2,Payment,1770881203.187724,8237,8,1
1,NewOrder,1770881203.188305,22273,19,1
1,NewOrder,1770881203.190673,25612,21,1
1,NewOrder,1770881203.191314,35043,2,1
2,Payment,1770881203.191717,6741,10,1
1,NewOrder,1770881203.193186,27384,22,1
1,NewOrder,1770881203.195490,14697,7,1
2,Payment,1770881203.195860,11504,5,1
4,Delivery,1770881203.195980,35476,8,1
2,Payment,1770881203.197055,13446,1,1
1,NewOrder,1770881203.197105,21692,15,1
2,Payment,1770881203.198162,6704,16,1
2,Payment,1770881203.198481,4805,10,1
1,NewOrder,1770881203.198518,21503,0,1
2,Payment,1770881203.200442,5413,6,1
2,Payment,1770881203.201869,10620,4,1
1,NewOrder,1770881203.202375,31828,13,1
1,NewOrder,1770881203.202822,27713,3,1
1,NewOrder,1770881203.203300,40865,10,1
2,Payment,1770881203.204304,13409,12,1
1,NewOrder,1770881203.204885,32408,16,1
2,Payment,1770881203.205213,12987,23,1
5,StockLevel,1770881203.205874,14654,6,1
2,Payment,1770881203.207377,9729,5,1
5,StockLevel,1770881203.210201,14050,7,1
1,NewOrder,1770881203.210519,25416,1,1
2,Payment,1770881203.210598,9999,19,1
2,Payment,1770881203.212505,6384,4,1
1,NewOrder,1770881203.215775,19207,14,1
1,NewOrder,1770881203.216305,30874,21,1
4,Delivery,1770881203.217125,118941,5,1
1,NewOrder,1770881203.217711,30897,17,1
2,Payment,1770881203.217728,13304,12,1
2,Payment,1770881203.218221,17302,23,1
1,NewOrder,1770881203.218312,41098,11,1
1,NewOrder,1770881203.218789,36133,20,1
2,Payment,1770881203.218810,14163,15,1
1,NewOrder,1770881203.218905,24217,4,1
1,NewOrder,1770881203.219197,5198,18,1
1,NewOrder,1770881203.220043,17892,0,1
3,OrderStatus,1770881203.220542,6760,6,1
1,NewOrder,1770881203.220583,34846,22,1
2,Payment,1770881203.220616,16940,19,1
2,Payment,1770881203.224269,8751,7,1
2,Payment,1770881203.224415,15067,18,1
4,Delivery,1770881203.226370,110405,2,1
2,Payment,1770881203.227319,8075,6,1
1,NewOrder,1770881203.230555,22102,3,1
1,NewOrder,1770881203.231050,21062,12,1
1,NewOrder,1770881203.231474,4309,8,1
1,NewOrder,1770881203.231898,35891,9,1
2,Payment,1770881203.232993,2811,15,1
2,Payment,1770881203.233040,9523,7,1
1,NewOrder,1770881203.234219,30207,13,1
1,NewOrder,1770881203.234998,45226,14,1
2,Payment,1770881203.235404,9822,6,1
2,Payment,1770881203.235537,12376,23,1
1,NewOrder,1770881203.235801,12074,8,1
1,NewOrder,1770881203.235822,22558,15,1
1,NewOrder,1770881203.235947,29617,1,1
2,Payment,1770881203.237316,10554,16,1
1,NewOrder,1770881203.237568,5194,19,1
1,NewOrder,1770881203.237946,37470,0,1
2,Payment,1770881203.239501,10627,18,1
2,Payment,1770881203.242594,7312,7,1
2,Payment,1770881203.242771,9766,19,1
2,Payment,1770881203.243140,5959,4,1
2,Payment,1770881203.244183,8430,10,1
2,Payment,1770881203.245240,14135,6,1
2,Payment,1770881203.247198,20832,21,1
1,NewOrder,1770881203.247888,36077,16,1
2,Payment,1770881203.247889,9077,8,1
2,Payment,1770881203.247931,9065,23,1
4,Delivery,1770881203.248627,136976,17,1
2,Payment,1770881203.249113,7198,4,1
2,Payment,1770881203.249920,13546,7,1
1,NewOrder,1770881203.250152,2779,18,1
2,Payment,1770881203.252122,11350,12,1
2,Payment,1770881203.252545,6781,19,1
1,NewOrder,1770881203.252631,42496,10,1
1,NewOrder,1770881203.252674,35660,3,1
2,Payment,1770881203.252949,12710,18,1
2,Payment,1770881203.254934,8863,20,1
1,NewOrder,1770881203.255443,58423,22,1
1,NewOrder,1770881203.256329,34324,4,1
1,NewOrder,1770881203.256984,42872,8,1
1,NewOrder,1770881203.257014,42258,23,1
3,OrderStatus,1770881203.258393,6975,15,1
4,Delivery,1770881203.259350,6344,19,1
1,NewOrder,1770881203.259391,21898,6,1
3,OrderStatus,1770881203.259432,7138,11,1
2,Payment,1770881203.263488,7551,7,1
2,Payment,1770881203.263491,17410,12,1
2,Payment,1770881203.263816,14350,20,1
2,Payment,1770881203.264440,19494,13,1
2,Payment,1770881203.265380,20327,15,1
2,Payment,1770881203.265585,8920,1,1
1,NewOrder,1770881203.265679,3766,18,1
2,Payment,1770881203.265710,4155,19,1
1,NewOrder,1770881203.266585,35956,11,1
1,NewOrder,1770881203.267807,40519,9,1
1,NewOrder,1770881203.268040,3429,21,1
2,Payment,1770881203.269465,2410,18,1
2,Payment,1770881203.269877,5764,19,1
5,StockLevel,1770881203.271056,13598,7,1
2,Payment,1770881203.271484,1672,21,1
1,NewOrder,1770881203.271883,5667,18,1
2,Payment,1770881203.273173,7430,21,1
1,NewOrder,1770881203.274516,22975,1,1
4,Delivery,1770881203.275442,61376,0,1
1,NewOrder,1770881203.275657,3380,19,1
1,NewOrder,1770881203.277558,3266,18,1
2,Payment,1770881203.278185,5287,20,1
1,NewOrder,1770881203.279053,3751,19,1
1,NewOrder,1770881203.280248,32907,14,1
2,Payment,1770881203.280614,6847,21,1
2,Payment,1770881203.280832,4394,18,1
1,NewOrder,1770881203.280913,34615,12,1
2,Payment,1770881203.281308,7415,6,1
2,Payment,1770881203.282822,13965,19,1
2,Payment,1770881203.283488,9224,20,1
1,NewOrder,1770881203.283948,14713,13,1
2,Payment,1770881203.283980,7443,16,1
2,Payment,1770881203.284666,8568,7,1
2,Payment,1770881203.285234,9027,18,1
5,StockLevel,1770881203.285724,10983,15,1
1,NewOrder,1770881203.287479,58044,21,1
1,NewOrder,1770881203.288344,43464,3,1
2,Payment,1770881203.288746,6762,6,1
3,OrderStatus,1770881203.290669,7595,4,1
1,NewOrder,1770881203.291442,39621,16,1
2,Payment,1770881203.292723,7041,20,1
1,NewOrder,1770881203.293254,38566,7,1
2,Payment,1770881203.294273,8525,18,1
1,NewOrder,1770881203.295145,36646,10,1
2,Payment,1770881203.295528,5808,6,1
1,NewOrder,1770881203.296724,28737,15,1
2,Payment,1770881203.296801,4978,19,1
5,StockLevel,1770881203.297508,23108,1,1
2,Payment,1770881203.298276,15969,4,1
2,Payment,1770881203.298673,19663,13,1
1,NewOrder,1770881203.299290,25073,23,1
1,NewOrder,1770881203.299776,32718,20,1
1,NewOrder,1770881203.299872,23539,8,1
2,Payment,1770881203.301351,14225,6,1
1,NewOrder,1770881203.301795,5457,19,1
5,StockLevel,1770881203.302556,22195,11,1
2,Payment,1770881203.302810,969,18,1
1,NewOrder,1770881203.303788,3117,18,1
1,NewOrder,1770881203.306913,2383,18,1
1,NewOrder,1770881203.307270,5294,19,1
2,Payment,1770881203.308338,10305,9,1
1,NewOrder,1770881203.309304,4920,18,1
2,Payment,1770881203.312586,4047,19,1
1,NewOrder,1770881203.313181,33423,14,1
1,NewOrder,1770881203.313885,14141,22,1
2,Payment,1770881203.314236,4342,18,1
2,Payment,1770881203.314263,8619,4,1
2,Payment,1770881203.315548,10345,12,1
1,NewOrder,1770881203.315592,28793,6,1
4,Delivery,1770881203.316654,48566,19,1
2,Payment,1770881203.318352,10950,13,1
1,NewOrder,1770881203.318598,4727,18,1
2,Payment,1770881203.318658,2083,9,1
2,Payment,1770881203.320639,10618,1,1
1,NewOrder,1770881203.320767,38405,9,1
2,Payment,1770881203.322907,10188,4,1
5,StockLevel,1770881203.323343,1378,18,1
2,Payment,1770881203.323431,5277,8,1
1,NewOrder,1770881203.324389,51916,23,1
1,NewOrder,1770881203.324732,6966,18,1
1,NewOrder,1770881203.324764,44684,11,1
1,NewOrder,1770881203.325477,49691,15,1
2,Payment,1770881203.325919,7643,12,1
4,Delivery,1770881203.328051,37897,22,1
1,NewOrder,1770881203.328724,18487,8,1
2,Payment,1770881203.329327,9749,13,1
2,Payment,1770881203.331079,10686,16,1
1,NewOrder,1770881203.331283,13971,1,1
2,Payment,1770881203.331717,1787,18,1
2,Payment,1770881203.331807,9427,10,1
1,NewOrder,1770881203.331822,31537,3,1
1,NewOrder,1770881203.331837,29944,7,1
1,NewOrder,1770881203.332520,46021,20,1
1,NewOrder,1770881203.333112,37337,4,1
1,NewOrder,1770881203.333522,33460,18,1
1,NewOrder,1770881203.333577,31915,12,1
2,Payment,1770881203.336082,12929,5,1
1,NewOrder,1770881203.336795,4792,2,1
1,NewOrder,1770881203.336841,6586,0,1
1,NewOrder,1770881203.339094,25261,13,1
1,NewOrder,1770881203.341257,21762,10,1
2,Payment,1770881203.341604,8768,2,1
2,Payment,1770881203.341790,10560,16,1
2,Payment,1770881203.343439,9273,0,1
1,NewOrder,1770881203.344404,26992,6,1
1,NewOrder,1770881203.345272,18037,1,1
1,NewOrder,1770881203.345534,17801,21,1
2,Payment,1770881203.346627,11888,14,1
1,NewOrder,1770881203.347238,51636,8,1
1,NewOrder,1770881203.349038,41750,5,1
4,Delivery,1770881203.350392,11036,2,1
1,NewOrder,1770881203.352381,31760,16,1
1,NewOrder,1770881203.352736,5727,0,1
1,NewOrder,1770881203.358481,4832,0,1
2,Payment,1770881203.358533,8605,14,1
1,NewOrder,1770881203.359196,44281,9,1
1,NewOrder,1770881203.361451,4756,2,1
1,NewOrder,1770881203.361806,21047,7,1
1,NewOrder,1770881203.363045,27257,10,1
1,NewOrder,1770881203.363326,23971,1,1
1,NewOrder,1770881203.363332,4105,0,1
2,Payment,1770881203.363352,7124,21,1
1,NewOrder,1770881203.363384,31076,3,1
1,NewOrder,1770881203.364367,28061,13,1
1,NewOrder,1770881203.365239,31176,19,1
2,Payment,1770881203.365510,15439,12,1
1,NewOrder,1770881203.365966,18093,22,1
2,Payment,1770881203.366219,3550,2,1
1,NewOrder,1770881203.366999,17123,18,1
2,Payment,1770881203.367164,17359,14,1
4,Delivery,1770881203.367451,3383,0,1
3,OrderStatus,1770881203.369474,9534,11,1
2,Payment,1770881203.369788,7873,2,1
2,Payment,1770881203.370466,9970,4,1
1,NewOrder,1770881203.370494,28460,21,1
5,StockLevel,1770881203.370846,2000,0,1
1,NewOrder,1770881203.371407,37102,6,1
1,NewOrder,1770881203.372856,36681,0,1
1,NewOrder,1770881203.375181,32407,15,1
1,NewOrder,1770881203.376324,26548,23,1
2,Payment,1770881203.377685,7547,2,1
1,NewOrder,1770881203.378563,33998,20,1
1,NewOrder,1770881203.379026,28115,11,1
2,Payment,1770881203.380455,7173,4,1
2,Payment,1770881203.380975,9697,12,1
1,NewOrder,1770881203.382873,35186,7,1
2,Payment,1770881203.384076,13904,22,1
4,Delivery,1770881203.384149,14306,18,1
4,Delivery,1770881203.384158,1601,16,1
1,NewOrder,1770881203.384549,17175,14,1
2,Payment,1770881203.385244,9733,2,1
2,Payment,1770881203.385613,10429,17,1
2,Payment,1770881203.385775,12653,16,1
5,StockLevel,1770881203.387312,15257,1,1
2,Payment,1770881203.387648,5303,4,1
1,NewOrder,1770881203.390323,20288,10,1
1,NewOrder,1770881203.390698,16902,12,1
1,NewOrder,1770881203.390801,25177,5,1
1,NewOrder,1770881203.392448,20070,13,1
2,Payment,1770881203.392978,5505,4,1
2,Payment,1770881203.394481,7592,3,1
2,Payment,1770881203.394996,12556,2,1
1,NewOrder,1770881203.396055,28285,17,1
1,NewOrder,1770881203.396441,39188,19,1
4,Delivery,1770881203.397993,3673,22,1
1,NewOrder,1770881203.398452,26191,16,1
1,NewOrder,1770881203.398475,20730,18,1
2,Payment,1770881203.398500,6505,4,1
2,Payment,1770881203.398901,5432,8,1
4,Delivery,1770881203.398966,76071,21,1
1,NewOrder,1770881203.401684,18072,22,1
2,Payment,1770881203.401743,8829,14,1
1,NewOrder,1770881203.402093,19585,3,1
1,NewOrder,1770881203.402586,24673,1,1
1,NewOrder,1770881203.402897,30549,23,1
1,NewOrder,1770881203.403498,31919,9,1
1,NewOrder,1770881203.404348,24307,8,1
1,NewOrder,1770881203.405025,28926,4,1
1,NewOrder,1770881203.407156,26747,11,1
1,NewOrder,1770881203.407580,22856,2,1
2,Payment,1770881203.407615,10825,15,1
2,Payment,1770881203.407626,7441,12,1
1,NewOrder,1770881203.408531,21316,6,1
1,NewOrder,1770881203.409570,20836,0,1
1,NewOrder,1770881203.410589,31255,14,1
2,Payment,1770881203.410637,6976,10,1
2,Payment,1770881203.412535,7855,13,1
2,Payment,1770881203.412577,7155,20,1
3,OrderStatus,1770881203.415086,8952,12,1
1,NewOrder,1770881203.415992,17101,5,1
1,NewOrder,1770881203.417630,35448,10,1
1,NewOrder,1770881203.418076,17217,7,1
2,Payment,1770881203.418451,7538,15,1
2,Payment,1770881203.419230,8612,18,1
4,Delivery,1770881203.419742,54608,20,1
1,NewOrder,1770881203.419782,16958,22,1
2,Payment,1770881203.420404,7936,13,1
1,NewOrder,1770881203.421697,35047,3,1
2,Payment,1770881203.424058,16565,12,1
1,NewOrder,1770881203.424354,19827,17,1
1,NewOrder,1770881203.424668,34181,16,1
2,Payment,1770881203.426003,16710,15,1
1,NewOrder,1770881203.427280,28784,1,1
2,Payment,1770881203.427857,13361,18,1
2,Payment,1770881203.428366,10521,13,1
1,NewOrder,1770881203.428672,28861,8,1
2,Payment,1770881203.429863,9603,6,1
1,NewOrder,1770881203.430427,25050,0,1
2,Payment,1770881203.430452,5236,2,1
4,Delivery,1770881203.433118,65940,5,1
2,Payment,1770881203.433465,11377,23,1
2,Payment,1770881203.433919,8139,11,1
4,Delivery,1770881203.433977,66576,4,1
5,StockLevel,1770881203.435309,15471,7,1
2,Payment,1770881203.435443,12980,9,1
1,NewOrder,1770881203.435641,15613,19,1
2,Payment,1770881203.435703,3760,2,1
2,Payment,1770881203.436755,11272,22,1
2,Payment,1770881203.438913,8466,13,1
1,NewOrder,1770881203.439477,26734,2,1
2,Payment,1770881203.439486,6775,6,1
2,Payment,1770881203.440640,8170,12,1
1,NewOrder,1770881203.441230,17270,18,1
2,Payment,1770881203.441860,10802,14,1
1,NewOrder,1770881203.442067,29125,11,1
2,Payment,1770881203.442737,8067,15,1
1,NewOrder,1770881203.444198,26737,17,1
2,Payment,1770881203.444863,13195,23,1
2,Payment,1770881203.446275,5683,6,1
1,NewOrder,1770881203.447405,25197,13,1
2,Payment,1770881203.448044,13209,22,1
3,OrderStatus,1770881203.448447,1731,9,1
1,NewOrder,1770881203.448822,11717,12,1
1,NewOrder,1770881203.450195,19225,9,1
1,NewOrder,1770881203.450801,18256,7,1
1,NewOrder,1770881203.450829,7191,15,1
2,Payment,1770881203.451268,11514,19,1
1,NewOrder,1770881203.451978,13778,6,1
2,Payment,1770881203.452687,3342,14,1
1,NewOrder,1770881203.453090,30426,10,1
2,Payment,1770881203.455503,7979,0,1
2,Payment,1770881203.456044,4874,14,1
1,NewOrder,1770881203.456088,56030,1,1
2,Payment,1770881203.456771,9418,3,1
1,NewOrder,1770881203.457578,26611,8,1
1,NewOrder,1770881203.458037,17589,15,1
4,Delivery,1770881203.458074,16405,23,1
1,NewOrder,1770881203.458511,22581,18,1
1,NewOrder,1770881203.458859,17061,16,1
2,Payment,1770881203.460550,7099,12,1
1,NewOrder,1770881203.460926,39272,14,1
1,NewOrder,1770881203.461269,42166,22,1
2,Payment,1770881203.462802,4431,19,1
3,OrderStatus,1770881203.463509,5507,0,1
1,NewOrder,1770881203.465776,18734,6,1
1,NewOrder,1770881203.466208,21910,3,1
2,Payment,1770881203.466237,4998,2,1
2,Payment,1770881203.467259,6598,19,1
1,NewOrder,1770881203.467661,31433,12,1
2,Payment,1770881203.469041,10996,0,1
2,Payment,1770881203.469073,12063,7,1
1,NewOrder,1770881203.469431,36429,9,1
1,NewOrder,1770881203.470961,28141,17,1
4,Delivery,1770881203.471202,52547,11,1
4,Delivery,1770881203.471261,28780,2,1
1,NewOrder,1770881203.472627,26418,13,1
3,OrderStatus,1770881203.473874,7607,19,1
2,Payment,1770881203.474369,1610,20,1
2,Payment,1770881203.474501,6607,23,1
2,Payment,1770881203.475055,8202,21,1
2,Payment,1770881203.475639,10162,15,1
2,Payment,1770881203.475935,6744,16,1
5,StockLevel,1770881203.475996,2562,20,1
1,NewOrder,1770881203.478570,4912,20,1
1,NewOrder,1770881203.480063,27623,0,1
2,Payment,1770881203.481109,18121,18,1
2,Payment,1770881203.481131,25228,23,1
2,Payment,1770881203.481162,3386,7,1
1,NewOrder,1770881203.481506,18742,19,1
2,Payment,1770881203.482689,21215,16,1
2,Payment,1770881203.483274,23053,21,1
1,NewOrder,1770881203.483497,4906,20,1
1,NewOrder,1770881203.483522,59350,10,1
2,Payment,1770881203.484207,9277,8,1
2,Payment,1770881203.484523,15695,6,1
1,NewOrder,1770881203.484566,15602,7,1
1,NewOrder,1770881203.485815,27120,15,1
2,Payment,1770881203.488135,31793,3,1
4,Delivery,1770881203.488417,12468,20,1
1,NewOrder,1770881203.493501,7243,8,1
2,Payment,1770881203.499072,31706,13,1
5,StockLevel,1770881203.499083,12311,5,1
1,NewOrder,1770881203.499114,14150,17,1
2,Payment,1770881203.499121,5827,12,1
1,NewOrder,1770881203.499254,42877,18,1
2,Payment,1770881203.500063,14935,2,1
2,Payment,1770881203.500182,1771,7,1
2,Payment,1770881203.500225,39071,14,1
1,NewOrder,1770881203.500233,10800,6,1
2,Payment,1770881203.500264,73355,19,1
1,NewOrder,1770881203.500567,10662,4,1
1,NewOrder,1770881203.500758,2675,8,1
1,NewOrder,1770881203.500898,9114,20,1
2,Payment,1770881203.501968,34788,7,1
2,Payment,1770881203.503449,37424,8,1
5,StockLevel,1770881203.503451,12329,22,1
2,Payment,1770881203.503915,30849,16,1
1,NewOrder,1770881203.504965,3896,12,1
1,NewOrder,1770881203.505871,13679,9,1
1,NewOrder,1770881203.506349,36999,21,1
1,NewOrder,1770881203.506376,3961,23,1
1,NewOrder,1770881203.507699,11517,0,1
2,Payment,1770881203.508874,23311,12,1
4,Delivery,1770881203.510037,11903,20,1
1,NewOrder,1770881203.510352,4332,23,1
1,NewOrder,1770881203.511059,32452,6,1
1,NewOrder,1770881203.511245,23029,4,1
1,NewOrder,1770881203.511408,14950,5,1
2,Payment,1770881203.512129,27291,1,1
1,NewOrder,1770881203.512960,15779,15,1
2,Payment,1770881203.513279,50816,17,1
1,NewOrder,1770881203.514702,6574,23,1
1,NewOrder,1770881203.515016,4952,2,1
1,NewOrder,1770881203.515794,11481,22,1
1,NewOrder,1770881203.519241,32657,0,1
1,NewOrder,1770881203.519563,32465,9,1
2,Payment,1770881203.519943,12032,3,1
5,StockLevel,1770881203.519990,1875,2,1
2,Payment,1770881203.521292,3664,23,1
1,NewOrder,1770881203.521878,7184,2,1
1,NewOrder,1770881203.521955,5969,20,1
2,Payment,1770881203.523767,67063,11,1
2,Payment,1770881203.524982,3215,23,1
3,OrderStatus,1770881203.526374,44608,5,1
2,Payment,1770881203.527290,24636,22,1
2,Payment,1770881203.527950,2197,20,1
1,NewOrder,1770881203.528215,12686,23,1
1,NewOrder,1770881203.528764,23106,15,1
2,Payment,1770881203.529087,5965,2,1
1,NewOrder,1770881203.530162,36291,20,1
1,NewOrder,1770881203.530789,46147,13,1
1,NewOrder,1770881203.531993,13902,3,1
1,NewOrder,1770881203.532203,5905,12,1
2,Payment,1770881203.534293,6936,4,1
1,NewOrder,1770881203.534779,6174,16,1
1,NewOrder,1770881203.535067,22804,2,1
1,NewOrder,1770881203.536782,9991,7,1
2,Payment,1770881203.538127,39695,12,1
2,Payment,1770881203.539316,1992,14,1
2,Payment,1770881203.539445,3780,1,1
1,NewOrder,1770881203.540887,36958,8,1
1,NewOrder,1770881203.540922,30078,23,1
2,Payment,1770881203.540969,4556,16,1
1,NewOrder,1770881203.541246,36519,4,1
2,Payment,1770881203.541319,2427,14,1
2,Payment,1770881203.542152,34988,18,1
1,NewOrder,1770881203.542888,43177,10,1
2,Payment,1770881203.543238,4220,1,1
2,Payment,1770881203.543374,36937,21,1
1,NewOrder,1770881203.543529,12167,6,1
1,NewOrder,1770881203.543758,34031,14,1
1,NewOrder,1770881203.545559,6300,16,1
1,NewOrder,1770881203.545910,100671,3,1
2,Payment,1770881203.546790,29792,7,1
3,OrderStatus,1770881203.547476,1587,1,1
2,Payment,1770881203.549079,26037,1,1
5,StockLevel,1770881203.551877,2118,16,1
1,NewOrder,1770881203.551888,17722,15,1
1,NewOrder,1770881203.551921,7962,0,1
4,Delivery,1770881203.551944,75474,22,1
1,NewOrder,1770881203.552054,8588,9,1
2,Payment,1770881203.554006,2382,16,1
1,NewOrder,1770881203.555716,3416,6,1
1,NewOrder,1770881203.556403,4121,16,1
1,NewOrder,1770881203.557898,15394,2,1
1,NewOrder,1770881203.559146,5830,6,1
1,NewOrder,1770881203.559900,5851,0,1
2,Payment,1770881203.560539,8484,16,1
1,NewOrder,1770881203.560659,7442,9,1
3,OrderStatus,1770881203.564109,3353,17,1
1,NewOrder,1770881203.564990,8276,6,1
1,NewOrder,1770881203.565770,12805,0,1
1,NewOrder,1770881203.566489,12105,20,1
2,Payment,1770881203.567481,22505,17,1
2,Payment,1770881203.568122,31486,9,1
1,NewOrder,1770881203.569048,7464,16,1
2,Payment,1770881203.569636,5307,15,1
1,NewOrder,1770881203.570999,56651,5,1
5,StockLevel,1770881203.571013,3590,23,1
2,Payment,1770881203.573292,29627,6,1
1,NewOrder,1770881203.573319,16603,2,1
2,Payment,1770881203.573634,5324,19,1
2,Payment,1770881203.574616,54475,23,1
2,Payment,1770881203.574961,16318,15,1
1,NewOrder,1770881203.575129,3495,1,1
1,NewOrder,1770881203.576526,48635,16,1
1,NewOrder,1770881203.576600,73688,7,1
2,Payment,1770881203.576962,11669,13,1
2,Payment,1770881203.577164,4736,18,1
1,NewOrder,1770881203.577777,59048,4,1
1,NewOrder,1770881203.577802,5603,14,1
2,Payment,1770881203.577835,16558,12,1
2,Payment,1770881203.577866,22846,8,1
5,StockLevel,1770881203.578585,18235,0,1
2,Payment,1770881203.578609,33345,20,1
2,Payment,1770881203.578640,6981,1,1
1,NewOrder,1770881203.578969,5447,19,1
1,NewOrder,1770881203.580326,5693,21,1
1,NewOrder,1770881203.581914,6877,18,1
2,Payment,1770881203.583427,36142,14,1
2,Payment,1770881203.584431,4351,19,1
1,NewOrder,1770881203.585635,4075,1,1
2,Payment,1770881203.586029,4304,21,1
5,StockLevel,1770881203.586081,58711,10,1
2,Payment,1770881203.588645,42663,13,1
1,NewOrder,1770881203.588797,44721,19,1
2,Payment,1770881203.588808,2838,18,1
1,NewOrder,1770881203.589722,5751,1,1
1,NewOrder,1770881203.589934,52993,2,1
2,Payment,1770881203.589998,2522,17,1
2,Payment,1770881203.590354,10851,21,1
1,NewOrder,1770881203.590842,6010,11,1
1,NewOrder,1770881203.591304,8510,15,1
2,Payment,1770881203.591661,11228,18,1
1,NewOrder,1770881203.592528,4995,17,1
1,NewOrder,1770881203.594418,8179,12,1
2,Payment,1770881203.595487,2722,1,1
2,Payment,1770881203.596835,30299,0,1
3,OrderStatus,1770881203.596871,21917,11,1
3,OrderStatus,1770881203.597532,1013,17,1
1,NewOrder,1770881203.598227,10209,1,1
2,Payment,1770881203.598553,2666,17,1
2,Payment,1770881203.599632,10885,9,1
2,Payment,1770881203.599828,7097,15,1
1,NewOrder,1770881203.600730,6745,8,1
2,Payment,1770881203.601222,14009,21,1
1,NewOrder,1770881203.601243,9487,17,1
5,StockLevel,1770881203.602615,3450,12,1
1,NewOrder,1770881203.602913,4217,18,1
1,NewOrder,1770881203.602951,7824,6,1
2,Payment,1770881203.606091,3935,12,1
1,NewOrder,1770881203.606952,5094,15,1
2,Payment,1770881203.607146,4257,18,1
1,NewOrder,1770881203.607491,6748,8,1
1,NewOrder,1770881203.608461,13461,1,1
1,NewOrder,1770881203.610052,6825,12,1
2,Payment,1770881203.610541,2049,9,1
2,Payment,1770881203.610737,10655,17,1
2,Payment,1770881203.610800,5529,6,1
1,NewOrder,1770881203.611419,4986,18,1
2,Payment,1770881203.611972,5699,20,1
1,NewOrder,1770881203.612061,6438,15,1
3,OrderStatus,1770881203.612606,1640,9,1
2,Payment,1770881203.614257,5630,8,1
2,Payment,1770881203.614264,3740,9,1
1,NewOrder,1770881203.615251,28329,21,1
2,Payment,1770881203.616353,6436,6,1
2,Payment,1770881203.616431,3585,18,1
1,NewOrder,1770881203.616892,3806,12,1
2,Payment,1770881203.617689,4731,20,1
1,NewOrder,1770881203.618030,20284,9,1
2,Payment,1770881203.618514,7051,15,1
1,NewOrder,1770881203.618805,50865,11,1
1,NewOrder,1770881203.619585,28347,14,1
2,Payment,1770881203.619896,7765,8,1
1,NewOrder,1770881203.620040,6534,18,1
2,Payment,1770881203.620724,2881,12,1
1,NewOrder,1770881203.621417,4107,17,1
1,NewOrder,1770881203.621955,42719,1,1
2,Payment,1770881203.622434,13101,20,1
3,OrderStatus,1770881203.622803,2021,6,1
1,NewOrder,1770881203.623622,11321,12,1
1,NewOrder,1770881203.624842,19435,6,1
1,NewOrder,1770881203.625173,31088,16,1
2,Payment,1770881203.625560,8284,17,1
2,Payment,1770881203.625582,10640,15,1
2,Payment,1770881203.626592,5053,18,1
2,Payment,1770881203.627161,9411,0,1
1,NewOrder,1770881203.627443,32586,22,1
2,Payment,1770881203.627667,11244,5,1
2,Payment,1770881203.627680,1824,8,1
1,NewOrder,1770881203.629110,14891,23,1
1,NewOrder,1770881203.629520,41715,8,1
2,Payment,1770881203.631326,12905,13,1
1,NewOrder,1770881203.631669,7814,18,1
2,Payment,1770881203.633534,14703,19,1
2,Payment,1770881203.633872,4815,17,1
1,NewOrder,1770881203.634957,39379,12,1
2,Payment,1770881203.635545,22706,20,1
2,Payment,1770881203.636240,4058,15,1
3,OrderStatus,1770881203.636596,5045,0,1
4,Delivery,1770881203.636838,127378,4,1
1,NewOrder,1770881203.638326,17114,9,1
2,Payment,1770881203.638701,2980,17,1
1,NewOrder,1770881203.638930,4027,5,1
1,NewOrder,1770881203.639501,29136,18,1
1,NewOrder,1770881203.640318,14975,15,1
2,Payment,1770881203.641660,19724,0,1
1,NewOrder,1770881203.641693,14519,17,1
2,Payment,1770881203.642943,21698,2,1
2,Payment,1770881203.642976,23592,5,1
1,NewOrder,1770881203.643595,42346,21,1
1,NewOrder,1770881203.644016,33945,23,1
2,Payment,1770881203.644247,1392,13,1
2,Payment,1770881203.644303,22266,6,1
2,Payment,1770881203.644803,27179,10,1
1,NewOrder,1770881203.645659,5560,13,1
2,Payment,1770881203.646604,28172,3,1
1,NewOrder,1770881203.647945,8353,14,1
2,Payment,1770881203.648252,2493,19,1
4,Delivery,1770881203.650304,59665,7,1
2,Payment,1770881203.650755,1355,19,1
1,NewOrder,1770881203.651236,12407,13,1
1,NewOrder,1770881203.652122,4496,19,1
1,NewOrder,1770881203.655319,15610,15,1
2,Payment,1770881203.655457,21550,9,1
2,Payment,1770881203.656234,5572,17,1
2,Payment,1770881203.656288,10174,16,1
1,NewOrder,1770881203.656328,62250,14,1
1,NewOrder,1770881203.656634,5088,19,1
1,NewOrder,1770881203.658265,19746,20,1
5,StockLevel,1770881203.660055,38174,22,1
2,Payment,1770881203.661404,10209,0,1
2,Payment,1770881203.661746,3011,19,1
2,Payment,1770881203.661832,22368,17,1
2,Payment,1770881203.663668,34117,13,1
1,NewOrder,1770881203.664657,13338,2,1
2,Payment,1770881203.664693,12844,1,1
3,OrderStatus,1770881203.664770,9629,19,1
2,Payment,1770881203.666488,24270,16,1
1,NewOrder,1770881203.666584,4640,5,1
1,NewOrder,1770881203.666597,4951,6,1
1,NewOrder,1770881203.668654,19847,18,1
1,NewOrder,1770881203.669695,9521,11,1
2,Payment,1770881203.670955,15267,15,1
2,Payment,1770881203.671241,1713,5,1
1,NewOrder,1770881203.671249,21641,8,1
1,NewOrder,1770881203.671563,36876,6,1
1,NewOrder,1770881203.671635,24407,0,1
1,NewOrder,1770881203.671998,17981,10,1
2,Payment,1770881203.672971,2857,5,1
2,Payment,1770881203.674350,28639,12,1
2,Payment,1770881203.674417,13229,19,1
1,NewOrder,1770881203.674794,27293,3,1
2,Payment,1770881203.675844,2901,5,1
2,Payment,1770881203.677025,6358,9,1
2,Payment,1770881203.677570,2893,1,1
4,Delivery,1770881203.677976,63004,23,1
2,Payment,1770881203.678017,3905,2,1
2,Payment,1770881203.678024,12539,20,1
1,NewOrder,1770881203.678762,4072,5,1
1,NewOrder,1770881203.679234,21752,11,1
2,Payment,1770881203.680477,3560,1,1
1,NewOrder,1770881203.681934,15050,2,1
2,Payment,1770881203.682850,3317,5,1
2,Payment,1770881203.683401,11910,9,1
2,Payment,1770881203.684057,4035,1,1
2,Payment,1770881203.684217,17072,17,1
2,Payment,1770881203.685965,11762,21,1
1,NewOrder,1770881203.686183,7008,5,1
1,NewOrder,1770881203.686236,38912,15,1
1,NewOrder,1770881203.687660,34790,19,1
2,Payment,1770881203.688104,2487,1,1
1,NewOrder,1770881203.688517,9328,18,1
2,Payment,1770881203.689999,12614,10,1
3,OrderStatus,1770881203.690584,1377,20,1
2,Payment,1770881203.690604,3013,1,1
1,NewOrder,1770881203.690776,32963,16,1
2,Payment,1770881203.691978,7295,20,1
1,NewOrder,1770881203.692902,42565,8,1
2,Payment,1770881203.693203,2520,5,1
5,StockLevel,1770881203.693628,3448,1,1
1,NewOrder,1770881203.695336,21287,9,1
2,Payment,1770881203.695736,2374,5,1
2,Payment,1770881203.696055,4636,0,1
1,NewOrder,1770881203.697009,49247,2,1
2,Payment,1770881203.697090,19286,1,1
2,Payment,1770881203.697743,9155,21,1
1,NewOrder,1770881203.697803,22767,13,1
1,NewOrder,1770881203.697856,20762,18,1
5,StockLevel,1770881203.698119,4969,5,1
3,OrderStatus,1770881203.698256,10329,22,1
1,NewOrder,1770881203.699287,41155,20,1
1,NewOrder,1770881203.700715,35291,0,1
2,Payment,1770881203.701004,19332,11,1
1,NewOrder,1770881203.701299,20398,17,1
1,NewOrder,1770881203.702108,30490,3,1
1,NewOrder,1770881203.702641,26830,10,1
1,NewOrder,1770881203.703005,3668,12,1
2,Payment,1770881203.703104,7661,5,1
2,Payment,1770881203.706690,1812,12,1
2,Payment,1770881203.706915,1202,21,1
1,NewOrder,1770881203.708133,4405,21,1
1,NewOrder,1770881203.708459,4712,6,1
4,Delivery,1770881203.708516,7016,12,1
2,Payment,1770881203.708602,9479,22,1
2,Payment,1770881203.709982,12387,7,1
4,Delivery,1770881203.710786,54878,5,1
2,Payment,1770881203.712555,8042,21,1
2,Payment,1770881203.713188,11326,6,1
1,NewOrder,1770881203.715551,34831,12,1
1,NewOrder,1770881203.716396,36584,1,1
1,NewOrder,1770881203.716638,4043,9,1
2,Payment,1770881203.718098,6384,22,1
1,NewOrder,1770881203.718596,33449,14,1
4,Delivery,1770881203.718636,23253,18,1
2,Payment,1770881203.720355,18478,11,1
4,Delivery,1770881203.720585,5718,13,1
1,NewOrder,1770881203.720609,9361,21,1
1,NewOrder,1770881203.720696,8241,9,1
1,NewOrder,1770881203.721721,30316,17,1
1,NewOrder,1770881203.722391,17680,7,1
1,NewOrder,1770881203.722471,16755,19,1
1,NewOrder,1770881203.723754,43436,16,1
2,Payment,1770881203.724498,6936,22,1
1,NewOrder,1770881203.724534,45641,6,1
2,Payment,1770881203.725165,4285,15,1
2,Payment,1770881203.726318,5091,13,1
2,Payment,1770881203.728956,11455,9,1
2,Payment,1770881203.729467,4867,15,1
2,Payment,1770881203.729486,23943,10,1
2,Payment,1770881203.729986,3658,21,1
5,StockLevel,1770881203.731426,1734,13,1
2,Payment,1770881203.731445,24648,22,1
2,Payment,1770881203.732611,6930,3,1
2,Payment,1770881203.733172,3164,13,1
1,NewOrder,1770881203.733669,18333,21,1
2,Payment,1770881203.734348,3635,15,1
2,Payment,1770881203.735493,6764,8,1
1,NewOrder,1770881203.736025,18669,0,1
2,Payment,1770881203.736350,3622,13,1
2,Payment,1770881203.737996,3711,15,1
1,NewOrder,1770881203.738840,16331,11,1
2,Payment,1770881203.739240,21582,19,1
5,StockLevel,1770881203.739549,27438,3,1
2,Payment,1770881203.739983,4748,13,1
3,OrderStatus,1770881203.740080,21253,7,1
2,Payment,1770881203.740429,4792,9,1
2,Payment,1770881203.740460,17230,20,1
2,Payment,1770881203.740991,18747,23,1
2,Payment,1770881203.741717,5261,15,1
1,NewOrder,1770881203.741902,12049,18,1
2,Payment,1770881203.742269,4260,8,1
1,NewOrder,1770881203.744747,31145,13,1
2,Payment,1770881203.745234,2863,9,1
2,Payment,1770881203.746284,4116,2,1
2,Payment,1770881203.746545,2858,8,1
1,NewOrder,1770881203.746992,26333,15,1
3,OrderStatus,1770881203.748110,6057,9,1
2,Payment,1770881203.749419,4842,8,1
1,NewOrder,1770881203.750392,60746,12,1
3,OrderStatus,1770881203.750427,1529,2,1
2,Payment,1770881203.751975,1317,2,1
1,NewOrder,1770881203.752025,20805,21,1
1,NewOrder,1770881203.752061,19621,14,1
2,Payment,1770881203.752064,11267,17,1
2,Payment,1770881203.752989,2814,1,1
2,Payment,1770881203.753308,3881,2,1
2,Payment,1770881203.753450,2564,10,1
2,Payment,1770881203.753966,49769,18,1
2,Payment,1770881203.754197,26853,9,1
1,NewOrder,1770881203.754277,5717,8,1
2,Payment,1770881203.754713,4109,0,1
1,NewOrder,1770881203.755181,64704,11,1
1,NewOrder,1770881203.755821,58886,1,1
2,Payment,1770881203.756032,1817,10,1
1,NewOrder,1770881203.756107,24358,22,1
2,Payment,1770881203.757211,42942,2,1
1,NewOrder,1770881203.757708,2770,20,1
4,Delivery,1770881203.757865,24718,10,1
1,NewOrder,1770881203.758839,76559,0,1
1,NewOrder,1770881203.759749,49072,23,1
2,Payment,1770881203.760009,2446,8,1
2,Payment,1770881203.760492,32087,20,1
3,OrderStatus,1770881203.760833,1893,19,1
2,Payment,1770881203.761352,2450,7,1
1,NewOrder,1770881203.762469,42383,8,1
1,NewOrder,1770881203.762744,13400,19,1
2,Payment,1770881203.763347,1649,17,1
2,Payment,1770881203.763819,3033,7,1
1,NewOrder,1770881203.764227,10445,4,1
1,NewOrder,1770881203.765013,9027,17,1
1,NewOrder,1770881203.765684,8684,5,1
1,NewOrder,1770881203.766865,16921,7,1
1,NewOrder,1770881203.767002,16403,3,1
1,NewOrder,1770881203.767207,47663,16,1
2,Payment,1770881203.770186,5981,6,1
1,NewOrder,1770881203.771709,11650,14,1
2,Payment,1770881203.772844,23411,21,1
5,StockLevel,1770881203.773352,7821,15,1
4,Delivery,1770881203.774064,21767,17,1
2,Payment,1770881203.774389,27085,5,1
1,NewOrder,1770881203.774689,12859,4,1
1,NewOrder,1770881203.775919,13670,13,1
4,Delivery,1770881203.776158,12332,19,1
1,NewOrder,1770881203.776199,13443,6,1
2,Payment,1770881203.780489,17468,22,1
1,NewOrder,1770881203.781073,9572,9,1
2,Payment,1770881203.781191,2975,15,1
1,NewOrder,1770881203.782606,61373,10,1
2,Payment,1770881203.783375,3614,14,1
1,NewOrder,1770881203.783431,12914,3,1
2,Payment,1770881203.783804,3785,7,1
3,OrderStatus,1770881203.784177,2897,15,1
2,Payment,1770881203.787006,4179,14,1
1,NewOrder,1770881203.787092,62284,15,1
2,Payment,1770881203.787565,22124,4,1
2,Payment,1770881203.787609,2371,7,1
1,NewOrder,1770881203.788501,11069,19,1
1,NewOrder,1770881203.789597,56627,13,1
1,NewOrder,1770881203.789655,8541,6,1
1,NewOrder,1770881203.789994,4164,7,1
2,Payment,1770881203.790665,3072,9,1
2,Payment,1770881203.791212,8753,14,1
4,Delivery,1770881203.792603,11463,20,1
5,StockLevel,1770881203.793759,8243,9,1
2,Payment,1770881203.794182,3387,7,1
1,NewOrder,1770881203.795846,22597,17,1
1,NewOrder,1770881203.796274,3667,21,1
1,NewOrder,1770881203.796360,68459,3,1
1,NewOrder,1770881203.797586,56944,7,1
4,Delivery,1770881203.797979,11775,22,1
2,Payment,1770881203.798220,47174,6,1
2,Payment,1770881203.799594,5776,19,1
1,NewOrder,1770881203.799957,43614,21,1
1,NewOrder,1770881203.799979,53426,14,1
2,Payment,1770881203.800172,3058,2,1
1,NewOrder,1770881203.801494,7624,5,1
1,NewOrder,1770881203.802016,31668,9,1
1,NewOrder,1770881203.803245,5023,2,1
2,Payment,1770881203.803752,6312,18,1
1,NewOrder,1770881203.804081,4708,20,1
2,Payment,1770881203.804869,42414,8,1
1,NewOrder,1770881203.805388,11756,19,1
2,Payment,1770881203.808286,3156,2,1
1,NewOrder,1770881203.808803,3267,20,1
1,NewOrder,1770881203.808838,25505,23,1
2,Payment,1770881203.809135,5770,5,1
2,Payment,1770881203.809709,9030,4,1
1,NewOrder,1770881203.809769,30077,22,1
1,NewOrder,1770881203.810087,25788,18,1
1,NewOrder,1770881203.811153,30286,12,1
1,NewOrder,1770881203.811452,4784,2,1
1,NewOrder,1770881203.812085,4951,20,1
2,Payment,1770881203.814723,14874,1,1
5,StockLevel,1770881203.814881,1858,16,1
1,NewOrder,1770881203.814921,3757,5,1
1,NewOrder,1770881203.816249,4996,2,1
2,Payment,1770881203.816753,4184,16,1
2,Payment,1770881203.817051,1903,20,1
1,NewOrder,1770881203.817170,19703,19,1
1,NewOrder,1770881203.818462,16214,17,1
1,NewOrder,1770881203.818692,3045,5,1
1,NewOrder,1770881203.818752,9465,4,1
1,NewOrder,1770881203.818967,4527,20,1
2,Payment,1770881203.819911,33729,11,1
1,NewOrder,1770881203.820949,11514,16,1
2,Payment,1770881203.821260,10010,2,1
3,OrderStatus,1770881203.821750,1113,5,1
1,NewOrder,1770881203.822877,4992,5,1
2,Payment,1770881203.823508,1479,20,1
5,StockLevel,1770881203.824999,6235,20,1
2,Payment,1770881203.827882,4765,5,1
1,NewOrder,1770881203.828243,11106,4,1
1,NewOrder,1770881203.829613,17211,1,1
4,Delivery,1770881203.831245,37955,20,1
1,NewOrder,1770881203.831302,5999,2,1
5,StockLevel,1770881203.832481,13321,16,1
1,NewOrder,1770881203.832664,7150,5,1
2,Payment,1770881203.833711,32085,9,1
1,NewOrder,1770881203.834357,12167,23,1
1,NewOrder,1770881203.834697,15187,17,1
1,NewOrder,1770881203.835423,11454,0,1
2,Payment,1770881203.835887,37394,18,1
4,Delivery,1770881203.836888,33812,19,1
2,Payment,1770881203.837318,2541,2,1
3,OrderStatus,1770881203.839362,7556,4,1
1,NewOrder,1770881203.839828,11384,5,1
2,Payment,1770881203.839873,36677,22,1
1,NewOrder,1770881203.839876,16785,2,1
1,NewOrder,1770881203.841458,44293,12,1
1,NewOrder,1770881203.843582,37601,21,1
2,Payment,1770881203.843998,5336,10,1
1,NewOrder,1770881203.845415,27374,6,1
1,NewOrder,1770881203.845815,34252,16,1
2,Payment,1770881203.846242,5370,13,1
1,NewOrder,1770881203.846536,43966,23,1
2,Payment,1770881203.846843,6411,1,1
2,Payment,1770881203.846895,8820,0,1
2,Payment,1770881203.846930,9916,4,1
2,Payment,1770881203.847294,4324,8,1
1,NewOrder,1770881203.849349,4258,10,1
2,Payment,1770881203.849392,5529,15,1
1,NewOrder,1770881203.849904,37993,17,1
2,Payment,1770881203.851230,7529,5,1
1,NewOrder,1770881203.851625,41039,13,1
2,Payment,1770881203.851629,3655,8,1
2,Payment,1770881203.853270,10537,1,1
2,Payment,1770881203.853424,5909,14,1
2,Payment,1770881203.853622,3256,10,1
2,Payment,1770881203.853651,7859,11,1
2,Payment,1770881203.854545,5982,7,1
4,Delivery,1770881203.854938,106732,15,1
2,Payment,1770881203.855300,13807,8,1
2,Payment,1770881203.855732,4986,0,1
2,Payment,1770881203.856681,30076,2,1
1,NewOrder,1770881203.856856,14157,4,1
2,Payment,1770881203.856895,10564,10,1
1,NewOrder,1770881203.858775,3863,5,1
5,StockLevel,1770881203.859350,38161,14,1
1,NewOrder,1770881203.860540,39337,7,1
1,NewOrder,1770881203.860733,48601,0,1
3,OrderStatus,1770881203.861522,1053,11,1
1,NewOrder,1770881203.862590,3584,11,1
4,Delivery,1770881203.862651,51709,5,1
1,NewOrder,1770881203.863831,36611,1,1
1,NewOrder,1770881203.864836,32838,3,1
2,Payment,1770881203.865821,12769,9,1
1,NewOrder,1770881203.866191,7043,11,1
2,Payment,1770881203.867468,4093,10,1
2,Payment,1770881203.869125,5863,8,1
1,NewOrder,1770881203.869216,29770,20,1
1,NewOrder,1770881203.870712,12554,19,1
3,OrderStatus,1770881203.871025,3277,4,1
1,NewOrder,1770881203.871568,3087,10,1
1,NewOrder,1770881203.872805,28540,6,1
5,StockLevel,1770881203.873245,2228,11,1
2,Payment,1770881203.873291,4988,18,1
2,Payment,1770881203.874320,14419,4,1
2,Payment,1770881203.874661,1453,10,1
2,Payment,1770881203.875005,6618,8,1
2,Payment,1770881203.875486,5082,11,1
1,NewOrder,1770881203.876120,17501,10,1
2,Payment,1770881203.876575,4019,22,1
1,NewOrder,1770881203.878292,6073,18,1
4,Delivery,1770881203.878614,25550,9,1
2,Payment,1770881203.880086,16413,16,1
2,Payment,1770881203.880585,2900,11,1
2,Payment,1770881203.880612,2440,22,1
2,Payment,1770881203.881197,17687,21,1
2,Payment,1770881203.881641,3031,8,1
1,NewOrder,1770881203.883070,15938,22,1
1,NewOrder,1770881203.883283,6374,19,1
1,NewOrder,1770881203.883492,22585,11,1
1,NewOrder,1770881203.884381,22661,18,1
2,Payment,1770881203.884682,1538,8,1
1,NewOrder,1770881203.885765,14409,12,1
5,StockLevel,1770881203.886235,2117,8,1
2,Payment,1770881203.886781,15280,2,1
3,OrderStatus,1770881203.887924,11345,17,1
4,Delivery,1770881203.888362,17878,8,1
1,NewOrder,1770881203.888757,6297,4,1
2,Payment,1770881203.889668,1156,19,1
3,OrderStatus,1770881203.890517,8969,23,1
3,OrderStatus,1770881203.890837,1648,19,1
2,Payment,1770881203.892499,7657,19,1
2,Payment,1770881203.892682,8249,13,1
5,StockLevel,1770881203.893637,19994,10,1
2,Payment,1770881203.895065,9170,4,1
2,Payment,1770881203.896522,7278,16,1
2,Payment,1770881203.897522,16432,14,1
2,Payment,1770881203.897691,17355,3,1
2,Payment,1770881203.898909,9212,21,1
2,Payment,1770881203.899005,5932,20,1
3,OrderStatus,1770881203.899021,5456,22,1
2,Payment,1770881203.899293,8032,17,1
2,Payment,1770881203.899507,11433,23,1
3,OrderStatus,1770881203.899895,5070,7,1
2,Payment,1770881203.900166,6159,19,1
2,Payment,1770881203.900195,9101,12,1
1,NewOrder,1770881203.900467,34487,1,1
1,NewOrder,1770881203.900944,33987,13,1
1,NewOrder,1770881203.901360,38553,6,1
2,Payment,1770881203.902085,11060,2,1
1,NewOrder,1770881203.903823,48050,16,1
1,NewOrder,1770881203.904179,30795,9,1
5,StockLevel,1770881203.904253,27966,4,1
2,Payment,1770881203.904490,7180,22,1
1,NewOrder,1770881203.904958,31888,20,1
5,StockLevel,1770881203.904983,27303,7,1
2,Payment,1770881203.906091,16079,11,1
1,NewOrder,1770881203.906254,5176,8,1
1,NewOrder,1770881203.906349,5925,19,1
1,NewOrder,1770881203.907064,27491,18,1
1,NewOrder,1770881203.907340,28404,17,1
2,Payment,1770881203.908146,15668,21,1
2,Payment,1770881203.909313,7109,12,1
2,Payment,1770881203.909357,7699,0,1
2,Payment,1770881203.910958,7120,23,1
2,Payment,1770881203.911447,12550,8,1
2,Payment,1770881203.911693,7532,22,1
1,NewOrder,1770881203.912292,5755,19,1
2,Payment,1770881203.913163,6002,2,1
1,NewOrder,1770881203.913655,32875,10,1
2,Payment,1770881203.913980,5348,14,1
1,NewOrder,1770881203.914376,17022,5,1
1,NewOrder,1770881203.915057,33160,3,1
2,Payment,1770881203.916439,8878,12,1
1,NewOrder,1770881203.917074,17457,0,1
2,Payment,1770881203.918064,8155,19,1
3,OrderStatus,1770881203.918091,9025,23,1
2,Payment,1770881203.919190,8106,2,1
3,OrderStatus,1770881203.919241,1022,22,1
1,NewOrder,1770881203.919342,42921,14,1
1,NewOrder,1770881203.920277,17553,22,1
1,NewOrder,1770881203.922191,39102,11,1
1,NewOrder,1770881203.923827,25867,21,1
4,Delivery,1770881203.924014,8128,8,1
2,Payment,1770881203.925331,6409,12,1
1,NewOrder,1770881203.926240,8709,19,1
1,NewOrder,1770881203.927132,32407,23,1
2,Payment,1770881203.927321,5230,2,1
1,NewOrder,1770881203.931416,24211,5,1
2,Payment,1770881203.931758,3901,12,1
2,Payment,1770881203.932153,1913,8,1
2,Payment,1770881203.932244,16987,4,1
2,Payment,1770881203.932311,7738,7,1
1,NewOrder,1770881203.932563,41309,2,1
2,Payment,1770881203.934084,7550,8,1
2,Payment,1770881203.934548,17544,0,1
2,Payment,1770881203.934581,5452,18,1
1,NewOrder,1770881203.934956,24115,13,1
1,NewOrder,1770881203.934964,17383,19,1
2,Payment,1770881203.934972,21003,1,1
1,NewOrder,1770881203.934986,35499,9,1
1,NewOrder,1770881203.935673,38927,12,1
2,Payment,1770881203.935755,13726,17,1
1,NewOrder,1770881203.936857,26197,20,1
1,NewOrder,1770881203.937846,3295,22,1
2,Payment,1770881203.939938,9743,6,1
2,Payment,1770881203.940058,2135,18,1
5,StockLevel,1770881203.940076,14808,7,1
2,Payment,1770881203.941159,2049,22,1
1,NewOrder,1770881203.941650,9711,8,1
2,Payment,1770881203.942210,18794,18,1
2,Payment,1770881203.943223,4863,22,1
1,NewOrder,1770881203.946545,26437,10,1
2,Payment,1770881203.948111,14692,22,1
2,Payment,1770881203.948242,5458,3,1
1,NewOrder,1770881203.949254,32862,4,1
2,Payment,1770881203.949491,9935,17,1
1,NewOrder,1770881203.949707,32491,6,1
1,NewOrder,1770881203.949711,19794,21,1
1,NewOrder,1770881203.951382,41160,8,1
2,Payment,1770881203.951897,10427,16,1
1,NewOrder,1770881203.952102,4178,0,1
1,NewOrder,1770881203.952371,37339,19,1
1,NewOrder,1770881203.953717,27581,3,1
2,Payment,1770881203.954911,6782,7,1
2,Payment,1770881203.955649,11003,5,1
1,NewOrder,1770881203.955999,22040,1,1
5,StockLevel,1770881203.956291,18946,0,1
2,Payment,1770881203.959090,8453,13,1
5,StockLevel,1770881203.959440,19823,17,1
2,Payment,1770881203.959566,10301,23,1
2,Payment,1770881203.961037,16258,18,1
4,Delivery,1770881203.961307,86313,11,1
1,NewOrder,1770881203.961681,16460,15,1
1,NewOrder,1770881203.961712,34116,7,1
2,Payment,1770881203.962288,8265,14,1
1,NewOrder,1770881203.962348,15517,16,1
1,NewOrder,1770881203.962816,4092,22,1
2,Payment,1770881203.963074,19048,20,1
5,StockLevel,1770881203.966667,11414,5,1
2,Payment,1770881203.966928,11579,22,1
1,NewOrder,1770881203.967553,25069,13,1
2,Payment,1770881203.969527,18530,21,1
2,Payment,1770881203.969885,10811,23,1
1,NewOrder,1770881203.970510,32246,9,1
1,NewOrder,1770881203.970581,18881,14,1
1,NewOrder,1770881203.973008,25917,10,1
1,NewOrder,1770881203.973885,16182,2,1
4,Delivery,1770881203.974615,13971,12,1
1,NewOrder,1770881203.975265,26172,0,1
1,NewOrder,1770881203.977312,27439,18,1
2,Payment,1770881203.977888,6903,16,1
2,Payment,1770881203.978058,9272,1,1
1,NewOrder,1770881203.978094,27442,5,1
2,Payment,1770881203.978152,10470,15,1
1,NewOrder,1770881203.978516,7488,22,1
1,NewOrder,1770881203.979272,19623,17,1
2,Payment,1770881203.980720,2854,23,1
1,NewOrder,1770881203.981314,26339,3,1
1,NewOrder,1770881203.982132,32018,4,1
2,Payment,1770881203.982136,2450,20,1
5,StockLevel,1770881203.982215,16183,6,1
3,OrderStatus,1770881203.983595,7802,23,1
2,Payment,1770881203.984601,1755,20,1
2,Payment,1770881203.984804,7911,16,1
1,NewOrder,1770881203.986019,27066,22,1
2,Payment,1770881203.986371,3021,20,1
2,Payment,1770881203.987349,5909,1,1
2,Payment,1770881203.988076,2798,21,1
4,Delivery,1770881203.988604,11864,12,1
1,NewOrder,1770881203.988643,54768,15,1
2,Payment,1770881203.989406,3212,20,1
1,NewOrder,1770881203.989477,22347,14,1
2,Payment,1770881203.989722,12899,19,1
2,Payment,1770881203.990079,6814,2,1
2,Payment,1770881203.990885,2963,21,1
4,Delivery,1770881203.991415,48675,23,1
2,Payment,1770881203.992564,8258,8,1
2,Payment,1770881203.992630,6150,20,1
2,Payment,1770881203.992638,6317,13,1
1,NewOrder,1770881203.992726,28489,16,1
2,Payment,1770881203.993268,5290,1,1
1,NewOrder,1770881203.993862,19825,21,1
1,NewOrder,1770881203.995851,47425,7,1
2,Payment,1770881203.996917,2787,2,1
3,OrderStatus,1770881203.998414,13110,6,1
2,Payment,1770881203.998572,3355,1,1
2,Payment,1770881203.998795,15783,20,1
1,NewOrder,1770881203.998908,16315,17,1
2,Payment,1770881203.998938,5903,10,1
2,Payment,1770881203.998965,12544,13,1
1,NewOrder,1770881203.999722,5198,2,1
1,NewOrder,1770881204.000480,30958,12,1
4,Delivery,1770881204.000830,47203,8,1
2,Payment,1770881204.001449,6007,0,1
2,Payment,1770881204.001944,2804,1,1
2,Payment,1770881204.002635,9194,19,1
2,Payment,1770881204.002771,4617,9,1
2,Payment,1770881204.004764,11938,18,1
1,NewOrder,1770881204.004767,2490,1,1
2,Payment,1770881204.004865,4613,10,1
2,Payment,1770881204.004937,4070,2,1
1,NewOrder,1770881204.005580,22709,5,1
2,Payment,1770881204.007277,6217,1,1
2,Payment,1770881204.007404,14212,9,1
1,NewOrder,1770881204.007469,29344,0,1
2,Payment,1770881204.007674,2485,3,1
2,Payment,1770881204.009020,12828,2,1
1,NewOrder,1770881204.009494,22942,10,1
1,NewOrder,1770881204.010175,4315,3,1
2,Payment,1770881204.011535,4938,13,1
2,Payment,1770881204.011541,22880,6,1
2,Payment,1770881204.011834,7333,14,1
1,NewOrder,1770881204.011845,5556,19,1
3,OrderStatus,1770881204.013110,20614,22,1
2,Payment,1770881204.013518,10315,1,1
2,Payment,1770881204.013699,24162,21,1
4,Delivery,1770881204.014161,42286,4,1
2,Payment,1770881204.014500,16592,3,1
2,Payment,1770881204.014593,5024,20,1
1,NewOrder,1770881204.015232,20010,17,1
1,NewOrder,1770881204.016488,67276,13,1
1,NewOrder,1770881204.016721,4827,18,1
1,NewOrder,1770881204.017413,4286,19,1
1,NewOrder,1770881204.019185,59876,14,1
1,NewOrder,1770881204.019641,62610,20,1
1,NewOrder,1770881204.021235,58078,16,1
1,NewOrder,1770881204.021560,9377,18,1
2,Payment,1770881204.021633,1763,9,1
2,Payment,1770881204.021713,19109,19,1
2,Payment,1770881204.021874,6743,2,1
2,Payment,1770881204.023412,1334,9,1
1,NewOrder,1770881204.023853,7554,1,1
5,StockLevel,1770881204.024762,1656,9,1
3,OrderStatus,1770881204.026431,1785,9,1
1,NewOrder,1770881204.028233,5443,9,1
2,Payment,1770881204.028315,6044,5,1
1,NewOrder,1770881204.028631,34675,2,1
2,Payment,1770881204.030954,12356,18,1
1,NewOrder,1770881204.031117,53271,3,1
1,NewOrder,1770881204.031423,6866,1,1
2,Payment,1770881204.031449,3404,12,1
1,NewOrder,1770881204.032453,27369,10,1
2,Payment,1770881204.033693,2395,9,1
5,StockLevel,1770881204.033745,23121,22,1
2,Payment,1770881204.034374,3888,5,1
1,NewOrder,1770881204.034443,32511,6,1
2,Payment,1770881204.034863,3455,12,1
2,Payment,1770881204.035265,5319,17,1
1,NewOrder,1770881204.036104,30557,9,1
1,NewOrder,1770881204.036828,29822,0,1
2,Payment,1770881204.037872,15035,21,1
2,Payment,1770881204.038274,6832,5,1
1,NewOrder,1770881204.038304,4438,1,1
1,NewOrder,1770881204.038335,26746,12,1
2,Payment,1770881204.040106,10982,23,1
1,NewOrder,1770881204.040608,23971,17,1
2,Payment,1770881204.040836,7998,19,1
1,NewOrder,1770881204.042757,25887,1,1
1,NewOrder,1770881204.043299,38900,7,1
1,NewOrder,1770881204.043327,4648,18,1
1,NewOrder,1770881204.043422,39584,15,1
1,NewOrder,1770881204.045130,18747,5,1
1,NewOrder,1770881204.047636,45564,11,1
2,Payment,1770881204.047993,6691,18,1
2,Payment,1770881204.048050,1785,8,1
1,NewOrder,1770881204.048858,36596,19,1
1,NewOrder,1770881204.049852,3271,8,1
1,NewOrder,1770881204.051103,20847,23,1
2,Payment,1770881204.052926,4912,21,1
2,Payment,1770881204.053138,1192,8,1
1,NewOrder,1770881204.054343,3876,8,1
2,Payment,1770881204.054701,5475,18,1
2,Payment,1770881204.056463,8027,4,1
2,Payment,1770881204.056892,18132,22,1
5,StockLevel,1770881204.057854,24902,21,1
2,Payment,1770881204.058233,1915,8,1
2,Payment,1770881204.059841,4931,10,1
3,OrderStatus,1770881204.060168,1203,8,1
1,NewOrder,1770881204.060190,22473,18,1
1,NewOrder,1770881204.061384,5540,8,1
2,Payment,1770881204.063319,7703,2,1
1,NewOrder,1770881204.063894,35808,5,1
5,StockLevel,1770881204.064501,26132,4,1
1,NewOrder,1770881204.064594,27508,17,1
2,Payment,1770881204.064797,4707,10,1
2,Payment,1770881204.065113,6863,12,1
1,NewOrder,1770881204.066663,33420,0,1
2,Payment,1770881204.066677,4789,9,1
1,NewOrder,1770881204.066939,10013,8,1
1,NewOrder,1770881204.066967,52375,6,1
1,NewOrder,1770881204.068655,30873,1,1
3,OrderStatus,1770881204.069520,20490,10,1
1,NewOrder,1770881204.071069,32579,2,1
2,Payment,1770881204.071503,3291,9,1
1,NewOrder,1770881204.071966,24179,23,1
5,StockLevel,1770881204.072021,23067,12,1
1,NewOrder,1770881204.074812,17312,9,1
2,Payment,1770881204.075038,1214,22,1
2,Payment,1770881204.076270,1184,22,1
1,NewOrder,1770881204.076966,3850,8,1
5,StockLevel,1770881204.077471,1626,22,1
2,Payment,1770881204.079086,2062,14,1
2,Payment,1770881204.079113,2629,22,1
1,NewOrder,1770881204.079327,6360,16,1
2,Payment,1770881204.080828,2322,8,1
2,Payment,1770881204.081173,1811,14,1
2,Payment,1770881204.081756,2379,22,1
2,Payment,1770881204.082214,6063,7,1
2,Payment,1770881204.082269,17867,20,1
2,Payment,1770881204.082677,20150,18,1
2,Payment,1770881204.082766,22103,21,1
2,Payment,1770881204.082997,2085,14,1
1,NewOrder,1770881204.083017,26689,15,1
2,Payment,1770881204.083176,3054,8,1
2,Payment,1770881204.083783,5409,13,1
1,NewOrder,1770881204.084148,53383,22,1
2,Payment,1770881204.084401,5374,3,1
2,Payment,1770881204.085095,5570,14,1
1,NewOrder,1770881204.085466,41945,19,1
2,Payment,1770881204.085699,8890,16,1
1,NewOrder,1770881204.086242,5901,8,1
1,NewOrder,1770881204.088293,39094,7,1
1,NewOrder,1770881204.089206,48298,13,1
1,NewOrder,1770881204.089796,46599,3,1
2,Payment,1770881204.090026,5094,10,1
2,Payment,1770881204.090649,5469,4,1
1,NewOrder,1770881204.090678,47792,14,1
4,Delivery,1770881204.092115,10684,17,1
3,OrderStatus,1770881204.092139,1382,9,1
2,Payment,1770881204.092160,5439,8,1
1,NewOrder,1770881204.093216,34572,11,1
2,Payment,1770881204.093569,9076,9,1
1,NewOrder,1770881204.094607,44854,16,1
2,Payment,1770881204.095100,6812,12,1
2,Payment,1770881204.095131,3430,10,1
4,Delivery,1770881204.096125,65118,4,1
1,NewOrder,1770881204.096162,16237,23,1
2,Payment,1770881204.097612,16137,8,1
2,Payment,1770881204.098574,3873,10,1
1,NewOrder,1770881204.099543,17087,1,1
4,Delivery,1770881204.099717,62125,5,1
1,NewOrder,1770881204.100100,10324,0,1
1,NewOrder,1770881204.100161,33728,20,1
1,NewOrder,1770881204.101923,11270,12,1
2,Payment,1770881204.102460,12644,10,1
1,NewOrder,1770881204.102655,36221,9,1
1,NewOrder,1770881204.102813,2924,17,1
1,NewOrder,1770881204.102838,14928,18,1
1,NewOrder,1770881204.103664,11462,2,1
1,NewOrder,1770881204.104883,28118,21,1
2,Payment,1770881204.105749,1551,17,1
1,NewOrder,1770881204.107312,32486,17,1
2,Payment,1770881204.109717,8446,15,1
3,OrderStatus,1770881204.110448,2806,0,1
1,NewOrder,1770881204.112416,97595,23,1
4,Delivery,1770881204.113213,49803,12,1
2,Payment,1770881204.113273,5700,0,1
1,NewOrder,1770881204.113764,4423,8,1
2,Payment,1770881204.115119,1955,10,1
1,NewOrder,1770881204.115143,57025,2,1
5,StockLevel,1770881204.116656,49429,1,1
4,Delivery,1770881204.117087,34616,10,1
1,NewOrder,1770881204.117779,9587,18,1
3,OrderStatus,1770881204.118174,2355,15,1
2,Payment,1770881204.118200,2486,8,1
1,NewOrder,1770881204.118989,53011,0,1
1,NewOrder,1770881204.119367,19751,6,1
1,NewOrder,1770881204.120547,6912,15,1
3,OrderStatus,1770881204.120701,3695,8,1
2,Payment,1770881204.124409,8670,8,1
3,OrderStatus,1770881204.127389,2864,18,1
1,NewOrder,1770881204.127404,7091,7,1
1,NewOrder,1770881204.127428,7467,19,1
2,Payment,1770881204.127475,6355,15,1
4,Delivery,1770881204.127814,10188,11,1
2,Payment,1770881204.130268,7286,18,1
5,StockLevel,1770881204.133026,8544,21,1
1,NewOrder,1770881204.133095,27723,8,1
1,NewOrder,1770881204.133845,19046,15,1
1,NewOrder,1770881204.133914,6194,20,1
2,Payment,1770881204.134510,5910,7,1
2,Payment,1770881204.134910,1822,19,1
2,Payment,1770881204.136419,3351,3,1
1,NewOrder,1770881204.136745,13695,19,1
1,NewOrder,1770881204.137529,37831,13,1
2,Payment,1770881204.137562,2186,22,1
1,NewOrder,1770881204.137572,19173,18,1
2,Payment,1770881204.138025,3736,11,1
1,NewOrder,1770881204.138485,24508,14,1
1,NewOrder,1770881204.138889,27215,9,1
2,Payment,1770881204.139133,7322,6,1
1,NewOrder,1770881204.139473,15442,16,1
1,NewOrder,1770881204.139764,67167,22,1
2,Payment,1770881204.139783,7557,3,1
3,OrderStatus,1770881204.139810,4430,17,1
4,Delivery,1770881204.140126,12173,20,1
2,Payment,1770881204.140431,4282,7,1
4,Delivery,1770881204.141585,11543,21,1
5,StockLevel,1770881204.141777,1570,11,1
1,NewOrder,1770881204.143359,8482,11,1
1,NewOrder,1770881204.144265,35664,17,1
2,Payment,1770881204.144726,3021,7,1
1,NewOrder,1770881204.146467,27987,6,1
2,Payment,1770881204.147356,7044,3,1
1,NewOrder,1770881204.147763,26434,7,1
2,Payment,1770881204.150450,1701,19,1
2,Payment,1770881204.151717,5013,10,1
4,Delivery,1770881204.151860,82215,11,1
2,Payment,1770881204.152162,2610,19,1
1,NewOrder,1770881204.152323,83829,20,1
2,Payment,1770881204.152917,3208,15,1
2,Payment,1770881204.153150,3392,21,1
2,Payment,1770881204.154423,15300,3,1
1,NewOrder,1770881204.154784,48969,19,1
1,NewOrder,1770881204.154930,60209,16,1
2,Payment,1770881204.156143,1657,15,1
1,NewOrder,1770881204.156566,49953,21,1
1,NewOrder,1770881204.156744,4452,10,1
1,NewOrder,1770881204.156757,15100,18,1
2,Payment,1770881204.157814,5691,15,1
4,Delivery,1770881204.160831,73798,8,1
3,OrderStatus,1770881204.161208,1319,10,1
1,NewOrder,1770881204.161269,23480,4,1
2,Payment,1770881204.161856,9900,5,1
1,NewOrder,1770881204.162541,9246,10,1
2,Payment,1770881204.163008,8580,14,1
5,StockLevel,1770881204.163029,6075,12,1
1,NewOrder,1770881204.163516,3607,15,1
2,Payment,1770881204.166109,7348,1,1
3,OrderStatus,1770881204.166128,7221,9,1
2,Payment,1770881204.167149,6974,15,1
1,NewOrder,1770881204.169119,18801,12,1
4,Delivery,1770881204.169736,62141,3,1
5,StockLevel,1770881204.171613,31788,14,1
2,Payment,1770881204.171781,3376,5,1
2,Payment,1770881204.171809,8889,10,1
2,Payment,1770881204.171875,9953,18,1
1,NewOrder,1770881204.172015,52006,0,1
1,NewOrder,1770881204.172181,54478,2,1
1,NewOrder,1770881204.173371,47092,9,1
3,OrderStatus,1770881204.173482,6981,1,1
4,Delivery,1770881204.174140,72608,15,1
2,Payment,1770881204.174210,6164,7,1
1,NewOrder,1770881204.174476,4026,6,1
1,NewOrder,1770881204.175171,4947,5,1
2,Payment,1770881204.175379,8456,13,1
2,Payment,1770881204.178520,3215,6,1
1,NewOrder,1770881204.179944,52723,17,1
2,Payment,1770881204.180132,1844,5,1
1,NewOrder,1770881204.180400,47222,7,1
1,NewOrder,1770881204.180486,40902,1,1
5,StockLevel,1770881204.180710,22681,10,1
2,Payment,1770881204.181759,53151,6,1
2,Payment,1770881204.181855,25196,18,1
2,Payment,1770881204.181993,1154,5,1
2,Payment,1770881204.183158,1777,5,1
1,NewOrder,1770881204.183852,51331,13,1
1,NewOrder,1770881204.184775,39602,4,1
1,NewOrder,1770881204.184947,2620,5,1
2,Payment,1770881204.187583,23179,5,1
2,Payment,1770881204.187939,33426,12,1
2,Payment,1770881204.203413,33188,10,1
1,NewOrder,1770881204.203429,29289,14,1
4,Delivery,1770881204.203770,7027,19,1
1,NewOrder,1770881204.206539,27456,21,1
1,NewOrder,1770881204.206950,35964,22,1
1,NewOrder,1770881204.207076,34371,18,1
1,NewOrder,1770881204.210027,16648,23,1
2,Payment,1770881204.210773,2076,5,1
2,Payment,1770881204.210810,2351,19,1
1,NewOrder,1770881204.212875,9996,5,1
2,Payment,1770881204.213174,2340,19,1
1,NewOrder,1770881204.215164,37027,16,1
1,NewOrder,1770881204.215525,8825,19,1
1,NewOrder,1770881204.220488,38118,9,1
2,Payment,1770881204.221390,3001,12,1
2,Payment,1770881204.221403,5158,1,1
2,Payment,1770881204.222889,7146,5,1
1,NewOrder,1770881204.224044,23156,0,1
1,NewOrder,1770881204.224375,17019,19,1
1,NewOrder,1770881204.224400,20016,4,1
5,StockLevel,1770881204.224410,8611,12,1
1,NewOrder,1770881204.226574,20547,1,1
2,Payment,1770881204.226684,6260,2,1
1,NewOrder,1770881204.226691,28930,23,1
2,Payment,1770881204.227638,11385,7,1
2,Payment,1770881204.230061,10554,5,1
2,Payment,1770881204.231891,11196,3,1
4,Delivery,1770881204.232688,14595,17,1
2,Payment,1770881204.232742,6601,14,1
1,NewOrder,1770881204.232968,25993,2,1
2,Payment,1770881204.233048,12098,12,1
1,NewOrder,1770881204.234021,29549,21,1
2,Payment,1770881204.234091,18810,11,1
1,NewOrder,1770881204.234650,4128,8,1
2,Payment,1770881204.234936,6781,6,1
1,NewOrder,1770881204.235200,44826,13,1
1,NewOrder,1770881204.236177,33883,20,1
2,Payment,1770881204.236626,10529,10,1
1,NewOrder,1770881204.238794,5866,8,1
3,OrderStatus,1770881204.239040,1058,7,1
2,Payment,1770881204.239356,11305,14,1
2,Payment,1770881204.240109,4516,7,1
1,NewOrder,1770881204.240630,35394,5,1
2,Payment,1770881204.241419,10861,19,1
2,Payment,1770881204.241473,13280,18,1
3,OrderStatus,1770881204.241730,1193,6,1
3,OrderStatus,1770881204.242941,1120,6,1
1,NewOrder,1770881204.242941,32424,22,1
2,Payment,1770881204.243112,7910,3,1
1,NewOrder,1770881204.244075,27596,6,1
2,Payment,1770881204.244439,11213,4,1
1,NewOrder,1770881204.244638,6554,7,1
2,Payment,1770881204.244674,6304,8,1
1,NewOrder,1770881204.245173,32562,12,1
2,Payment,1770881204.246762,13412,15,1
2,Payment,1770881204.247131,17587,1,1
5,StockLevel,1770881204.247174,1612,10,1
1,NewOrder,1770881204.247225,29232,0,1
1,NewOrder,1770881204.247305,19761,17,1
1,NewOrder,1770881204.248797,27706,10,1
1,NewOrder,1770881204.250685,19286,14,1
1,NewOrder,1770881204.250996,4276,8,1
2,Payment,1770881204.251046,11363,3,1
1,NewOrder,1770881204.251206,7736,7,1
1,NewOrder,1770881204.252216,21652,16,1
1,NewOrder,1770881204.252305,30154,19,1
1,NewOrder,1770881204.252914,21890,11,1
1,NewOrder,1770881204.254767,29693,18,1
3,OrderStatus,1770881204.255285,2162,8,1
2,Payment,1770881204.255638,6410,23,1
1,NewOrder,1770881204.255664,25639,4,1
4,Delivery,1770881204.257463,47229,8,1
2,Payment,1770881204.258630,7994,9,1
1,NewOrder,1770881204.258968,5339,7,1
3,OrderStatus,1770881204.258973,3891,2,1
1,NewOrder,1770881204.260190,34042,15,1
5,StockLevel,1770881204.262065,14282,23,1
2,Payment,1770881204.262434,8249,3,1
2,Payment,1770881204.262878,13434,2,1
2,Payment,1770881204.263595,7751,21,1
1,NewOrder,1770881204.264324,16260,7,1
2,Payment,1770881204.264734,8061,1,1
1,NewOrder,1770881204.266640,37115,9,1
1,NewOrder,1770881204.267090,32429,17,1
1,NewOrder,1770881204.269988,37709,14,1
1,NewOrder,1770881204.270085,24886,20,1
1,NewOrder,1770881204.270706,40504,3,1
2,Payment,1770881204.271371,9812,21,1
2,Payment,1770881204.271680,9480,6,1
5,StockLevel,1770881204.272805,7569,1,1
1,NewOrder,1770881204.273892,31803,16,1
1,NewOrder,1770881204.274829,20089,11,1
2,Payment,1770881204.275390,9039,22,1
2,Payment,1770881204.276039,5748,5,1
1,NewOrder,1770881204.276322,17975,2,1
2,Payment,1770881204.276372,9499,23,1
2,Payment,1770881204.276473,8659,0,1
1,NewOrder,1770881204.276528,18679,10,1
2,Payment,1770881204.277762,6249,12,1
2,Payment,1770881204.280052,11230,13,1
1,NewOrder,1770881204.280389,13075,1,1
1,NewOrder,1770881204.280610,22506,7,1
1,NewOrder,1770881204.281185,39387,6,1
3,OrderStatus,1770881204.281202,8773,21,1
1,NewOrder,1770881204.281317,17240,4,1
2,Payment,1770881204.281807,6368,5,1
1,NewOrder,1770881204.282483,27714,19,1
2,Payment,1770881204.284027,9415,12,1
2,Payment,1770881204.284443,10136,22,1
2,Payment,1770881204.284486,8358,18,1
2,Payment,1770881204.285143,12934,0,1
1,NewOrder,1770881204.285888,24653,23,1
3,OrderStatus,1770881204.288191,5769,5,1
1,NewOrder,1770881204.290005,30070,21,1
1,NewOrder,1770881204.291295,39170,13,1
4,Delivery,1770881204.292868,16486,18,1
2,Payment,1770881204.293468,2037,12,1
2,Payment,1770881204.293490,6751,1,1
2,Payment,1770881204.293976,7927,5,1
2,Payment,1770881204.294256,9477,15,1
1,NewOrder,1770881204.294320,14613,2,1
2,Payment,1770881204.294591,5624,22,1
2,Payment,1770881204.294940,4958,11,1
2,Payment,1770881204.294983,8592,20,1
1,NewOrder,1770881204.295220,15344,10,1
1,NewOrder,1770881204.295522,15636,12,1
1,NewOrder,1770881204.298096,29824,0,1
4,Delivery,1770881204.298582,39975,4,1
1,NewOrder,1770881204.299545,26366,17,1
1,NewOrder,1770881204.299924,25300,11,1
2,Payment,1770881204.300233,10692,22,1
2,Payment,1770881204.300266,4959,1,1
2,Payment,1770881204.301919,6227,5,1
3,OrderStatus,1770881204.303130,6650,7,1
2,Payment,1770881204.303600,8824,20,1
2,Payment,1770881204.303761,5549,15,1
1,NewOrder,1770881204.303781,30678,9,1
2,Payment,1770881204.304717,8241,8,1
2,Payment,1770881204.305243,5363,1,1
1,NewOrder,1770881204.305720,37174,16,1
2,Payment,1770881204.307712,8483,14,1
3,OrderStatus,1770881204.308171,4595,5,1
1,NewOrder,1770881204.308947,20109,2,1
2,Payment,1770881204.309328,9158,15,1
1,NewOrder,1770881204.309380,31405,18,1
1,NewOrder,1770881204.309803,19696,7,1
1,NewOrder,1770881204.310222,17034,19,1
1,NewOrder,1770881204.310551,17874,23,1
4,Delivery,1770881204.310580,36981,10,1
2,Payment,1770881204.310633,5136,1,1
3,OrderStatus,1770881204.310950,13981,22,1
1,NewOrder,1770881204.311174,18228,12,1
2,Payment,1770881204.311220,13118,3,1
1,NewOrder,1770881204.312448,28366,20,1
2,Payment,1770881204.312790,13582,5,1
1,NewOrder,1770881204.312974,36758,8,1
1,NewOrder,1770881204.315787,26061,1,1
2,Payment,1770881204.316208,8759,14,1
1,NewOrder,1770881204.318512,33349,15,1
2,Payment,1770881204.320092,6787,21,1
1,NewOrder,1770881204.320588,24368,6,1
1,NewOrder,1770881204.324364,32085,3,1
2,Payment,1770881204.324949,8843,22,1
2,Payment,1770881204.324992,7495,14,1
2,Payment,1770881204.325242,5669,11,1
1,NewOrder,1770881204.325935,22120,17,1
1,NewOrder,1770881204.326397,13630,5,1
1,NewOrder,1770881204.326905,29521,21,1
2,Payment,1770881204.327281,8270,19,1
3,OrderStatus,1770881204.327937,8714,0,1
1,NewOrder,1770881204.328441,19599,23,1
1,NewOrder,1770881204.329073,20344,2,1
1,NewOrder,1770881204.329424,27156,12,1
2,Payment,1770881204.329524,6422,7,1
1,NewOrder,1770881204.330490,42398,13,1
2,Payment,1770881204.330923,7950,11,1
1,NewOrder,1770881204.332511,26597,14,1
1,NewOrder,1770881204.333806,42070,22,1
5,StockLevel,1770881204.334475,20791,9,1
1,NewOrder,1770881204.335576,8780,19,1
2,Payment,1770881204.335972,5889,7,1
2,Payment,1770881204.336664,9038,0,1
2,Payment,1770881204.338568,9292,4,1
1,NewOrder,1770881204.338889,25919,11,1
2,Payment,1770881204.340049,9713,5,1
1,NewOrder,1770881204.340801,19301,18,1
1,NewOrder,1770881204.340830,32499,20,1
2,Payment,1770881204.341876,3516,7,1
2,Payment,1770881204.341876,11485,1,1
1,NewOrder,1770881204.342920,38240,16,1
1,NewOrder,1770881204.344368,23677,19,1
1,NewOrder,1770881204.344970,33006,6,1
1,NewOrder,1770881204.345406,23678,7,1
2,Payment,1770881204.345727,9280,0,1
2,Payment,1770881204.347586,8215,10,1
4,Delivery,1770881204.347875,34452,4,1
2,Payment,1770881204.348057,8714,23,1
1,NewOrder,1770881204.348080,33977,17,1
1,NewOrder,1770881204.349442,16565,2,1
1,NewOrder,1770881204.349748,23168,8,1
2,Payment,1770881204.349776,6972,5,1
1,NewOrder,1770881204.351885,33874,15,1
4,Delivery,1770881204.353374,29434,1,1
1,NewOrder,1770881204.355024,40825,0,1
1,NewOrder,1770881204.355291,34866,9,1
1,NewOrder,1770881204.355814,22150,10,1
2,Payment,1770881204.356451,8658,21,1
1,NewOrder,1770881204.356465,39904,3,1
1,NewOrder,1770881204.356593,20247,12,1
1,NewOrder,1770881204.356772,16098,5,1
2,Payment,1770881204.356796,6144,23,1
1,NewOrder,1770881204.359121,18357,14,1
1,NewOrder,1770881204.360112,30523,18,1
2,Payment,1770881204.362965,5654,23,1
5,StockLevel,1770881204.364833,11401,11,1
2,Payment,1770881204.365126,10077,21,1
2,Payment,1770881204.366021,6054,2,1
2,Payment,1770881204.368059,19367,19,1
1,NewOrder,1770881204.368636,13368,23,1
1,NewOrder,1770881204.369093,18410,7,1
1,NewOrder,1770881204.372099,21679,2,1
2,Payment,1770881204.372888,3527,5,1
1,NewOrder,1770881204.372913,19047,13,1
2,Payment,1770881204.372939,6817,8,1
2,Payment,1770881204.373345,8610,20,1
2,Payment,1770881204.375215,8701,21,1
3,OrderStatus,1770881204.375890,6214,22,1
1,NewOrder,1770881204.376248,15854,11,1
2,Payment,1770881204.376429,5962,5,1
1,NewOrder,1770881204.376851,26008,12,1
2,Payment,1770881204.377496,9345,14,1
1,NewOrder,1770881204.377974,13621,10,1
2,Payment,1770881204.377998,8805,6,1
1,NewOrder,1770881204.379770,35717,8,1
3,OrderStatus,1770881204.381171,15375,16,1
5,StockLevel,1770881204.381968,18652,20,1
2,Payment,1770881204.382021,8805,23,1
1,NewOrder,1770881204.382067,30243,17,1
2,Payment,1770881204.382119,11918,22,1
3,OrderStatus,1770881204.382351,4322,4,1
2,Payment,1770881204.382405,5130,5,1
2,Payment,1770881204.382823,7972,1,1
1,NewOrder,1770881204.383937,18875,21,1
2,Payment,1770881204.385772,9648,15,1
2,Payment,1770881204.386687,16326,4,1
5,StockLevel,1770881204.386816,17287,6,1
1,NewOrder,1770881204.386864,27058,14,1
2,Payment,1770881204.387442,8578,19,1
2,Payment,1770881204.387517,6792,7,1
5,StockLevel,1770881204.387544,23642,5,1
1,NewOrder,1770881204.390166,22522,9,1
5,StockLevel,1770881204.390649,19199,18,1
2,Payment,1770881204.390809,14048,1,1
1,NewOrder,1770881204.390851,19329,23,1
5,StockLevel,1770881204.391605,24079,10,1
2,Payment,1770881204.391973,11825,13,1
2,Payment,1770881204.392119,15775,11,1
1,NewOrder,1770881204.393803,36440,2,1
1,NewOrder,1770881204.394049,2787,22,1
1,NewOrder,1770881204.394324,35573,7,1
4,Delivery,1770881204.395446,38419,15,1
1,NewOrder,1770881204.395862,27511,0,1
5,StockLevel,1770881204.396031,6484,19,1
2,Payment,1770881204.396394,12755,3,1
5,StockLevel,1770881204.396559,18413,16,1
2,Payment,1770881204.396849,1237,22,1
1,NewOrder,1770881204.398098,3887,22,1
2,Payment,1770881204.400636,9040,20,1
3,OrderStatus,1770881204.401996,1523,22,1
1,NewOrder,1770881204.402540,30612,19,1
5,StockLevel,1770881204.402828,13828,21,1
1,NewOrder,1770881204.402870,26822,12,1
3,OrderStatus,1770881204.403027,10487,4,1
1,NewOrder,1770881204.403536,5104,22,1
2,Payment,1770881204.403822,8344,13,1
5,StockLevel,1770881204.404116,13574,6,1
1,NewOrder,1770881204.404872,7793,1,1
1,NewOrder,1770881204.407907,19221,11,1
5,StockLevel,1770881204.408654,10840,22,1
1,NewOrder,1770881204.409174,27021,3,1
1,NewOrder,1770881204.409692,16975,20,1
1,NewOrder,1770881204.409869,16205,18,1
1,NewOrder,1770881204.410195,18841,23,1
1,NewOrder,1770881204.411212,21927,5,1
2,Payment,1770881204.412179,5229,13,1
1,NewOrder,1770881204.412324,17327,17,1
1,NewOrder,1770881204.412681,3761,1,1
1,NewOrder,1770881204.412700,29508,9,1
2,Payment,1770881204.413536,8705,4,1
1,NewOrder,1770881204.413933,34515,14,1
1,NewOrder,1770881204.414994,30162,16,1
4,Delivery,1770881204.415499,32925,8,1
1,NewOrder,1770881204.415699,32886,10,1
1,NewOrder,1770881204.416458,12097,1,1
2,Payment,1770881204.416672,8244,21,1
2,Payment,1770881204.417426,7763,13,1
2,Payment,1770881204.417705,7471,6,1
2,Payment,1770881204.419507,11887,22,1
2,Payment,1770881204.422267,6809,4,1
1,NewOrder,1770881204.423387,18878,0,1
1,NewOrder,1770881204.424941,35333,21,1
1,NewOrder,1770881204.425193,26515,6,1
2,Payment,1770881204.425205,7180,13,1
1,NewOrder,1770881204.426099,25227,18,1
2,Payment,1770881204.426681,7153,20,1
2,Payment,1770881204.427145,5511,11,1
2,Payment,1770881204.428566,4543,1,1
1,NewOrder,1770881204.429061,14561,23,1
1,NewOrder,1770881204.429101,19182,4,1
1,NewOrder,1770881204.429664,29932,17,1
1,NewOrder,1770881204.429717,18885,12,1
3,OrderStatus,1770881204.429906,5684,7,1
1,NewOrder,1770881204.430257,23745,2,1
2,Payment,1770881204.431407,10416,22,1
1,NewOrder,1770881204.432412,35558,13,1
1,NewOrder,1770881204.432672,14834,11,1
4,Delivery,1770881204.433133,32721,1,1
1,NewOrder,1770881204.433164,25084,5,1
1,NewOrder,1770881204.433165,26277,19,1
2,Payment,1770881204.433850,10245,20,1
1,NewOrder,1770881204.433880,21604,15,1
1,NewOrder,1770881204.435604,30854,7,1
5,StockLevel,1770881204.436218,16365,3,1
2,Payment,1770881204.441846,11537,22,1
2,Payment,1770881204.442233,6243,9,1
1,NewOrder,1770881204.442285,22230,0,1
5,StockLevel,1770881204.443646,16041,23,1
2,Payment,1770881204.444109,11535,20,1
2,Payment,1770881204.445181,10267,16,1
2,Payment,1770881204.447531,7481,11,1
2,Payment,1770881204.448307,6300,4,1
2,Payment,1770881204.448449,8194,8,1
4,Delivery,1770881204.448463,52671,14,1
2,Payment,1770881204.448492,11027,9,1
1,NewOrder,1770881204.448612,11583,10,1
1,NewOrder,1770881204.448617,14256,12,1
1,NewOrder,1770881204.451351,34129,18,1
2,Payment,1770881204.451725,11790,6,1
2,Payment,1770881204.452600,12319,3,1
2,Payment,1770881204.453408,6399,22,1
1,NewOrder,1770881204.454018,15644,2,1
1,NewOrder,1770881204.454616,23140,4,1
2,Payment,1770881204.455037,10734,11,1
2,Payment,1770881204.455473,9478,16,1
5,StockLevel,1770881204.455510,19204,15,1
1,NewOrder,1770881204.455659,18280,20,1
1,NewOrder,1770881204.456660,28794,8,1
2,Payment,1770881204.458273,8557,5,1
1,NewOrder,1770881204.459453,13308,19,1
3,OrderStatus,1770881204.459534,1542,9,1
1,NewOrder,1770881204.459609,20450,17,1
2,Payment,1770881204.459696,6032,23,1
1,NewOrder,1770881204.459832,29353,22,1
1,NewOrder,1770881204.460221,30564,10,1
1,NewOrder,1770881204.460296,29171,21,1
1,NewOrder,1770881204.461093,33741,9,1
1,NewOrder,1770881204.462887,22591,12,1
2,Payment,1770881204.463535,8321,6,1
2,Payment,1770881204.464525,8789,0,1
1,NewOrder,1770881204.464927,30830,3,1
3,OrderStatus,1770881204.464970,7276,16,1
2,Payment,1770881204.465744,7047,23,1
2,Payment,1770881204.465798,7954,11,1
5,StockLevel,1770881204.465864,11856,1,1
4,Delivery,1770881204.466484,34893,7,1
2,Payment,1770881204.466844,7951,5,1
5,StockLevel,1770881204.467986,19944,13,1
1,NewOrder,1770881204.469685,31387,2,1
2,Payment,1770881204.471873,7078,6,1
2,Payment,1770881204.472260,6342,16,1
2,Payment,1770881204.472771,7435,19,1
1,NewOrder,1770881204.472816,26033,23,1
2,Payment,1770881204.473341,7600,0,1
2,Payment,1770881204.473776,15242,11,1
2,Payment,1770881204.473954,8134,20,1
1,NewOrder,1770881204.474728,42916,15,1
2,Payment,1770881204.474821,1629,5,1
2,Payment,1770881204.476463,6191,5,1
2,Payment,1770881204.477735,7304,1,1
5,StockLevel,1770881204.477782,16434,4,1
1,NewOrder,1770881204.478616,37338,16,1
2,Payment,1770881204.478962,7363,6,1
2,Payment,1770881204.480084,9763,17,1
2,Payment,1770881204.480231,5196,19,1
1,NewOrder,1770881204.480966,33982,0,1
3,OrderStatus,1770881204.482104,7322,20,1
1,NewOrder,1770881204.482669,31365,5,1
2,Payment,1770881204.485064,8648,1,1
4,Delivery,1770881204.485442,18945,19,1
1,NewOrder,1770881204.485470,15310,8,1
2,Payment,1770881204.485504,7221,18,1
1,NewOrder,1770881204.485507,31789,12,1
4,Delivery,1770881204.486340,16050,6,1
2,Payment,1770881204.487953,9253,13,1
1,NewOrder,1770881204.489035,9487,11,1
1,NewOrder,1770881204.489198,19784,22,1
4,Delivery,1770881204.489451,15322,20,1
2,Payment,1770881204.489481,7376,21,1
1,NewOrder,1770881204.489872,18476,17,1
1,NewOrder,1770881204.490809,17192,10,1
1,NewOrder,1770881204.492751,21765,18,1
2,Payment,1770881204.493727,5788,1,1
1,NewOrder,1770881204.494242,28503,4,1
1,NewOrder,1770881204.494859,22486,9,1
1,NewOrder,1770881204.495771,30871,3,1
3,OrderStatus,1770881204.496882,7368,21,1
1,NewOrder,1770881204.497231,33665,13,1
2,Payment,1770881204.498540,6794,11,1
1,NewOrder,1770881204.498873,29111,23,1
1,NewOrder,1770881204.499529,18173,1,1
1,NewOrder,1770881204.500793,25829,8,1
1,NewOrder,1770881204.501097,27203,2,1
2,Payment,1770881204.501146,8434,14,1
1,NewOrder,1770881204.501392,18068,7,1
1,NewOrder,1770881204.502410,14541,6,1
1,NewOrder,1770881204.504272,26671,21,1
2,Payment,1770881204.504407,5813,19,1
2,Payment,1770881204.504787,7093,20,1
2,Payment,1770881204.505348,5722,11,1
2,Payment,1770881204.508017,9662,10,1
1,NewOrder,1770881204.508364,38749,17,1
2,Payment,1770881204.509000,8324,22,1
1,NewOrder,1770881204.509592,30695,14,1
1,NewOrder,1770881204.510246,17099,19,1
4,Delivery,1770881204.511086,53733,11,1
5,StockLevel,1770881204.511903,3199,20,1
5,StockLevel,1770881204.514056,11305,5,1
5,StockLevel,1770881204.514535,17748,18,1
2,Payment,1770881204.514979,10500,0,1
4,Delivery,1770881204.515118,36038,20,1
5,StockLevel,1770881204.515970,16724,16,1
2,Payment,1770881204.516964,9707,6,1
1,NewOrder,1770881204.517312,12657,12,1
5,StockLevel,1770881204.517338,11937,22,1
1,NewOrder,1770881204.517371,27112,9,1
1,NewOrder,1770881204.517670,8618,15,1
1,NewOrder,1770881204.517704,21617,10,1
1,NewOrder,1770881204.517714,28273,1,1
2,Payment,1770881204.519473,14618,7,1
1,NewOrder,1770881204.522756,23597,4,1
5,StockLevel,1770881204.525374,12877,5,1
2,Payment,1770881204.525504,5278,0,1
1,NewOrder,1770881204.526314,24826,15,1
2,Payment,1770881204.526640,5429,8,1
2,Payment,1770881204.526658,6246,3,1
2,Payment,1770881204.526682,9490,6,1
1,NewOrder,1770881204.527356,20239,19,1
2,Payment,1770881204.528002,5776,23,1
2,Payment,1770881204.528312,6929,2,1
2,Payment,1770881204.529300,6388,22,1
1,NewOrder,1770881204.529983,30211,12,1
1,NewOrder,1770881204.530797,34913,0,1
2,Payment,1770881204.530926,7993,13,1
1,NewOrder,1770881204.530968,18202,21,1
2,Payment,1770881204.532091,8660,8,1
2,Payment,1770881204.532297,9089,18,1
3,OrderStatus,1770881204.532709,9543,16,1
1,NewOrder,1770881204.532919,30117,3,1
1,NewOrder,1770881204.533789,16490,23,1
2,Payment,1770881204.534106,8609,7,1
1,NewOrder,1770881204.535254,14734,2,1
2,Payment,1770881204.535705,7803,22,1
1,NewOrder,1770881204.536184,21101,6,1
3,OrderStatus,1770881204.538277,7569,5,1
1,NewOrder,1770881204.538942,21624,13,1
2,Payment,1770881204.539333,8293,10,1
2,Payment,1770881204.540292,7283,14,1
1,NewOrder,1770881204.540767,22642,8,1
1,NewOrder,1770881204.541408,19136,18,1
2,Payment,1770881204.542264,8016,16,1
2,Payment,1770881204.542739,7168,7,1
2,Payment,1770881204.543526,3626,22,1
1,NewOrder,1770881204.544505,25802,9,1
1,NewOrder,1770881204.545862,25285,5,1
2,Payment,1770881204.545999,6652,1,1
2,Payment,1770881204.546359,7555,4,1
1,NewOrder,1770881204.547139,30928,17,1
1,NewOrder,1770881204.547163,18258,22,1
2,Payment,1770881204.547581,10069,14,1
2,Payment,1770881204.547618,5951,19,1
2,Payment,1770881204.547640,6482,10,1
1,NewOrder,1770881204.549195,38683,21,1
2,Payment,1770881204.549921,7709,7,1
5,StockLevel,1770881204.549997,14266,2,1
4,Delivery,1770881204.550293,54797,16,1
2,Payment,1770881204.550303,8082,23,1
5,StockLevel,1770881204.551152,17537,15,1
2,Payment,1770881204.551168,12209,20,1
2,Payment,1770881204.552663,8659,1,1
2,Payment,1770881204.553597,7288,19,1
1,NewOrder,1770881204.553930,29248,4,1
1,NewOrder,1770881204.554133,24256,10,1
2,Payment,1770881204.557302,6654,6,1
2,Payment,1770881204.557658,8024,7,1
1,NewOrder,1770881204.557669,25102,14,1
1,NewOrder,1770881204.558394,19949,23,1
1,NewOrder,1770881204.560219,25198,12,1
1,NewOrder,1770881204.560568,22176,18,1
2,Payment,1770881204.560583,7190,13,1
1,NewOrder,1770881204.560910,17381,19,1
1,NewOrder,1770881204.561345,30134,1,1
2,Payment,1770881204.563062,7577,3,1
1,NewOrder,1770881204.563394,25007,20,1
1,NewOrder,1770881204.563433,35637,8,1
1,NewOrder,1770881204.563968,21860,6,1
1,NewOrder,1770881204.564277,28319,2,1
2,Payment,1770881204.564835,9551,11,1
2,Payment,1770881204.565446,7722,22,1
1,NewOrder,1770881204.565707,12609,7,1
4,Delivery,1770881204.565725,16697,0,1
1,NewOrder,1770881204.567798,19760,13,1
2,Payment,1770881204.568700,8488,15,1
1,NewOrder,1770881204.570331,29142,9,1
1,NewOrder,1770881204.570653,18071,3,1
2,Payment,1770881204.571173,7183,5,1
1,NewOrder,1770881204.573192,22992,22,1
2,Payment,1770881204.574403,5636,11,1
1,NewOrder,1770881204.577202,17991,15,1
1,NewOrder,1770881204.578086,33739,17,1
1,NewOrder,1770881204.578315,15484,19,1
2,Payment,1770881204.578341,4817,7,1
3,OrderStatus,1770881204.578372,4042,5,1
1,NewOrder,1770881204.578372,20390,23,1
1,NewOrder,1770881204.578414,26781,10,1
1,NewOrder,1770881204.580051,16165,11,1
1,NewOrder,1770881204.582437,29004,5,1
2,Payment,1770881204.582448,7466,0,1
2,Payment,1770881204.582768,6544,18,1
1,NewOrder,1770881204.582788,36981,14,1
1,NewOrder,1770881204.583169,21386,7,1
2,Payment,1770881204.583195,8586,4,1
2,Payment,1770881204.585430,5003,12,1
1,NewOrder,1770881204.585853,32610,6,1
1,NewOrder,1770881204.587584,36542,13,1
2,Payment,1770881204.587895,6880,21,1
1,NewOrder,1770881204.588413,38114,20,1
2,Payment,1770881204.588741,6413,3,1
1,NewOrder,1770881204.589330,28148,18,1
2,Payment,1770881204.589927,7664,0,1
2,Payment,1770881204.590448,9713,12,1
2,Payment,1770881204.591503,8176,1,1
1,NewOrder,1770881204.591796,27150,4,1
1,NewOrder,1770881204.592609,31118,2,1
1,NewOrder,1770881204.593812,25158,19,1
2,Payment,1770881204.594800,9835,21,1
3,OrderStatus,1770881204.595165,13893,3,1
2,Payment,1770881204.595219,8448,15,1
2,Payment,1770881204.596208,10137,22,1
1,NewOrder,1770881204.596241,27851,11,1
3,OrderStatus,1770881204.597611,7566,0,1
2,Payment,1770881204.598776,9712,23,1
2,Payment,1770881204.599085,7993,8,1
1,NewOrder,1770881204.599491,21561,9,1
2,Payment,1770881204.599695,4881,1,1
2,Payment,1770881204.600182,5655,12,1
2,Payment,1770881204.603692,13402,15,1
1,NewOrder,1770881204.604582,30824,7,1
4,Delivery,1770881204.604589,31933,1,1
2,Payment,1770881204.604660,8241,21,1
1,NewOrder,1770881204.605109,19718,16,1
2,Payment,1770881204.605200,6656,0,1
2,Payment,1770881204.605207,8033,10,1
2,Payment,1770881204.605862,7858,12,1
1,NewOrder,1770881204.606362,24556,22,1
1,NewOrder,1770881204.607092,30794,8,1
2,Payment,1770881204.608512,2395,23,1
2,Payment,1770881204.609079,9956,3,1
1,NewOrder,1770881204.610925,27704,23,1
2,Payment,1770881204.611455,9482,5,1
5,StockLevel,1770881204.611840,19575,17,1
1,NewOrder,1770881204.611875,28018,0,1
2,Payment,1770881204.612927,5762,21,1
5,StockLevel,1770881204.613256,13191,10,1
2,Payment,1770881204.613746,6575,12,1
1,NewOrder,1770881204.617110,21524,15,1
2,Payment,1770881204.617503,6582,18,1
1,NewOrder,1770881204.618488,26345,6,1
2,Payment,1770881204.618714,7114,21,1
1,NewOrder,1770881204.618971,15256,4,1
1,NewOrder,1770881204.618985,16011,19,1
2,Payment,1770881204.619049,5756,3,1
1,NewOrder,1770881204.619779,20090,14,1
2,Payment,1770881204.620333,5096,12,1
4,Delivery,1770881204.620950,16043,5,1
2,Payment,1770881204.621078,6111,9,1
2,Payment,1770881204.623750,6251,2,1
1,NewOrder,1770881204.624108,18661,11,1
1,NewOrder,1770881204.624114,27297,18,1
2,Payment,1770881204.624152,7386,13,1
1,NewOrder,1770881204.624821,28129,3,1
2,Payment,1770881204.624850,8532,16,1
1,NewOrder,1770881204.625441,24053,12,1
1,NewOrder,1770881204.625843,36964,21,1
2,Payment,1770881204.626464,6512,10,1
1,NewOrder,1770881204.626543,18012,20,1
3,OrderStatus,1770881204.627201,4975,9,1
1,NewOrder,1770881204.630013,31368,2,1
1,NewOrder,1770881204.630940,18920,22,1
1,NewOrder,1770881204.631437,32268,17,1
1,NewOrder,1770881204.631561,35160,13,1
1,NewOrder,1770881204.632188,25458,9,1
2,Payment,1770881204.632989,6711,10,1
5,StockLevel,1770881204.633398,15212,16,1
1,NewOrder,1770881204.634251,24121,4,1
2,Payment,1770881204.635010,10488,19,1
1,NewOrder,1770881204.635432,18027,7,1
1,NewOrder,1770881204.636545,29726,1,1
1,NewOrder,1770881204.637008,6446,5,1
2,Payment,1770881204.637899,7990,8,1
2,Payment,1770881204.638643,8639,23,1
2,Payment,1770881204.638649,6204,15,1
1,NewOrder,1770881204.639725,30323,10,1
1,NewOrder,1770881204.639882,21928,14,1
2,Payment,1770881204.639919,6061,0,1
1,NewOrder,1770881204.642794,24823,11,1
1,NewOrder,1770881204.643478,15830,5,1
1,NewOrder,1770881204.644581,17184,20,1
2,Payment,1770881204.644857,6894,6,1
2,Payment,1770881204.644866,6871,15,1
4,Delivery,1770881204.645508,19060,19,1
1,NewOrder,1770881204.645903,17261,8,1
2,Payment,1770881204.645988,6413,0,1
2,Payment,1770881204.647297,5816,23,1
1,NewOrder,1770881204.648630,21211,16,1
2,Payment,1770881204.649516,6605,12,1
1,NewOrder,1770881204.649875,29108,22,1
1,NewOrder,1770881204.651436,17589,18,1
2,Payment,1770881204.651763,7870,15,1
5,StockLevel,1770881204.651764,16139,6,1
2,Payment,1770881204.652413,8264,0,1
1,NewOrder,1770881204.652972,38279,3,1
1,NewOrder,1770881204.653124,16677,23,1
1,NewOrder,1770881204.653484,18805,7,1
2,Payment,1770881204.656147,7941,12,1
1,NewOrder,1770881204.657662,35459,9,1
4,Delivery,1770881204.658386,43121,4,1
1,NewOrder,1770881204.659334,20967,5,1
1,NewOrder,1770881204.659657,35709,15,1
2,Payment,1770881204.660692,6050,0,1
1,NewOrder,1770881204.661406,30809,2,1
1,NewOrder,1770881204.661790,36413,20,1
2,Payment,1770881204.661835,9622,14,1
2,Payment,1770881204.662831,7039,21,1
2,Payment,1770881204.663190,6625,8,1
4,Delivery,1770881204.663720,65112,17,1
2,Payment,1770881204.664106,9109,12,1
2,Payment,1770881204.664596,7252,19,1
2,Payment,1770881204.666291,6026,1,1
1,NewOrder,1770881204.666746,32304,13,1
2,Payment,1770881204.666756,7578,0,1
2,Payment,1770881204.667630,6234,11,1
3,OrderStatus,1770881204.667915,6333,6,1
3,OrderStatus,1770881204.669036,8373,18,1
2,Payment,1770881204.669826,6426,23,1
2,Payment,1770881204.669842,6927,8,1
2,Payment,1770881204.669858,8668,16,1
1,NewOrder,1770881204.669895,31572,21,1
2,Payment,1770881204.670059,8828,10,1
1,NewOrder,1770881204.671481,35727,14,1
3,OrderStatus,1770881204.671863,3773,19,1
2,Payment,1770881204.672313,8251,7,1
1,NewOrder,1770881204.672334,21373,1,1
1,NewOrder,1770881204.673239,16032,12,1
2,Payment,1770881204.673886,11489,11,1
2,Payment,1770881204.674273,9399,6,1
1,NewOrder,1770881204.674351,32828,0,1
2,Payment,1770881204.675659,7588,19,1
2,Payment,1770881204.676265,8635,23,1
1,NewOrder,1770881204.676790,28191,8,1
5,StockLevel,1770881204.677422,15392,18,1
2,Payment,1770881204.678538,11666,16,1
1,NewOrder,1770881204.678904,12774,10,1
3,OrderStatus,1770881204.678994,4455,22,1
1,NewOrder,1770881204.680328,26513,5,1
5,StockLevel,1770881204.680589,10735,7,1
1,NewOrder,1770881204.683273,19066,19,1
1,NewOrder,1770881204.683474,15148,22,1
2,Payment,1770881204.683697,8000,6,1
1,NewOrder,1770881204.684918,23249,23,1
2,Payment,1770881204.685394,8282,11,1
1,NewOrder,1770881204.689284,30129,12,1
1,NewOrder,1770881204.690229,19515,16,1
1,NewOrder,1770881204.691262,18452,3,1
2,Payment,1770881204.691350,12843,7,1
3,OrderStatus,1770881204.691702,5601,10,1
2,Payment,1770881204.691722,7857,6,1
2,Payment,1770881204.692232,6418,2,1
1,NewOrder,1770881204.692826,16577,18,1
2,Payment,1770881204.693134,7891,9,1
2,Payment,1770881204.693690,9043,11,1
1,NewOrder,1770881204.693724,16742,1,1
1,NewOrder,1770881204.695391,24390,15,1
3,OrderStatus,1770881204.697328,6098,10,1
2,Payment,1770881204.698228,7386,20,1
1,NewOrder,1770881204.698634,25447,22,1
1,NewOrder,1770881204.698664,30596,2,1
1,NewOrder,1770881204.699075,30189,13,1
2,Payment,1770881204.699604,13267,6,1
4,Delivery,1770881204.701039,39660,9,1
1,NewOrder,1770881204.701493,28320,21,1
2,Payment,1770881204.701520,7439,4,1
1,NewOrder,1770881204.702350,19702,19,1
2,Payment,1770881204.702745,3322,11,1
2,Payment,1770881204.703436,7709,10,1
1,NewOrder,1770881204.704212,12512,7,1
2,Payment,1770881204.704998,12082,8,1
4,Delivery,1770881204.705624,33655,20,1
2,Payment,1770881204.706080,8500,11,1
2,Payment,1770881204.706852,5644,5,1
1,NewOrder,1770881204.707196,38273,0,1
2,Payment,1770881204.707226,6850,14,1
1,NewOrder,1770881204.708178,26696,23,1
2,Payment,1770881204.708984,8154,4,1
1,NewOrder,1770881204.709415,25846,18,1
2,Payment,1770881204.709726,8804,3,1
1,NewOrder,1770881204.709767,31029,16,1
1,NewOrder,1770881204.710476,19131,1,1
3,OrderStatus,1770881204.711170,7044,10,1
1,NewOrder,1770881204.712509,20570,5,1
1,NewOrder,1770881204.712895,22464,6,1
1,NewOrder,1770881204.714088,29547,14,1
5,StockLevel,1770881204.714595,7090,11,1
1,NewOrder,1770881204.716751,24538,7,1
2,Payment,1770881204.717105,3917,8,1
1,NewOrder,1770881204.717155,25190,4,1
1,NewOrder,1770881204.718238,28795,10,1
1,NewOrder,1770881204.718547,27432,3,1
1,NewOrder,1770881204.719427,17548,12,1
2,Payment,1770881204.719808,8020,15,1
1,NewOrder,1770881204.721040,37328,8,1
1,NewOrder,1770881204.721710,14897,11,1
2,Payment,1770881204.722072,6155,19,1
1,NewOrder,1770881204.724094,27269,22,1
1,NewOrder,1770881204.727854,36315,15,1
2,Payment,1770881204.728253,5636,19,1
3,OrderStatus,1770881204.728845,8081,17,1
1,NewOrder,1770881204.729277,25966,2,1
1,NewOrder,1770881204.729286,40049,13,1
2,Payment,1770881204.729621,6587,1,1
1,NewOrder,1770881204.729837,41376,21,1
1,NewOrder,1770881204.733093,17581,5,1
2,Payment,1770881204.733904,6373,19,1
1,NewOrder,1770881204.734898,15454,23,1
2,Payment,1770881204.735280,6856,18,1
3,OrderStatus,1770881204.735384,5859,6,1
4,Delivery,1770881204.736220,18626,1,1
1,NewOrder,1770881204.736624,17832,11,1
2,Payment,1770881204.736937,8130,17,1
2,Payment,1770881204.736999,5937,12,1
2,Payment,1770881204.739296,10359,20,1
4,Delivery,1770881204.740304,16215,19,1
1,NewOrder,1770881204.740716,30884,9,1
1,NewOrder,1770881204.740821,34803,16,1
2,Payment,1770881204.741256,13619,6,1
2,Payment,1770881204.741302,7119,7,1
2,Payment,1770881204.742154,10106,18,1
1,NewOrder,1770881204.742364,33209,4,1
1,NewOrder,1770881204.742961,13587,12,1
1,NewOrder,1770881204.743649,39563,14,1
2,Payment,1770881204.745085,11045,17,1
5,StockLevel,1770881204.745494,20541,0,1
5,StockLevel,1770881204.745993,18294,3,1
5,StockLevel,1770881204.747048,10546,10,1
1,NewOrder,1770881204.748431,32856,7,1
2,Payment,1770881204.749667,8335,20,1
2,Payment,1770881204.750377,10847,23,1
4,Delivery,1770881204.750684,4547,5,1
1,NewOrder,1770881204.751387,24559,22,1
1,NewOrder,1770881204.752285,23293,18,1
2,Payment,1770881204.754473,17906,11,1
2,Payment,1770881204.754861,4925,1,1
2,Payment,1770881204.754906,7491,6,1
2,Payment,1770881204.755248,6444,5,1
2,Payment,1770881204.755256,9569,2,1
1,NewOrder,1770881204.756150,24497,17,1
1,NewOrder,1770881204.756530,15535,19,1
2,Payment,1770881204.756573,4874,12,1
3,OrderStatus,1770881204.757608,9245,10,1
1,NewOrder,1770881204.758011,24626,20,1
2,Payment,1770881204.758384,7876,8,1
1,NewOrder,1770881204.759798,20495,1,1
1,NewOrder,1770881204.761242,22363,23,1
5,StockLevel,1770881204.761472,15986,12,1
2,Payment,1770881204.761717,4823,5,1
2,Payment,1770881204.762412,7459,6,1
2,Payment,1770881204.764194,7058,15,1
2,Payment,1770881204.764313,8886,3,1
2,Payment,1770881204.764838,6835,2,1
2,Payment,1770881204.766060,9531,0,1
3,OrderStatus,1770881204.766279,7991,8,1
1,NewOrder,1770881204.766551,18315,5,1
2,Payment,1770881204.766877,8324,10,1
1,NewOrder,1770881204.769361,27013,13,1
1,NewOrder,1770881204.769893,33926,6,1
1,NewOrder,1770881204.771238,18981,21,1
1,NewOrder,1770881204.771277,18292,15,1
1,NewOrder,1770881204.771625,18543,9,1
1,NewOrder,1770881204.771689,22450,2,1
1,NewOrder,1770881204.772083,18130,19,1
1,NewOrder,1770881204.772404,13203,11,1
1,NewOrder,1770881204.773214,25614,3,1
3,OrderStatus,1770881204.774280,7911,8,1
2,Payment,1770881204.775216,7106,10,1
1,NewOrder,1770881204.775592,19325,4,1
1,NewOrder,1770881204.775605,20102,18,1
1,NewOrder,1770881204.775617,27074,0,1
1,NewOrder,1770881204.775650,26710,16,1
2,Payment,1770881204.775960,6642,22,1
5,StockLevel,1770881204.777471,11142,12,1
2,Payment,1770881204.780309,6603,1,1
1,NewOrder,1770881204.780660,34296,17,1
1,NewOrder,1770881204.781296,17978,7,1
1,NewOrder,1770881204.782217,18278,8,1
1,NewOrder,1770881204.782353,18388,10,1
3,OrderStatus,1770881204.782627,2779,22,1
2,Payment,1770881204.782649,14688,20,1
2,Payment,1770881204.783237,7841,14,1
1,NewOrder,1770881204.783624,19097,23,1
2,Payment,1770881204.784890,5239,5,1
1,NewOrder,1770881204.785418,29884,22,1
2,Payment,1770881204.785615,6326,11,1
2,Payment,1770881204.786932,6659,1,1
2,Payment,1770881204.788634,6814,12,1
1,NewOrder,1770881204.789594,26774,15,1
1,NewOrder,1770881204.790151,19567,5,1
4,Delivery,1770881204.790181,37452,9,1
2,Payment,1770881204.790227,9005,19,1
1,NewOrder,1770881204.790244,25116,21,1
1,NewOrder,1770881204.791103,33703,14,1
1,NewOrder,1770881204.791965,24397,11,1
3,OrderStatus,1770881204.793618,5480,1,1
1,NewOrder,1770881204.794153,25031,2,1
1,NewOrder,1770881204.794930,26521,4,1
2,Payment,1770881204.795473,5421,12,1
3,OrderStatus,1770881204.795732,5066,18,1
2,Payment,1770881204.796400,6266,13,1
2,Payment,1770881204.797353,7768,20,1
2,Payment,1770881204.798839,9889,3,1
2,Payment,1770881204.799112,6673,1,1
2,Payment,1770881204.799241,7739,19,1
1,NewOrder,1770881204.799301,17162,7,1
2,Payment,1770881204.800510,7955,8,1
1,NewOrder,1770881204.800765,14916,10,1
2,Payment,1770881204.800819,8292,18,1
1,NewOrder,1770881204.800910,27116,12,1
1,NewOrder,1770881204.802383,21197,16,1
1,NewOrder,1770881204.802681,27458,13,1
2,Payment,1770881204.802704,8436,0,1
1,NewOrder,1770881204.802734,26289,23,1
1,NewOrder,1770881204.803844,31826,6,1
2,Payment,1770881204.805143,8336,20,1
1,NewOrder,1770881204.805797,20913,1,1
1,NewOrder,1770881204.806992,11548,19,1
1,NewOrder,1770881204.808491,33491,8,1
3,OrderStatus,1770881204.808746,8038,3,1
1,NewOrder,1770881204.809129,20248,18,1
1,NewOrder,1770881204.809729,29313,5,1
4,Delivery,1770881204.811153,15216,0,1
2,Payment,1770881204.813504,6693,20,1
1,NewOrder,1770881204.814966,32515,17,1
2,Payment,1770881204.815314,6591,22,1
1,NewOrder,1770881204.815386,31628,21,1
1,NewOrder,1770881204.815691,16226,10,1
1,NewOrder,1770881204.816372,29083,11,1
1,NewOrder,1770881204.816381,25628,15,1
2,Payment,1770881204.816488,6049,7,1
1,NewOrder,1770881204.816810,19547,3,1
1,NewOrder,1770881204.818560,22850,19,1
1,NewOrder,1770881204.819209,27832,2,1
2,Payment,1770881204.820209,8093,20,1
1,NewOrder,1770881204.821477,21171,4,1
1,NewOrder,1770881204.821918,25448,22,1
5,StockLevel,1770881204.822564,14306,7,1
1,NewOrder,1770881204.823605,31334,16,1
1,NewOrder,1770881204.824831,20970,14,1
2,Payment,1770881204.826385,7788,0,1
1,NewOrder,1770881204.826737,26952,1,1
1,NewOrder,1770881204.827644,25653,9,1
1,NewOrder,1770881204.828043,20131,12,1
1,NewOrder,1770881204.828315,34512,20,1
1,NewOrder,1770881204.829041,17284,23,1
2,Payment,1770881204.829394,7424,18,1
4,Delivery,1770881204.830165,39898,13,1
1,NewOrder,1770881204.831943,14670,10,1
2,Payment,1770881204.834189,7769,0,1
5,StockLevel,1770881204.835689,15761,6,1
1,NewOrder,1770881204.836372,36792,3,1
2,Payment,1770881204.836836,6882,18,1
2,Payment,1770881204.836886,9770,7,1
1,NewOrder,1770881204.839069,26611,5,1
1,NewOrder,1770881204.841422,13532,19,1
2,Payment,1770881204.841983,5605,0,1
1,NewOrder,1770881204.842002,35350,8,1
2,Payment,1770881204.842025,5482,15,1
1,NewOrder,1770881204.842660,25179,4,1
1,NewOrder,1770881204.843732,23375,18,1
2,Payment,1770881204.845478,6051,11,1
2,Payment,1770881204.845826,7883,14,1
1,NewOrder,1770881204.846350,13933,23,1
1,NewOrder,1770881204.846629,23013,10,1
1,NewOrder,1770881204.846684,13494,7,1
2,Payment,1770881204.847045,10672,21,1
1,NewOrder,1770881204.847057,12664,2,1
1,NewOrder,1770881204.847383,27901,22,1
1,NewOrder,1770881204.847499,19944,17,1
1,NewOrder,1770881204.847519,36585,15,1
1,NewOrder,1770881204.847603,20284,0,1
4,Delivery,1770881204.848196,22330,12,1
3,OrderStatus,1770881204.851474,7549,6,1
2,Payment,1770881204.851544,5489,11,1
1,NewOrder,1770881204.853310,29588,9,1
1,NewOrder,1770881204.853716,14972,1,1
2,Payment,1770881204.853735,9656,14,1
2,Payment,1770881204.854952,10230,16,1
2,Payment,1770881204.854979,5234,19,1
2,Payment,1770881204.857048,6180,11,1
4,Delivery,1770881204.857742,59050,21,1
2,Payment,1770881204.859038,8379,6,1
1,NewOrder,1770881204.859745,29035,2,1
1,NewOrder,1770881204.860194,20285,7,1
2,Payment,1770881204.860238,5421,19,1
2,Payment,1770881204.860296,7455,23,1
2,Payment,1770881204.862851,12953,20,1
3,OrderStatus,1770881204.863245,4304,11,1
2,Payment,1770881204.863405,7193,14,1
1,NewOrder,1770881204.865191,32146,16,1
2,Payment,1770881204.865684,5558,19,1
2,Payment,1770881204.865706,5566,5,1
2,Payment,1770881204.867133,10679,18,1
4,Delivery,1770881204.867429,16174,6,1
1,NewOrder,1770881204.867462,20727,17,1
2,Payment,1770881204.867559,6286,11,1
1,NewOrder,1770881204.867774,13736,23,1
1,NewOrder,1770881204.867863,29142,4,1
2,Payment,1770881204.867900,6314,0,1
2,Payment,1770881204.868703,8249,1,1
1,NewOrder,1770881204.869656,24357,10,1
1,NewOrder,1770881204.870079,32873,13,1
2,Payment,1770881204.870544,3270,12,1
2,Payment,1770881204.870611,9917,14,1
1,NewOrder,1770881204.871256,15765,19,1
1,NewOrder,1770881204.871286,19241,5,1
1,NewOrder,1770881204.873180,28954,3,1
2,Payment,1770881204.873826,8229,12,1
1,NewOrder,1770881204.873868,28488,11,1
1,NewOrder,1770881204.874227,23132,0,1
1,NewOrder,1770881204.875298,20941,22,1
2,Payment,1770881204.875816,9134,20,1
2,Payment,1770881204.876977,6656,1,1
2,Payment,1770881204.877379,10792,8,1
5,StockLevel,1770881204.877824,11183,18,1
4,Delivery,1770881204.880505,4000,7,1
1,NewOrder,1770881204.880547,26076,14,1
2,Payment,1770881204.881523,14105,23,1
2,Payment,1770881204.882072,1917,12,1
1,NewOrder,1770881204.882910,27442,9,1
5,StockLevel,1770881204.883617,14533,6,1
1,NewOrder,1770881204.883661,31662,1,1
2,Payment,1770881204.884014,1562,12,1
2,Payment,1770881204.884115,9347,15,1
4,Delivery,1770881204.884526,41927,7,1
2,Payment,1770881204.884963,18190,20,1
1,NewOrder,1770881204.885585,5530,12,1
2,Payment,1770881204.887047,18635,19,1
2,Payment,1770881204.888193,6881,8,1
5,StockLevel,1770881204.888202,15682,17,1
2,Payment,1770881204.888806,5233,2,1
5,StockLevel,1770881204.889023,11212,18,1
1,NewOrder,1770881204.890554,30600,5,1
1,NewOrder,1770881204.891127,32129,12,1
2,Payment,1770881204.893481,4630,15,1
1,NewOrder,1770881204.894039,33127,10,1
2,Payment,1770881204.894066,5833,2,1
2,Payment,1770881204.895090,5804,8,1
2,Payment,1770881204.895643,5999,23,1
2,Payment,1770881204.896255,12448,22,1
1,NewOrder,1770881204.897022,29463,4,1
1,NewOrder,1770881204.897348,24238,16,1
2,Payment,1770881204.897372,5549,0,1
2,Payment,1770881204.898127,6878,15,1
4,Delivery,1770881204.898165,28674,6,1
2,Payment,1770881204.899925,9984,2,1
1,NewOrder,1770881204.900260,29496,18,1
2,Payment,1770881204.900918,5373,8,1
1,NewOrder,1770881204.901658,32789,23,1
2,Payment,1770881204.902145,9156,3,1
1,NewOrder,1770881204.902381,21396,11,1
1,NewOrder,1770881204.902933,19870,0,1
1,NewOrder,1770881204.902965,23010,13,1
2,Payment,1770881204.903168,3419,20,1
2,Payment,1770881204.903897,6171,17,1
1,NewOrder,1770881204.905023,16501,15,1
5,StockLevel,1770881204.905707,8232,19,1
1,NewOrder,1770881204.906306,32941,8,1
1,NewOrder,1770881204.906598,3719,20,1
1,NewOrder,1770881204.906649,32618,14,1
2,Payment,1770881204.908730,4418,22,1
1,NewOrder,1770881204.909933,23189,2,1
1,NewOrder,1770881204.910091,17044,17,1
2,Payment,1770881204.910328,4071,20,1
1,NewOrder,1770881204.910367,27540,9,1
1,NewOrder,1770881204.911320,25258,3,1
1,NewOrder,1770881204.913161,25563,22,1
2,Payment,1770881204.913964,9255,19,1
2,Payment,1770881204.914414,1842,20,1
1,NewOrder,1770881204.915350,35408,1,1
1,NewOrder,1770881204.916279,5715,20,1
2,Payment,1770881204.916816,8769,21,1
1,NewOrder,1770881204.921178,26786,5,1
2,Payment,1770881204.921538,8886,15,1
1,NewOrder,1770881204.921613,36063,16,1
2,Payment,1770881204.922007,5394,20,1
2,Payment,1770881204.922821,12247,0,1
2,Payment,1770881204.923238,7709,19,1
1,NewOrder,1770881204.923281,24279,12,1
1,NewOrder,1770881204.923791,25411,11,1
1,NewOrder,1770881204.925610,25451,21,1
2,Payment,1770881204.926000,6782,13,1
2,Payment,1770881204.926475,8636,7,1
1,NewOrder,1770881204.926511,29315,4,1
1,NewOrder,1770881204.926860,5224,6,1
1,NewOrder,1770881204.927150,29132,17,1
2,Payment,1770881204.927182,9765,10,1
1,NewOrder,1770881204.927428,5714,20,1
1,NewOrder,1770881204.929781,19679,18,1
2,Payment,1770881204.930444,8339,15,1
1,NewOrder,1770881204.930964,22712,19,1
4,Delivery,1770881204.932101,6660,6,1
2,Payment,1770881204.932807,8296,13,1
1,NewOrder,1770881204.933134,24518,2,1
2,Payment,1770881204.933160,3809,20,1
3,OrderStatus,1770881204.934472,8401,23,1
1,NewOrder,1770881204.935093,27128,0,1
1,NewOrder,1770881204.935128,31155,7,1
2,Payment,1770881204.936593,8297,3,1
1,NewOrder,1770881204.936971,20211,10,1
1,NewOrder,1770881204.936985,25101,20,1
5,StockLevel,1770881204.937919,17130,9,1
1,NewOrder,1770881204.938744,17440,22,1
2,Payment,1770881204.938786,6619,6,1
2,Payment,1770881204.938802,10095,15,1
1,NewOrder,1770881204.939273,31269,8,1
2,Payment,1770881204.939283,11758,14,1
1,NewOrder,1770881204.941127,22907,13,1
5,StockLevel,1770881204.942889,14930,23,1
5,StockLevel,1770881204.944917,14691,3,1
1,NewOrder,1770881204.945431,16739,6,1
1,NewOrder,1770881204.947577,20233,12,1
1,NewOrder,1770881204.947991,22223,5,1
3,OrderStatus,1770881204.948915,7162,15,1
3,OrderStatus,1770881204.949218,6396,11,1
1,NewOrder,1770881204.949486,19495,18,1
1,NewOrder,1770881204.950784,34125,1,1
4,Delivery,1770881204.951066,26150,14,1
2,Payment,1770881204.951079,5102,21,1
4,Delivery,1770881204.953693,17411,19,1
2,Payment,1770881204.955064,6320,9,1
1,NewOrder,1770881204.955625,35186,11,1
1,NewOrder,1770881204.955852,27781,4,1
2,Payment,1770881204.956098,6158,15,1
1,NewOrder,1770881204.956203,26122,22,1
2,Payment,1770881204.956207,5998,21,1
1,NewOrder,1770881204.956306,18379,17,1
2,Payment,1770881204.957206,9141,10,1
2,Payment,1770881204.957666,8647,2,1
2,Payment,1770881204.957699,8184,16,1
2,Payment,1770881204.957832,8527,23,1
2,Payment,1770881204.959623,8521,3,1
1,NewOrder,1770881204.961410,34533,9,1
3,OrderStatus,1770881204.962111,12166,20,1
1,NewOrder,1770881204.962195,18316,6,1
1,NewOrder,1770881204.962232,31589,21,1
1,NewOrder,1770881204.962236,23669,0,1
1,NewOrder,1770881204.962270,30985,15,1
1,NewOrder,1770881204.964047,20777,13,1
2,Payment,1770881204.965899,4669,16,1
2,Payment,1770881204.966308,4388,7,1
2,Payment,1770881204.966337,7829,2,1
2,Payment,1770881204.966374,5739,10,1
1,NewOrder,1770881204.966386,29536,23,1
2,Payment,1770881204.967835,7846,12,1
1,NewOrder,1770881204.968164,19992,3,1
2,Payment,1770881204.968997,6907,18,1
2,Payment,1770881204.970232,7505,5,1
1,NewOrder,1770881204.970568,18103,8,1
3,OrderStatus,1770881204.970588,6491,16,1
2,Payment,1770881204.970707,6962,7,1
1,NewOrder,1770881204.971130,26377,19,1
2,Payment,1770881204.972129,7190,10,1
1,NewOrder,1770881204.974188,17115,2,1
2,Payment,1770881204.974292,10191,20,1
2,Payment,1770881204.974697,6891,17,1
1,NewOrder,1770881204.975708,19970,12,1
2,Payment,1770881204.975920,10501,18,1
1,NewOrder,1770881204.977104,19382,16,1
1,NewOrder,1770881204.977230,22888,14,1
3,OrderStatus,1770881204.977694,6640,7,1
1,NewOrder,1770881204.977752,18755,5,1
1,NewOrder,1770881204.979335,20800,10,1
1,NewOrder,1770881204.980531,31182,6,1
2,Payment,1770881204.981606,7098,17,1
2,Payment,1770881204.982338,7977,22,1
2,Payment,1770881204.983660,7679,4,1
3,OrderStatus,1770881204.984353,6516,7,1
1,NewOrder,1770881204.984508,25502,20,1
2,Payment,1770881204.984841,9477,13,1
1,NewOrder,1770881204.984926,25737,1,1
1,NewOrder,1770881204.985921,30328,0,1
2,Payment,1770881204.986446,5091,18,1
2,Payment,1770881204.988169,10560,3,1
1,NewOrder,1770881204.988687,27923,8,1
1,NewOrder,1770881204.988716,29099,17,1
2,Payment,1770881204.990334,6542,22,1
1,NewOrder,1770881204.990835,23952,11,1
2,Payment,1770881204.990881,8682,7,1
2,Payment,1770881204.991316,6155,2,1
1,NewOrder,1770881204.991363,30884,4,1
2,Payment,1770881204.991548,6885,18,1
2,Payment,1770881204.993268,7639,15,1
2,Payment,1770881204.993846,13487,21,1
1,NewOrder,1770881204.994342,36010,13,1
2,Payment,1770881204.995703,9061,12,1
1,NewOrder,1770881204.995942,31716,23,1
1,NewOrder,1770881204.995960,32884,9,1
4,Delivery,1770881204.996502,52260,16,1
2,Payment,1770881204.996523,8150,5,1
1,NewOrder,1770881204.996892,28265,22,1
2,Payment,1770881204.997485,8902,2,1
2,Payment,1770881204.997524,6752,19,1
1,NewOrder,1770881204.998450,30054,18,1
5,StockLevel,1770881204.998744,11896,3,1
2,Payment,1770881204.999589,7461,7,1
2,Payment,1770881205.000131,10975,14,1
1,NewOrder,1770881205.000156,33695,10,1
1,NewOrder,1770881205.000921,34810,15,1
2,Payment,1770881205.004295,6352,19,1
1,NewOrder,1770881205.004697,31510,5,1
1,NewOrder,1770881205.004789,18047,12,1
2,Payment,1770881205.006412,4187,2,1
1,NewOrder,1770881205.007075,17876,7,1
1,NewOrder,1770881205.007356,26971,21,1
1,NewOrder,1770881205.010026,28929,20,1
1,NewOrder,1770881205.010616,23734,2,1
2,Payment,1770881205.010654,10217,3,1
2,Payment,1770881205.010674,9831,19,1
2,Payment,1770881205.010681,8136,1,1
1,NewOrder,1770881205.011118,27437,14,1
2,Payment,1770881205.011724,6074,6,1
2,Payment,1770881205.014802,8080,11,1
2,Payment,1770881205.016275,12543,0,1
1,NewOrder,1770881205.016636,21975,8,1
2,Payment,1770881205.017824,9005,6,1
2,Payment,1770881205.017840,6621,17,1
1,NewOrder,1770881205.018832,22872,1,1
1,NewOrder,1770881205.020531,25138,19,1
1,NewOrder,1770881205.020885,30103,3,1
2,Payment,1770881205.022263,8714,4,1
1,NewOrder,1770881205.022853,18288,12,1
2,Payment,1770881205.022908,6707,11,1
1,NewOrder,1770881205.024480,24967,17,1
2,Payment,1770881205.024964,7823,7,1
1,NewOrder,1770881205.025180,26653,22,1
1,NewOrder,1770881205.026846,34107,6,1
3,OrderStatus,1770881205.027675,6359,23,1
1,NewOrder,1770881205.028536,15671,18,1
1,NewOrder,1770881205.028832,14931,0,1
2,Payment,1770881205.028861,7375,9,1
2,Payment,1770881205.029637,8443,11,1
2,Payment,1770881205.030365,6196,13,1
1,NewOrder,1770881205.030995,22409,4,1
4,Delivery,1770881205.032803,20078,7,1
1,NewOrder,1770881205.033878,27473,10,1
2,Payment,1770881205.034051,8902,23,1
1,NewOrder,1770881205.034345,23265,21,1
2,Payment,1770881205.034374,6347,2,1
2,Payment,1770881205.035744,7144,15,1
4,Delivery,1770881205.036222,64042,5,1
2,Payment,1770881205.036251,6301,9,1
2,Payment,1770881205.036572,8113,13,1
2,Payment,1770881205.038104,6606,11,1
2,Payment,1770881205.038569,9743,14,1
1,NewOrder,1770881205.038637,19797,8,1
2,Payment,1770881205.038981,6666,20,1
1,NewOrder,1770881205.040736,33895,2,1
1,NewOrder,1770881205.041161,29340,12,1
1,NewOrder,1770881205.041729,19650,1,1
1,NewOrder,1770881205.042567,18291,9,1
1,NewOrder,1770881205.042914,17988,15,1
2,Payment,1770881205.042966,8339,23,1
1,NewOrder,1770881205.043789,29311,0,1
2,Payment,1770881205.044233,11518,18,1
5,StockLevel,1770881205.044698,14654,13,1
3,OrderStatus,1770881205.044729,5668,11,1
1,NewOrder,1770881205.045663,21612,20,1
2,Payment,1770881205.045679,7693,19,1
1,NewOrder,1770881205.048336,23434,14,1
2,Payment,1770881205.048789,5476,16,1
1,NewOrder,1770881205.049471,31675,17,1
2,Payment,1770881205.050421,6743,11,1
2,Payment,1770881205.051002,6503,3,1
1,NewOrder,1770881205.051329,29342,23,1
2,Payment,1770881205.051851,8468,22,1
3,OrderStatus,1770881205.052893,7637,7,1
1,NewOrder,1770881205.053396,27778,19,1
1,NewOrder,1770881205.053429,31697,4,1
4,Delivery,1770881205.054281,42852,16,1
1,NewOrder,1770881205.055776,21056,18,1
5,StockLevel,1770881205.057182,16659,11,1
4,Delivery,1770881205.057530,43492,3,1
2,Payment,1770881205.057636,5021,21,1
1,NewOrder,1770881205.058454,17590,8,1
2,Payment,1770881205.059379,6830,13,1
2,Payment,1770881205.060338,7723,22,1
5,StockLevel,1770881205.060546,15052,7,1
1,NewOrder,1770881205.060885,19175,9,1
2,Payment,1770881205.060916,6596,15,1
2,Payment,1770881205.060980,4472,6,1
1,NewOrder,1770881205.061364,16010,10,1
1,NewOrder,1770881205.061392,22594,1,1
1,NewOrder,1770881205.062682,28476,21,1
1,NewOrder,1770881205.065465,30961,6,1
2,Payment,1770881205.066235,7783,13,1
2,Payment,1770881205.067290,7228,20,1
1,NewOrder,1770881205.067526,28283,15,1
1,NewOrder,1770881205.068075,26291,22,1
2,Payment,1770881205.070527,7709,12,1
2,Payment,1770881205.071788,8600,14,1
1,NewOrder,1770881205.073125,29086,0,1
1,NewOrder,1770881205.073865,25163,11,1
2,Payment,1770881205.074044,8215,13,1
1,NewOrder,1770881205.074529,31572,20,1
2,Payment,1770881205.074658,6058,2,1
2,Payment,1770881205.075614,6190,7,1
2,Payment,1770881205.076061,7221,8,1
2,Payment,1770881205.076858,7763,18,1
2,Payment,1770881205.077384,7662,10,1
1,NewOrder,1770881205.078255,19651,12,1
1,NewOrder,1770881205.080086,34323,9,1
1,NewOrder,1770881205.080408,29723,14,1
1,NewOrder,1770881205.080687,29815,23,1
1,NewOrder,1770881205.080741,25457,2,1
2,Payment,1770881205.081159,8668,17,1
5,StockLevel,1770881205.081201,15272,19,1
2,Payment,1770881205.081817,8562,7,1
1,NewOrder,1770881205.082274,27322,13,1
1,NewOrder,1770881205.083297,37213,8,1
1,NewOrder,1770881205.084002,30657,1,1
2,Payment,1770881205.084646,6205,18,1
1,NewOrder,1770881205.085072,19704,10,1
1,NewOrder,1770881205.085144,20519,4,1
3,OrderStatus,1770881205.089843,5800,17,1
2,Payment,1770881205.090393,6430,7,1
2,Payment,1770881205.090877,5970,18,1
1,NewOrder,1770881205.091184,31389,21,1
2,Payment,1770881205.094383,11687,22,1
2,Payment,1770881205.095661,5430,17,1
1,NewOrder,1770881205.095825,21255,15,1
2,Payment,1770881205.096444,7183,6,1
2,Payment,1770881205.096499,6947,19,1
1,NewOrder,1770881205.096842,27278,7,1
2,Payment,1770881205.096859,13249,18,1
2,Payment,1770881205.097153,9964,16,1
1,NewOrder,1770881205.097923,20064,12,1
4,Delivery,1770881205.099054,58057,11,1
1,NewOrder,1770881205.100290,28133,5,1
2,Payment,1770881205.101043,2004,3,1
1,NewOrder,1770881205.101117,32241,17,1
3,OrderStatus,1770881205.102238,10350,0,1
1,NewOrder,1770881205.103064,7020,3,1
1,NewOrder,1770881205.103472,17598,19,1
2,Payment,1770881205.103652,10259,6,1
1,NewOrder,1770881205.104790,17089,10,1
3,OrderStatus,1770881205.105682,5823,4,1
2,Payment,1770881205.106087,5706,22,1
1,NewOrder,1770881205.106127,24774,20,1
1,NewOrder,1770881205.106225,24985,2,1
2,Payment,1770881205.107128,9479,16,1
2,Payment,1770881205.109623,8760,13,1
2,Payment,1770881205.110111,1936,3,1
2,Payment,1770881205.110133,4300,18,1
1,NewOrder,1770881205.110147,29050,14,1
1,NewOrder,1770881205.110514,24931,23,1
3,OrderStatus,1770881205.111519,7101,4,1
1,NewOrder,1770881205.111805,25733,22,1
1,NewOrder,1770881205.112072,9840,3,1
3,OrderStatus,1770881205.112615,8252,0,1
2,Payment,1770881205.113929,7217,6,1
1,NewOrder,1770881205.114435,23639,9,1
1,NewOrder,1770881205.114448,31945,18,1
1,NewOrder,1770881205.114673,22101,1,1
2,Payment,1770881205.116621,7146,16,1
1,NewOrder,1770881205.117107,19092,15,1
2,Payment,1770881205.118004,10330,12,1
2,Payment,1770881205.118394,6991,13,1
3,OrderStatus,1770881205.118639,5720,4,1
2,Payment,1770881205.120524,6613,8,1
2,Payment,1770881205.120891,7348,0,1
1,NewOrder,1770881205.121097,18962,19,1
2,Payment,1770881205.121159,7505,6,1
1,NewOrder,1770881205.121902,16010,10,1
1,NewOrder,1770881205.121939,35980,3,1
1,NewOrder,1770881205.122588,20881,21,1
1,NewOrder,1770881205.123793,18768,16,1
2,Payment,1770881205.124133,7105,7,1
2,Payment,1770881205.124375,7504,4,1
1,NewOrder,1770881205.125411,23414,13,1
2,Payment,1770881205.127155,7971,8,1
1,NewOrder,1770881205.128264,25100,0,1
1,NewOrder,1770881205.128349,16852,12,1
1,NewOrder,1770881205.128448,22436,5,1
1,NewOrder,1770881205.128688,25189,6,1
1,NewOrder,1770881205.130916,26537,20,1
1,NewOrder,1770881205.131232,20482,2,1
1,NewOrder,1770881205.131254,22552,7,1
2,Payment,1770881205.131890,5999,4,1
1,NewOrder,1770881205.133383,17481,17,1
2,Payment,1770881205.135141,7021,8,1
2,Payment,1770881205.135469,6136,23,1
1,NewOrder,1770881205.136225,28080,15,1
1,NewOrder,1770881205.136790,27108,1,1
1,NewOrder,1770881205.137572,16645,22,1
1,NewOrder,1770881205.137903,24555,4,1
1,NewOrder,1770881205.137923,20467,10,1
1,NewOrder,1770881205.138100,30533,9,1
1,NewOrder,1770881205.139210,33943,14,1
1,NewOrder,1770881205.140083,28312,19,1
2,Payment,1770881205.141621,6688,23,1
5,StockLevel,1770881205.142178,17111,8,1
2,Payment,1770881205.142574,7601,16,1
1,NewOrder,1770881205.143492,28544,21,1
2,Payment,1770881205.145217,6833,12,1
1,NewOrder,1770881205.146420,27640,18,1
1,NewOrder,1770881205.148335,28644,23,1
2,Payment,1770881205.148838,4947,13,1
1,NewOrder,1770881205.150196,21130,16,1
2,Payment,1770881205.150888,12405,17,1
1,NewOrder,1770881205.150900,32170,5,1
1,NewOrder,1770881205.151741,16285,2,1
2,Payment,1770881205.152076,12717,12,1
1,NewOrder,1770881205.153386,17500,0,1
4,Delivery,1770881205.153806,32872,13,1
1,NewOrder,1770881205.153831,21030,7,1
1,NewOrder,1770881205.153901,20631,6,1
1,NewOrder,1770881205.154231,29782,22,1
2,Payment,1770881205.157137,11090,11,1
2,Payment,1770881205.157480,5823,20,1
1,NewOrder,1770881205.157942,17012,3,1
1,NewOrder,1770881205.158405,29310,10,1
1,NewOrder,1770881205.159302,18907,8,1
2,Payment,1770881205.162487,7247,4,1
2,Payment,1770881205.163318,7930,17,1
1,NewOrder,1770881205.163322,20659,20,1
1,NewOrder,1770881205.163914,21373,1,1
2,Payment,1770881205.164313,9165,15,1
3,OrderStatus,1770881205.164812,1036,12,1
2,Payment,1770881205.165860,8976,12,1
1,NewOrder,1770881205.168052,21350,2,1
3,OrderStatus,1770881205.168237,5541,11,1
2,Payment,1770881205.168422,8983,19,1
2,Payment,1770881205.168659,5847,9,1
2,Payment,1770881205.169753,7603,4,1
3,OrderStatus,1770881205.170912,4594,0,1
1,NewOrder,1770881205.171273,21499,17,1
2,Payment,1770881205.171340,5097,16,1
1,NewOrder,1770881205.172046,25514,21,1
2,Payment,1770881205.173170,7345,14,1
2,Payment,1770881205.173494,5407,15,1
1,NewOrder,1770881205.173804,36139,11,1
4,Delivery,1770881205.174073,12954,18,1
4,Delivery,1770881205.174522,31400,9,1
1,NewOrder,1770881205.174553,38569,6,1
1,NewOrder,1770881205.174851,15255,12,1
2,Payment,1770881205.174874,7085,7,1
1,NewOrder,1770881205.174973,29291,3,1
2,Payment,1770881205.175532,7855,0,1
1,NewOrder,1770881205.176450,21814,16,1
2,Payment,1770881205.176993,8670,23,1
1,NewOrder,1770881205.177367,29542,4,1
2,Payment,1770881205.177431,6462,19,1
4,Delivery,1770881205.178222,28292,8,1
1,NewOrder,1770881205.178926,26344,15,1
1,NewOrder,1770881205.180532,33323,14,1
2,Payment,1770881205.181975,7019,7,1
1,NewOrder,1770881205.183091,19088,5,1
2,Payment,1770881205.183412,5953,0,1
2,Payment,1770881205.183908,6804,19,1
1,NewOrder,1770881205.183998,23788,20,1
1,NewOrder,1770881205.184039,34953,22,1
1,NewOrder,1770881205.185297,27428,1,1
2,Payment,1770881205.185679,6290,23,1
1,NewOrder,1770881205.186690,21623,13,1
1,NewOrder,1770881205.187044,35320,18,1
1,NewOrder,1770881205.187723,24305,10,1
1,NewOrder,1770881205.189009,34275,7,1
2,Payment,1770881205.189380,5248,0,1
1,NewOrder,1770881205.189415,27360,2,1
2,Payment,1770881205.190116,8889,12,1
5,StockLevel,1770881205.190729,16529,19,1
4,Delivery,1770881205.191985,56997,23,1
2,Payment,1770881205.192797,9779,17,1
2,Payment,1770881205.194644,5822,0,1
4,Delivery,1770881205.197577,51832,21,1
4,Delivery,1770881205.198280,44117,16,1
1,NewOrder,1770881205.199022,17993,12,1
4,Delivery,1770881205.200478,18878,0,1
5,StockLevel,1770881205.202220,17717,5,1
1,NewOrder,1770881205.202586,21504,17,1
1,NewOrder,1770881205.204281,22841,3,1
1,NewOrder,1770881205.205289,22938,15,1
1,NewOrder,1770881205.205939,29680,9,1
1,NewOrder,1770881205.206530,6621,8,1
1,NewOrder,1770881205.206926,34688,4,1
1,NewOrder,1770881205.207273,21959,19,1
1,NewOrder,1770881205.207797,27765,20,1
2,Payment,1770881205.208328,4851,13,1
1,NewOrder,1770881205.209967,17435,11,1
1,NewOrder,1770881205.212047,23076,10,1
1,NewOrder,1770881205.212740,22368,1,1
2,Payment,1770881205.213141,2005,6,1
2,Payment,1770881205.213170,4179,8,1
2,Payment,1770881205.213206,7470,13,1
2,Payment,1770881205.213864,11001,14,1
2,Payment,1770881205.215162,4173,6,1
2,Payment,1770881205.216787,9270,2,1
1,NewOrder,1770881205.217041,25757,12,1
1,NewOrder,1770881205.217366,16030,8,1
1,NewOrder,1770881205.219011,30767,22,1
1,NewOrder,1770881205.219353,11590,6,1
4,Delivery,1770881205.219372,66129,0,1
4,Delivery,1770881205.219954,65074,5,1
4,Delivery,1770881205.220691,22115,13,1
1,NewOrder,1770881205.222378,14167,18,1
1,NewOrder,1770881205.223294,18938,7,1
3,OrderStatus,1770881205.224104,4322,17,1
1,NewOrder,1770881205.224884,17522,14,1
1,NewOrder,1770881205.226075,18346,2,1
1,NewOrder,1770881205.227138,24715,3,1
2,Payment,1770881205.227419,7090,11,1
4,Delivery,1770881205.228241,14679,15,1
2,Payment,1770881205.228438,5310,17,1
1,NewOrder,1770881205.229255,32204,19,1
1,NewOrder,1770881205.230957,24892,6,1
1,NewOrder,1770881205.233422,28844,8,1
1,NewOrder,1770881205.233774,25608,17,1
1,NewOrder,1770881205.234527,32284,11,1
1,NewOrder,1770881205.235122,38032,1,1
2,Payment,1770881205.235142,9263,10,1
2,Payment,1770881205.235575,6619,20,1
1,NewOrder,1770881205.235645,20155,9,1
2,Payment,1770881205.236567,7496,18,1
1,NewOrder,1770881205.241647,33826,4,1
1,NewOrder,1770881205.242209,37944,20,1
2,Payment,1770881205.242263,8010,7,1
1,NewOrder,1770881205.242427,30002,16,1
1,NewOrder,1770881205.242433,34064,14,1
1,NewOrder,1770881205.242814,37793,12,1
1,NewOrder,1770881205.242826,5507,13,1
1,NewOrder,1770881205.242941,15058,15,1
1,NewOrder,1770881205.244077,32335,18,1
2,Payment,1770881205.244430,10381,10,1
2,Payment,1770881205.244440,6360,2,1
1,NewOrder,1770881205.248350,27694,13,1
1,NewOrder,1770881205.249007,25807,23,1
2,Payment,1770881205.249430,1472,21,1
1,NewOrder,1770881205.249796,32380,22,1
1,NewOrder,1770881205.250290,31207,7,1
2,Payment,1770881205.250819,13169,2,1
5,StockLevel,1770881205.250918,1776,21,1
1,NewOrder,1770881205.251868,25111,3,1
1,NewOrder,1770881205.252708,3095,21,1
2,Payment,1770881205.254837,9867,10,1
1,NewOrder,1770881205.255822,3880,21,1
1,NewOrder,1770881205.255825,21558,9,1
2,Payment,1770881205.255873,6750,6,1
1,NewOrder,1770881205.258025,38018,15,1
1,NewOrder,1770881205.259399,40183,17,1
2,Payment,1770881205.259724,1379,21,1
1,NewOrder,1770881205.261118,3972,21,1
2,Payment,1770881205.261485,7491,19,1
2,Payment,1770881205.262291,11761,8,1
1,NewOrder,1770881205.262635,29092,6,1
1,NewOrder,1770881205.264012,21674,2,1
2,Payment,1770881205.264720,11714,10,1
3,OrderStatus,1770881205.265122,2260,21,1
1,NewOrder,1770881205.266836,20755,11,1
2,Payment,1770881205.267400,3835,21,1
3,OrderStatus,1770881205.268992,6072,19,1
4,Delivery,1770881205.271252,30635,21,1
2,Payment,1770881205.272451,6809,16,1
2,Payment,1770881205.273171,5503,1,1
2,Payment,1770881205.274078,6437,8,1
2,Payment,1770881205.274838,5689,23,1
1,NewOrder,1770881205.275080,24925,19,1
2,Payment,1770881205.275488,6661,4,1
1,NewOrder,1770881205.276070,24321,13,1
1,NewOrder,1770881205.276427,34413,18,1
2,Payment,1770881205.276461,5661,10,1
1,NewOrder,1770881205.276511,20034,14,1
1,NewOrder,1770881205.276992,36269,3,1
1,NewOrder,1770881205.277398,17904,9,1
1,NewOrder,1770881205.278687,35727,1,1
2,Payment,1770881205.279278,6458,16,1
1,NewOrder,1770881205.280165,33918,20,1
2,Payment,1770881205.280525,7440,8,1
5,StockLevel,1770881205.280553,17496,23,1
2,Payment,1770881205.280633,8241,12,1
2,Payment,1770881205.281512,9605,7,1
2,Payment,1770881205.282137,10323,10,1
2,Payment,1770881205.282175,8638,4,1
2,Payment,1770881205.282193,8912,22,1
5,StockLevel,1770881205.285043,14202,5,1
2,Payment,1770881205.285523,6329,0,1
4,Delivery,1770881205.285705,57431,2,1
4,Delivery,1770881205.285753,51217,16,1
5,StockLevel,1770881205.287606,13814,11,1
4,Delivery,1770881205.287976,30468,8,1
2,Payment,1770881205.288900,7649,12,1
2,Payment,1770881205.290835,10952,4,1
1,NewOrder,1770881205.291131,39039,22,1
2,Payment,1770881205.291143,6246,7,1
2,Payment,1770881205.291740,10916,6,1
2,Payment,1770881205.291877,1054,0,1
5,StockLevel,1770881205.292472,6459,10,1
1,NewOrder,1770881205.292947,5590,0,1
2,Payment,1770881205.295326,9931,9,1
2,Payment,1770881205.296058,10508,15,1
1,NewOrder,1770881205.296557,36881,14,1
2,Payment,1770881205.296568,6850,12,1
2,Payment,1770881205.297407,9944,7,1
2,Payment,1770881205.298075,6078,23,1
1,NewOrder,1770881205.298555,5087,0,1
2,Payment,1770881205.298944,19410,10,1
2,Payment,1770881205.299271,11569,5,1
1,NewOrder,1770881205.299608,36590,17,1
1,NewOrder,1770881205.300017,23504,19,1
2,Payment,1770881205.300405,7938,13,1
2,Payment,1770881205.301431,18584,11,1
4,Delivery,1770881205.301813,41694,4,1
1,NewOrder,1770881205.301913,14598,21,1
2,Payment,1770881205.302673,8563,6,1
2,Payment,1770881205.303435,11005,12,1
1,NewOrder,1770881205.303659,2987,0,1
2,Payment,1770881205.304179,11333,23,1
4,Delivery,1770881205.305276,14005,9,1
1,NewOrder,1770881205.306592,25838,15,1
1,NewOrder,1770881205.306660,4160,0,1
1,NewOrder,1770881205.307376,29646,7,1
1,NewOrder,1770881205.308356,26630,13,1
5,StockLevel,1770881205.310833,1644,0,1
2,Payment,1770881205.310855,6141,18,1
2,Payment,1770881205.310867,7175,5,1
2,Payment,1770881205.311252,5284,6,1
2,Payment,1770881205.312491,7563,0,1
1,NewOrder,1770881205.313284,29325,3,1
1,NewOrder,1770881205.314102,21564,20,1
1,NewOrder,1770881205.314440,34328,1,1
1,NewOrder,1770881205.314457,25118,12,1
2,Payment,1770881205.315525,11254,23,1
2,Payment,1770881205.316537,12051,21,1
4,Delivery,1770881205.316554,3414,6,1
2,Payment,1770881205.317021,13558,18,1
1,NewOrder,1770881205.318068,33705,5,1
1,NewOrder,1770881205.318367,19002,10,1
2,Payment,1770881205.318471,5734,8,1
1,NewOrder,1770881205.319296,5385,9,1
2,Payment,1770881205.319983,7223,6,1
1,NewOrder,1770881205.320030,24306,11,1
2,Payment,1770881205.320068,1265,0,1
2,Payment,1770881205.321345,1356,0,1
1,NewOrder,1770881205.322713,3592,0,1
1,NewOrder,1770881205.323548,22648,19,1
1,NewOrder,1770881205.324220,28170,8,1
1,NewOrder,1770881205.324696,21497,9,1
3,OrderStatus,1770881205.326319,967,0,1
1,NewOrder,1770881205.326798,19002,23,1
2,Payment,1770881205.327231,8473,6,1
2,Payment,1770881205.327300,1618,0,1
2,Payment,1770881205.328614,4409,21,1
1,NewOrder,1770881205.328938,14094,0,1
1,NewOrder,1770881205.330196,16429,22,1
1,NewOrder,1770881205.330599,14026,18,1
2,Payment,1770881205.332458,6338,15,1
2,Payment,1770881205.333040,7488,21,1
1,NewOrder,1770881205.333456,26875,14,1
1,NewOrder,1770881205.335013,23217,13,1
2,Payment,1770881205.335683,7356,20,1
2,Payment,1770881205.335721,6352,6,1
3,OrderStatus,1770881205.336219,6611,17,1
2,Payment,1770881205.336985,6087,16,1
2,Payment,1770881205.337047,6873,7,1
2,Payment,1770881205.337395,8797,10,1
4,Delivery,1770881205.338817,37079,15,1
1,NewOrder,1770881205.339602,40086,12,1
4,Delivery,1770881205.340544,34156,21,1
2,Payment,1770881205.342089,6968,6,1
1,NewOrder,1770881205.342626,18602,3,1
1,NewOrder,1770881205.342856,33349,17,1
2,Payment,1770881205.343056,7222,20,1
1,NewOrder,1770881205.343061,20595,0,1
2,Payment,1770881205.343099,6621,16,1
1,NewOrder,1770881205.343158,35027,2,1
1,NewOrder,1770881205.343523,9712,4,1
1,NewOrder,1770881205.343947,20734,7,1
1,NewOrder,1770881205.344355,34189,11,1
2,Payment,1770881205.344642,8071,18,1
2,Payment,1770881205.346019,11499,23,1
1,NewOrder,1770881205.346268,24341,10,1
2,Payment,1770881205.346303,7857,9,1
2,Payment,1770881205.346485,9434,19,1
1,NewOrder,1770881205.346738,34555,22,1
1,NewOrder,1770881205.348850,31238,1,1
2,Payment,1770881205.349125,9133,6,1
1,NewOrder,1770881205.350035,21499,16,1
2,Payment,1770881205.350304,11353,20,1
2,Payment,1770881205.351975,9762,5,1
1,NewOrder,1770881205.352417,19098,8,1
2,Payment,1770881205.352725,6806,18,1
1,NewOrder,1770881205.353262,12887,4,1
1,NewOrder,1770881205.354178,29885,9,1
2,Payment,1770881205.355940,8770,19,1
1,NewOrder,1770881205.357570,21669,23,1
1,NewOrder,1770881205.358248,31794,13,1
2,Payment,1770881205.358290,5908,6,1
1,NewOrder,1770881205.359549,28047,18,1
1,NewOrder,1770881205.360365,28439,14,1
4,Delivery,1770881205.361249,35260,3,1
1,NewOrder,1770881205.361694,24522,20,1
1,NewOrder,1770881205.361763,27850,5,1
1,NewOrder,1770881205.363670,30717,0,1
2,Payment,1770881205.364216,7326,6,1
2,Payment,1770881205.364707,9394,7,1
1,NewOrder,1770881205.364735,32563,19,1
2,Payment,1770881205.366175,9291,4,1
2,Payment,1770881205.370625,7620,10,1
2,Payment,1770881205.371542,8945,8,1
1,NewOrder,1770881205.371569,28000,6,1
2,Payment,1770881205.371580,4637,16,1
2,Payment,1770881205.374116,11847,7,1
2,Payment,1770881205.374732,8454,21,1
2,Payment,1770881205.375493,6783,4,1
5,StockLevel,1770881205.375918,19870,15,1
1,NewOrder,1770881205.376231,17083,17,1
2,Payment,1770881205.376234,10616,16,1
2,Payment,1770881205.378208,6494,2,1
1,NewOrder,1770881205.378272,14985,10,1
1,NewOrder,1770881205.378557,25281,11,1
2,Payment,1770881205.379254,6328,23,1
2,Payment,1770881205.379725,8754,12,1
2,Payment,1770881205.380123,7459,1,1
2,Payment,1770881205.380499,3895,8,1
2,Payment,1770881205.381329,10028,22,1
2,Payment,1770881205.382302,13643,4,1
1,NewOrder,1770881205.383219,27238,21,1
1,NewOrder,1770881205.384081,28332,9,1
4,Delivery,1770881205.384418,27471,8,1
1,NewOrder,1770881205.384720,27284,2,1
2,Payment,1770881205.385601,7641,23,1
2,Payment,1770881205.385984,2075,7,1
1,NewOrder,1770881205.386229,25684,20,1
1,NewOrder,1770881205.386864,30540,16,1
2,Payment,1770881205.387601,10044,1,1
2,Payment,1770881205.387614,7198,18,1
2,Payment,1770881205.388077,4827,7,1
2,Payment,1770881205.388491,4778,12,1
1,NewOrder,1770881205.388830,31370,14,1
2,Payment,1770881205.389628,10624,5,1
1,NewOrder,1770881205.390059,35880,13,1
1,NewOrder,1770881205.391370,29358,22,1
1,NewOrder,1770881205.392928,21544,7,1
5,StockLevel,1770881205.393267,14388,23,1
1,NewOrder,1770881205.393284,14729,10,1
1,NewOrder,1770881205.393306,16611,12,1
2,Payment,1770881205.393329,6514,17,1
1,NewOrder,1770881205.394402,20432,0,1
1,NewOrder,1770881205.394826,15826,18,1
2,Payment,1770881205.395799,7726,15,1
1,NewOrder,1770881205.395969,15593,4,1
5,StockLevel,1770881205.396536,16690,3,1
1,NewOrder,1770881205.397324,33924,19,1
5,StockLevel,1770881205.397664,13677,1,1
2,Payment,1770881205.399595,6667,6,1
1,NewOrder,1770881205.399858,15483,17,1
2,Payment,1770881205.400268,3585,5,1
1,NewOrder,1770881205.403543,19451,15,1
2,Payment,1770881205.403864,7215,11,1
1,NewOrder,1770881205.403870,31937,5,1
2,Payment,1770881205.406279,13221,6,1
1,NewOrder,1770881205.407670,18781,23,1
2,Payment,1770881205.408034,9384,10,1
2,Payment,1770881205.409939,5821,12,1
5,StockLevel,1770881205.410471,13094,21,1
2,Payment,1770881205.410673,6265,18,1
2,Payment,1770881205.411092,4630,11,1
1,NewOrder,1770881205.411353,17529,1,1
2,Payment,1770881205.411588,5874,4,1
1,NewOrder,1770881205.411901,16230,8,1
2,Payment,1770881205.411940,7725,20,1
2,Payment,1770881205.412031,6918,2,1
1,NewOrder,1770881205.412429,18690,9,1
2,Payment,1770881205.413249,8195,3,1
3,OrderStatus,1770881205.414488,8651,7,1
1,NewOrder,1770881205.414848,16984,0,1
2,Payment,1770881205.415357,7922,17,1
1,NewOrder,1770881205.415734,23196,11,1
1,NewOrder,1770881205.415787,30427,12,1
2,Payment,1770881205.416964,8403,18,1
2,Payment,1770881205.417419,8563,16,1
1,NewOrder,1770881205.417436,22001,10,1
1,NewOrder,1770881205.417481,33733,4,1
1,NewOrder,1770881205.418962,18756,2,1
3,OrderStatus,1770881205.419517,1396,6,1
5,StockLevel,1770881205.419696,14892,20,1
2,Payment,1770881205.420215,7835,14,1
2,Payment,1770881205.420754,6906,22,1
1,NewOrder,1770881205.420936,29647,6,1
1,NewOrder,1770881205.421461,20767,3,1
2,Payment,1770881205.423016,9673,15,1
1,NewOrder,1770881205.423154,14861,7,1
1,NewOrder,1770881205.423296,25585,17,1
1,NewOrder,1770881205.423579,19909,21,1
2,Payment,1770881205.425380,8458,18,1
1,NewOrder,1770881205.425950,20297,13,1
2,Payment,1770881205.425999,8194,16,1
2,Payment,1770881205.426472,8861,23,1
1,NewOrder,1770881205.427677,27215,22,1
4,Delivery,1770881205.428076,26769,14,1
5,StockLevel,1770881205.428144,14959,8,1
2,Payment,1770881205.428905,6934,1,1
1,NewOrder,1770881205.431132,16908,9,1
1,NewOrder,1770881205.431263,21726,19,1
2,Payment,1770881205.431846,6982,0,1
1,NewOrder,1770881205.432705,26716,15,1
1,NewOrder,1770881205.433852,19111,18,1
1,NewOrder,1770881205.434210,14152,16,1
2,Payment,1770881205.434605,6481,20,1
2,Payment,1770881205.435349,7842,23,1
2,Payment,1770881205.435820,6915,5,1
2,Payment,1770881205.435852,8368,1,1
1,NewOrder,1770881205.437732,16025,2,1
2,Payment,1770881205.438029,7833,7,1
1,NewOrder,1770881205.438843,34622,0,1
1,NewOrder,1770881205.438952,25425,11,1
1,NewOrder,1770881205.439463,34024,10,1
2,Payment,1770881205.441114,8244,20,1
4,Delivery,1770881205.442245,36981,3,1
1,NewOrder,1770881205.442762,34413,5,1
1,NewOrder,1770881205.443123,21776,8,1
2,Payment,1770881205.443200,8467,23,1
2,Payment,1770881205.443504,15818,21,1
5,StockLevel,1770881205.444237,10247,1,1
2,Payment,1770881205.445873,7149,7,1
2,Payment,1770881205.446235,6288,12,1
2,Payment,1770881205.446265,7797,13,1
1,NewOrder,1770881205.448066,31923,9,1
1,NewOrder,1770881205.448376,17540,16,1
3,OrderStatus,1770881205.448907,6086,17,1
2,Payment,1770881205.449373,6694,20,1
2,Payment,1770881205.450609,8411,6,1
2,Payment,1770881205.451228,8066,4,1
3,OrderStatus,1770881205.451684,2484,23,1
2,Payment,1770881205.452541,6725,12,1
2,Payment,1770881205.452979,13254,18,1
1,NewOrder,1770881205.453005,20862,19,1
1,NewOrder,1770881205.453049,18835,7,1
1,NewOrder,1770881205.453774,17547,2,1
2,Payment,1770881205.454078,7571,13,1
1,NewOrder,1770881205.454184,18053,23,1
2,Payment,1770881205.454496,7592,1,1
5,StockLevel,1770881205.454860,20642,14,1
2,Payment,1770881205.454905,7941,22,1
1,NewOrder,1770881205.455013,19957,17,1
2,Payment,1770881205.456084,10344,20,1
1,NewOrder,1770881205.459045,28942,6,1
2,Payment,1770881205.459283,8602,12,1
1,NewOrder,1770881205.459320,24148,4,1
1,NewOrder,1770881205.459339,23828,21,1
1,NewOrder,1770881205.459447,15877,15,1
1,NewOrder,1770881205.461664,21756,13,1
2,Payment,1770881205.462107,7544,1,1
2,Payment,1770881205.462870,8426,22,1
1,NewOrder,1770881205.464391,34923,11,1
2,Payment,1770881205.464914,6088,8,1
3,OrderStatus,1770881205.465929,6718,16,1
1,NewOrder,1770881205.466259,20986,18,1
1,NewOrder,1770881205.466444,18684,20,1
1,NewOrder,1770881205.467911,15471,12,1
1,NewOrder,1770881205.469667,16302,1,1
1,NewOrder,1770881205.471028,20606,8,1
2,Payment,1770881205.471309,6185,22,1
1,NewOrder,1770881205.471348,37678,2,1
2,Payment,1770881205.471898,6893,7,1
1,NewOrder,1770881205.472250,33350,23,1
1,NewOrder,1770881205.472670,36674,16,1
2,Payment,1770881205.473478,6493,0,1
3,OrderStatus,1770881205.473513,6441,10,1
2,Payment,1770881205.473883,8395,19,1
1,NewOrder,1770881205.474996,19620,17,1
1,NewOrder,1770881205.475347,18724,15,1
3,OrderStatus,1770881205.475518,9218,14,1
1,NewOrder,1770881205.477191,41274,5,1
1,NewOrder,1770881205.477512,35564,22,1
1,NewOrder,1770881205.478803,35751,7,1
1,NewOrder,1770881205.479244,24585,3,1
1,NewOrder,1770881205.479981,35015,10,1
5,StockLevel,1770881205.479987,13056,0,1
2,Payment,1770881205.480009,6934,9,1
2,Payment,1770881205.482292,7444,19,1
2,Payment,1770881205.483192,8000,21,1
2,Payment,1770881205.483411,6831,12,1
1,NewOrder,1770881205.483436,23612,13,1
3,OrderStatus,1770881205.483482,7945,4,1
1,NewOrder,1770881205.484752,33187,14,1
2,Payment,1770881205.485148,9444,20,1
1,NewOrder,1770881205.485983,32351,1,1
1,NewOrder,1770881205.486964,27544,9,1
2,Payment,1770881205.487265,8876,18,1
2,Payment,1770881205.488013,6565,6,1
2,Payment,1770881205.489754,9600,19,1
1,NewOrder,1770881205.490269,22435,12,1
1,NewOrder,1770881205.491218,29580,21,1
1,NewOrder,1770881205.491445,21903,4,1
2,Payment,1770881205.491650,6977,8,1
2,Payment,1770881205.493070,8675,0,1
2,Payment,1770881205.494092,8183,15,1
1,NewOrder,1770881205.494593,25838,6,1
1,NewOrder,1770881205.494619,18341,20,1
4,Delivery,1770881205.494643,62003,17,1
2,Payment,1770881205.496158,6928,18,1
1,NewOrder,1770881205.498653,27362,8,1
2,Payment,1770881205.499335,9794,11,1
2,Payment,1770881205.499382,9611,19,1
2,Payment,1770881205.501772,7488,0,1
2,Payment,1770881205.502300,7061,15,1
1,NewOrder,1770881205.503101,27438,18,1
2,Payment,1770881205.503845,8142,3,1
2,Payment,1770881205.505622,7009,23,1
1,NewOrder,1770881205.507065,24327,13,1
2,Payment,1770881205.509019,5774,19,1
1,NewOrder,1770881205.509043,26919,2,1
1,NewOrder,1770881205.509155,13215,11,1
1,NewOrder,1770881205.509286,17084,0,1
2,Payment,1770881205.509360,6354,16,1
1,NewOrder,1770881205.509379,34866,15,1
2,Payment,1770881205.512001,10900,3,1
2,Payment,1770881205.512658,5708,23,1
1,NewOrder,1770881205.512720,30820,12,1
2,Payment,1770881205.512976,7486,20,1
1,NewOrder,1770881205.513097,29747,22,1
1,NewOrder,1770881205.513362,21031,4,1
5,StockLevel,1770881205.514524,16002,9,1
1,NewOrder,1770881205.514578,20456,7,1
1,NewOrder,1770881205.514805,15820,19,1
1,NewOrder,1770881205.515006,25823,10,1
1,NewOrder,1770881205.515735,30500,16,1
1,NewOrder,1770881205.517954,22377,14,1
2,Payment,1770881205.518351,6985,1,1
2,Payment,1770881205.518379,6589,23,1
1,NewOrder,1770881205.518491,25364,5,1
1,NewOrder,1770881205.520458,24063,6,1
5,StockLevel,1770881205.520489,11649,20,1
2,Payment,1770881205.520824,7895,21,1
2,Payment,1770881205.522395,7840,11,1
1,NewOrder,1770881205.522916,29289,3,1
2,Payment,1770881205.524986,9667,23,1
1,NewOrder,1770881205.525353,27775,1,1
2,Payment,1770881205.526042,10616,8,1
5,StockLevel,1770881205.526382,11596,0,1
1,NewOrder,1770881205.528733,16229,21,1
2,Payment,1770881205.530254,8798,11,1
2,Payment,1770881205.530550,10695,9,1
2,Payment,1770881205.530556,8071,18,1
2,Payment,1770881205.530636,10166,19,1
1,NewOrder,1770881205.531418,33859,13,1
1,NewOrder,1770881205.532154,20355,20,1
1,NewOrder,1770881205.534419,29879,4,1
1,NewOrder,1770881205.534672,30751,23,1
1,NewOrder,1770881205.535045,21662,7,1
2,Payment,1770881205.535972,6299,2,1
1,NewOrder,1770881205.536679,19594,8,1
1,NewOrder,1770881205.537992,31426,0,1
2,Payment,1770881205.538653,7069,18,1
2,Payment,1770881205.539078,4805,11,1
1,NewOrder,1770881205.540356,31373,14,1
4,Delivery,1770881205.540827,12672,19,1
2,Payment,1770881205.540846,7058,10,1
2,Payment,1770881205.541261,8785,9,1
1,NewOrder,1770881205.542284,20590,2,1
1,NewOrder,1770881205.542859,17357,22,1
1,NewOrder,1770881205.543557,21369,12,1
1,NewOrder,1770881205.543882,29024,5,1
2,Payment,1770881205.543896,11941,11,1
2,Payment,1770881205.544268,6863,15,1
2,Payment,1770881205.544533,8894,6,1
1,NewOrder,1770881205.544977,31386,21,1
1,NewOrder,1770881205.545749,29520,18,1
2,Payment,1770881205.546250,8446,16,1
2,Payment,1770881205.547931,11100,10,1
1,NewOrder,1770881205.550070,24005,9,1
4,Delivery,1770881205.551158,6007,15,1
2,Payment,1770881205.552231,7174,3,1
2,Payment,1770881205.552525,7823,20,1
2,Payment,1770881205.553146,9044,1,1
3,OrderStatus,1770881205.553444,7393,6,1
3,OrderStatus,1770881205.553520,8254,19,1
1,NewOrder,1770881205.554711,16966,16,1
2,Payment,1770881205.555864,5131,11,1
4,Delivery,1770881205.556286,29117,8,1
1,NewOrder,1770881205.556673,19281,17,1
5,StockLevel,1770881205.556722,12433,7,1
2,Payment,1770881205.557186,8065,15,1
3,OrderStatus,1770881205.559056,2242,10,1
2,Payment,1770881205.559421,7599,3,1
1,NewOrder,1770881205.560242,22178,22,1
2,Payment,1770881205.560374,4240,20,1
1,NewOrder,1770881205.560862,29047,6,1
1,NewOrder,1770881205.561021,29757,11,1
1,NewOrder,1770881205.561324,31234,10,1
2,Payment,1770881205.561790,7389,19,1
2,Payment,1770881205.562215,6528,1,1
2,Payment,1770881205.562889,13393,2,1
1,NewOrder,1770881205.564324,18600,4,1
5,StockLevel,1770881205.564629,19023,20,1
2,Payment,1770881205.564943,11692,12,1
2,Payment,1770881205.565269,8741,15,1
2,Payment,1770881205.565291,5879,13,1
1,NewOrder,1770881205.565435,24418,23,1
2,Payment,1770881205.567044,7000,3,1
2,Payment,1770881205.568761,10621,1,1
1,NewOrder,1770881205.569174,22856,7,1
2,Payment,1770881205.569207,9661,19,1
2,Payment,1770881205.569431,8198,0,1
4,Delivery,1770881205.571183,22084,13,1
4,Delivery,1770881205.571695,22228,16,1
2,Payment,1770881205.571755,6621,14,1
1,NewOrder,1770881205.572924,16590,5,1
1,NewOrder,1770881205.574035,18212,15,1
1,NewOrder,1770881205.574067,28295,3,1
1,NewOrder,1770881205.574102,28173,9,1
2,Payment,1770881205.575282,7493,18,1
1,NewOrder,1770881205.575981,32248,17,1
1,NewOrder,1770881205.576309,16283,2,1
1,NewOrder,1770881205.576389,24755,21,1
1,NewOrder,1770881205.576662,26105,12,1
2,Payment,1770881205.577645,4012,0,1
1,NewOrder,1770881205.578394,22331,14,1
1,NewOrder,1770881205.578895,17253,19,1
3,OrderStatus,1770881205.579408,6809,1,1
1,NewOrder,1770881205.581672,33540,0,1
2,Payment,1770881205.582438,7467,22,1
5,StockLevel,1770881205.582792,16945,18,1
1,NewOrder,1770881205.582938,26214,4,1
5,StockLevel,1770881205.583663,11109,20,1
5,StockLevel,1770881205.585418,15460,8,1
2,Payment,1770881205.586243,5196,1,1
2,Payment,1770881205.589570,5313,5,1
2,Payment,1770881205.589875,5775,23,1
2,Payment,1770881205.589934,7728,22,1
2,Payment,1770881205.589937,8115,6,1
4,Delivery,1770881205.590792,60223,11,1
2,Payment,1770881205.591455,7207,1,1
1,NewOrder,1770881205.592050,22478,7,1
2,Payment,1770881205.592274,7739,15,1
1,NewOrder,1770881205.592573,17421,10,1
1,NewOrder,1770881205.592619,24021,2,1
5,StockLevel,1770881205.593292,17469,13,1
3,OrderStatus,1770881205.593937,1408,16,1
5,StockLevel,1770881205.594788,13521,20,1
1,NewOrder,1770881205.594911,27917,5,1
2,Payment,1770881205.595362,6131,16,1
2,Payment,1770881205.595676,7791,23,1
1,NewOrder,1770881205.596169,18317,19,1
1,NewOrder,1770881205.597674,17462,22,1
1,NewOrder,1770881205.598078,30066,6,1
1,NewOrder,1770881205.598675,15806,1,1
2,Payment,1770881205.599750,6283,18,1
2,Payment,1770881205.600024,7006,15,1
2,Payment,1770881205.600752,7967,14,1
2,Payment,1770881205.600900,8220,8,1
2,Payment,1770881205.601170,7925,21,1
1,NewOrder,1770881205.601507,3558,16,1
2,Payment,1770881205.602300,8542,9,1
1,NewOrder,1770881205.602379,25356,3,1
1,NewOrder,1770881205.602793,26421,12,1
1,NewOrder,1770881205.603485,14805,23,1
1,NewOrder,1770881205.605080,21101,16,1
4,Delivery,1770881205.606048,15295,18,1
2,Payment,1770881205.607041,6816,15,1
2,Payment,1770881205.608255,7207,17,1
1,NewOrder,1770881205.608347,17797,20,1
1,NewOrder,1770881205.608745,29160,14,1
2,Payment,1770881205.609111,6373,21,1
2,Payment,1770881205.609137,7158,8,1
1,NewOrder,1770881205.609179,34355,4,1
2,Payment,1770881205.610004,7665,10,1
1,NewOrder,1770881205.610786,23400,13,1
1,NewOrder,1770881205.610868,32954,9,1
1,NewOrder,1770881205.613874,19190,15,1
1,NewOrder,1770881205.614497,21443,1,1
4,Delivery,1770881205.614502,7433,19,1
3,OrderStatus,1770881205.614555,5672,7,1
1,NewOrder,1770881205.615151,31099,22,1
2,Payment,1770881205.615229,7274,0,1
2,Payment,1770881205.615488,6522,17,1
1,NewOrder,1770881205.615499,29356,21,1
3,OrderStatus,1770881205.616322,6871,8,1
2,Payment,1770881205.616654,7512,2,1
2,Payment,1770881205.617682,4351,10,1
2,Payment,1770881205.618309,6980,23,1
2,Payment,1770881205.620242,8755,7,1
2,Payment,1770881205.621367,7232,18,1
1,NewOrder,1770881205.621958,11039,19,1
1,NewOrder,1770881205.622025,25117,17,1
3,OrderStatus,1770881205.622048,5271,10,1
1,NewOrder,1770881205.622525,27097,0,1
1,NewOrder,1770881205.622841,29889,5,1
2,Payment,1770881205.623218,7191,8,1
2,Payment,1770881205.624192,3566,2,1
2,Payment,1770881205.625310,6452,23,1
1,NewOrder,1770881205.626160,25403,20,1
2,Payment,1770881205.626208,9693,16,1
1,NewOrder,1770881205.627337,32001,10,1
2,Payment,1770881205.627751,8120,3,1
2,Payment,1770881205.627771,6765,2,1
1,NewOrder,1770881205.628155,17021,6,1
2,Payment,1770881205.628609,6956,18,1
1,NewOrder,1770881205.629012,24883,7,1
1,NewOrder,1770881205.629233,16429,12,1
2,Payment,1770881205.630432,6870,8,1
2,Payment,1770881205.631777,6751,23,1
1,NewOrder,1770881205.633015,20519,19,1
1,NewOrder,1770881205.633082,26279,15,1
2,Payment,1770881205.634211,8577,13,1
1,NewOrder,1770881205.634552,33212,2,1
1,NewOrder,1770881205.635590,24999,18,1
1,NewOrder,1770881205.635888,26261,3,1
1,NewOrder,1770881205.635916,32714,16,1
1,NewOrder,1770881205.635956,16462,1,1
1,NewOrder,1770881205.637318,21494,8,1
1,NewOrder,1770881205.637920,22178,14,1
5,StockLevel,1770881205.638544,13959,23,1
2,Payment,1770881205.642806,5573,13,1
1,NewOrder,1770881205.643560,32933,4,1
1,NewOrder,1770881205.643849,33039,9,1
2,Payment,1770881205.644870,6766,21,1
1,NewOrder,1770881205.645194,24913,6,1
2,Payment,1770881205.645676,11946,12,1
5,StockLevel,1770881205.646277,13681,22,1
1,NewOrder,1770881205.647156,16550,17,1
2,Payment,1770881205.648393,7476,13,1
1,NewOrder,1770881205.649638,27280,0,1
1,NewOrder,1770881205.651027,22320,11,1
1,NewOrder,1770881205.651586,20614,20,1
2,Payment,1770881205.651649,8912,21,1
1,NewOrder,1770881205.652443,31002,1,1
2,Payment,1770881205.652517,9599,23,1
1,NewOrder,1770881205.652756,33449,5,1
2,Payment,1770881205.653569,11145,19,1
2,Payment,1770881205.653921,5514,7,1
1,NewOrder,1770881205.655886,18007,13,1
4,Delivery,1770881205.657636,11308,12,1
2,Payment,1770881205.658839,8515,8,1
1,NewOrder,1770881205.659364,23425,10,1
1,NewOrder,1770881205.659377,21093,15,1
1,NewOrder,1770881205.659461,25818,7,1
1,NewOrder,1770881205.659974,19659,22,1
3,OrderStatus,1770881205.660113,7677,14,1
4,Delivery,1770881205.660579,36037,21,1
1,NewOrder,1770881205.660605,19816,18,1
5,StockLevel,1770881205.662143,9575,23,1
1,NewOrder,1770881205.662164,16536,3,1
5,StockLevel,1770881205.663722,14692,17,1
2,Payment,1770881205.664739,3383,19,1
2,Payment,1770881205.667370,5571,8,1
2,Payment,1770881205.667780,4833,2,1
1,NewOrder,1770881205.667808,18710,14,1
1,NewOrder,1770881205.668135,13586,19,1
1,NewOrder,1770881205.668644,29916,16,1
2,Payment,1770881205.668959,9814,12,1
1,NewOrder,1770881205.670119,25347,6,1
2,Payment,1770881205.671744,10577,23,1
1,NewOrder,1770881205.672215,32210,20,1
5,StockLevel,1770881205.672639,16475,2,1
2,Payment,1770881205.672955,5125,8,1
2,Payment,1770881205.673363,7521,11,1
2,Payment,1770881205.673909,6849,13,1
1,NewOrder,1770881205.676508,31251,4,1
2,Payment,1770881205.676901,5866,9,1
3,OrderStatus,1770881205.676944,3316,0,1
2,Payment,1770881205.678105,7593,8,1
2,Payment,1770881205.678426,8827,17,1
2,Payment,1770881205.678721,7083,3,1
2,Payment,1770881205.678798,7008,12,1
1,NewOrder,1770881205.679659,16627,22,1
1,NewOrder,1770881205.680277,22822,0,1
1,NewOrder,1770881205.680438,20944,18,1
2,Payment,1770881205.680496,10324,15,1
2,Payment,1770881205.680771,8311,13,1
1,NewOrder,1770881205.680898,32180,11,1
2,Payment,1770881205.681742,7002,19,1
5,StockLevel,1770881205.682336,11859,23,1
2,Payment,1770881205.682795,6369,9,1
1,NewOrder,1770881205.682807,17359,10,1
4,Delivery,1770881205.683472,18895,1,1
1,NewOrder,1770881205.685292,28355,7,1
1,NewOrder,1770881205.685718,18178,8,1
1,NewOrder,1770881205.685828,20026,12,1
2,Payment,1770881205.685831,7261,3,1
2,Payment,1770881205.686219,5560,5,1
1,NewOrder,1770881205.686533,29415,14,1
1,NewOrder,1770881205.687270,14629,17,1
2,Payment,1770881205.688762,7552,19,1
2,Payment,1770881205.689096,3438,13,1
2,Payment,1770881205.689129,7208,2,1
2,Payment,1770881205.689189,7406,9,1
1,NewOrder,1770881205.690840,18652,15,1
1,NewOrder,1770881205.691793,19275,5,1
1,NewOrder,1770881205.692549,31725,13,1
2,Payment,1770881205.693119,6085,3,1
1,NewOrder,1770881205.694206,32458,23,1
1,NewOrder,1770881205.695479,21070,6,1
2,Payment,1770881205.696306,7700,22,1
5,StockLevel,1770881205.696342,11393,19,1
2,Payment,1770881205.696358,6111,2,1
2,Payment,1770881205.696607,5260,9,1
2,Payment,1770881205.696634,9740,21,1
2,Payment,1770881205.698587,6588,16,1
2,Payment,1770881205.699222,7048,3,1
2,Payment,1770881205.700193,6163,10,1
1,NewOrder,1770881205.701399,16497,18,1
1,NewOrder,1770881205.701885,30611,9,1
1,NewOrder,1770881205.701917,26642,17,1
1,NewOrder,1770881205.702382,33395,1,1
2,Payment,1770881205.702496,8986,2,1
1,NewOrder,1770881205.703113,33147,0,1
5,StockLevel,1770881205.703913,17190,8,1
2,Payment,1770881205.704018,5143,22,1
1,NewOrder,1770881205.704452,22195,20,1
2,Payment,1770881205.705190,7471,16,1
4,Delivery,1770881205.705870,10957,12,1
1,NewOrder,1770881205.706289,28836,3,1
1,NewOrder,1770881205.706371,33126,10,1
1,NewOrder,1770881205.706399,19486,21,1
1,NewOrder,1770881205.707747,32058,19,1
4,Delivery,1770881205.707773,46980,4,1
2,Payment,1770881205.709188,6353,22,1
2,Payment,1770881205.709501,5705,15,1
1,NewOrder,1770881205.711085,18113,5,1
1,NewOrder,1770881205.711508,21354,2,1
1,NewOrder,1770881205.712677,23064,16,1
2,Payment,1770881205.713091,7358,11,1
2,Payment,1770881205.713665,9148,7,1
1,NewOrder,1770881205.715232,21047,15,1
2,Payment,1770881205.715560,7738,22,1
1,NewOrder,1770881205.715974,19786,14,1
3,OrderStatus,1770881205.716563,5408,6,1
5,StockLevel,1770881205.716839,15476,12,1
5,StockLevel,1770881205.717912,16324,18,1
3,OrderStatus,1770881205.720461,7471,11,1
1,NewOrder,1770881205.721119,27582,8,1
2,Payment,1770881205.721990,7136,6,1
1,NewOrder,1770881205.722839,23690,7,1
1,NewOrder,1770881205.723312,31774,22,1
1,NewOrder,1770881205.724284,18930,13,1
1,NewOrder,1770881205.725905,28927,21,1
1,NewOrder,1770881205.726673,33629,20,1
3,OrderStatus,1770881205.726678,5551,23,1
1,NewOrder,1770881205.727958,23463,11,1
2,Payment,1770881205.728577,7135,17,1
5,StockLevel,1770881205.729155,18677,6,1
2,Payment,1770881205.729212,7355,5,1
2,Payment,1770881205.732245,6409,23,1
1,NewOrder,1770881205.732340,27478,12,1
2,Payment,1770881205.732522,4978,9,1
2,Payment,1770881205.732888,5234,2,1
1,NewOrder,1770881205.734251,20652,18,1
1,NewOrder,1770881205.735148,15555,3,1
2,Payment,1770881205.735727,8012,17,1
2,Payment,1770881205.735768,6105,16,1
1,NewOrder,1770881205.735778,31209,14,1
2,Payment,1770881205.735793,6647,1,1
5,StockLevel,1770881205.736287,13946,0,1
2,Payment,1770881205.736294,9880,15,1
2,Payment,1770881205.736589,8197,5,1
2,Payment,1770881205.737512,6305,9,1
1,NewOrder,1770881205.738139,20872,2,1
2,Payment,1770881205.738668,7842,23,1
2,Payment,1770881205.739513,7479,10,1
1,NewOrder,1770881205.739821,32344,19,1
4,Delivery,1770881205.741888,46505,16,1
1,NewOrder,1770881205.742454,30213,1,1
1,NewOrder,1770881205.743229,22264,13,1
1,NewOrder,1770881205.743762,26806,17,1
5,StockLevel,1770881205.743830,14348,9,1
1,NewOrder,1770881205.744813,31655,5,1
1,NewOrder,1770881205.746192,26441,15,1
1,NewOrder,1770881205.746525,21231,23,1
2,Payment,1770881205.746538,7808,7,1
1,NewOrder,1770881205.747013,19330,10,1
2,Payment,1770881205.747845,8187,6,1
2,Payment,1770881205.748719,9102,8,1
2,Payment,1770881205.750246,7233,0,1
4,Delivery,1770881205.750719,4673,3,1
5,StockLevel,1770881205.751447,13314,11,1
1,NewOrder,1770881205.754362,16795,7,1
2,Payment,1770881205.754768,6536,4,1
1,NewOrder,1770881205.754844,24327,21,1
1,NewOrder,1770881205.754929,22643,18,1
2,Payment,1770881205.755103,6166,22,1
2,Payment,1770881205.755403,15806,3,1
1,NewOrder,1770881205.756046,26739,6,1
1,NewOrder,1770881205.757496,20028,0,1
2,Payment,1770881205.757834,3249,8,1
1,NewOrder,1770881205.758191,30522,9,1
2,Payment,1770881205.759021,9808,2,1
1,NewOrder,1770881205.759836,35926,12,1
1,NewOrder,1770881205.760328,23837,20,1
2,Payment,1770881205.761097,7089,8,1
2,Payment,1770881205.761295,6488,22,1
2,Payment,1770881205.761317,5742,4,1
1,NewOrder,1770881205.764781,33193,11,1
2,Payment,1770881205.765507,7769,13,1
2,Payment,1770881205.766362,6992,10,1
1,NewOrder,1770881205.766998,18878,14,1
1,NewOrder,1770881205.767076,25536,4,1
2,Payment,1770881205.767768,6436,23,1
1,NewOrder,1770881205.767796,29362,22,1
1,NewOrder,1770881205.768200,28030,8,1
2,Payment,1770881205.768844,4473,2,1
1,NewOrder,1770881205.770595,20524,17,1
2,Payment,1770881205.771170,10555,7,1
2,Payment,1770881205.771221,6274,3,1
1,NewOrder,1770881205.772186,20932,19,1
5,StockLevel,1770881205.772646,14707,15,1
2,Payment,1770881205.772683,8369,1,1
4,Delivery,1770881205.773291,15511,13,1
1,NewOrder,1770881205.773331,29477,2,1
2,Payment,1770881205.773369,12881,10,1
2,Payment,1770881205.774217,7953,23,1
1,NewOrder,1770881205.776482,26346,5,1
2,Payment,1770881205.777514,5247,3,1
1,NewOrder,1770881205.777554,34096,0,1
1,NewOrder,1770881205.777597,13157,18,1
1,NewOrder,1770881205.779185,20312,21,1
2,Payment,1770881205.781068,8627,1,1
3,OrderStatus,1770881205.781739,5874,7,1
4,Delivery,1770881205.782181,76710,23,1
1,NewOrder,1770881205.782776,21874,3,1
2,Payment,1770881205.782798,8293,6,1
1,NewOrder,1770881205.784185,19816,20,1
2,Payment,1770881205.785891,5906,14,1
2,Payment,1770881205.786271,6827,10,1
2,Payment,1770881205.787370,9434,15,1
1,NewOrder,1770881205.787630,29350,7,1
1,NewOrder,1770881205.788406,26886,16,1
3,OrderStatus,1770881205.788726,3323,9,1
2,Payment,1770881205.788817,9853,13,1
1,NewOrder,1770881205.789708,25577,1,1
1,NewOrder,1770881205.790780,28001,18,1
1,NewOrder,1770881205.791104,37722,6,1
5,StockLevel,1770881205.791141,16026,17,1
1,NewOrder,1770881205.791823,22586,14,1
1,NewOrder,1770881205.792061,16025,9,1
2,Payment,1770881205.792626,7049,4,1
1,NewOrder,1770881205.793122,17418,10,1
1,NewOrder,1770881205.793135,42101,19,1
2,Payment,1770881205.795783,6590,12,1
3,OrderStatus,1770881205.796244,6463,8,1
2,Payment,1770881205.796820,10684,15,1
1,NewOrder,1770881205.797185,31565,22,1
1,NewOrder,1770881205.797992,40645,11,1
1,NewOrder,1770881205.798687,5543,13,1
2,Payment,1770881205.799511,8391,21,1
1,NewOrder,1770881205.799691,43758,4,1
1,NewOrder,1770881205.802399,26647,12,1
1,NewOrder,1770881205.802721,28512,8,1
1,NewOrder,1770881205.802824,37033,2,1
2,Payment,1770881205.802841,8012,5,1
2,Payment,1770881205.804015,6804,20,1
2,Payment,1770881205.804245,10077,13,1
2,Payment,1770881205.804666,9236,3,1
1,NewOrder,1770881205.807188,38857,17,1
2,Payment,1770881205.807516,8148,15,1
5,StockLevel,1770881205.807918,21177,21,1
5,StockLevel,1770881205.808101,20672,9,1
1,NewOrder,1770881205.810566,33778,10,1
2,Payment,1770881205.810834,6439,20,1
1,NewOrder,1770881205.810873,44471,5,1
1,NewOrder,1770881205.811665,39046,0,1
2,Payment,1770881205.813919,4909,3,1
2,Payment,1770881205.814338,3854,13,1
1,NewOrder,1770881205.814426,46776,14,1
2,Payment,1770881205.815300,19983,1,1
2,Payment,1770881205.815310,25013,16,1
2,Payment,1770881205.815681,3705,15,1
1,NewOrder,1770881205.816994,35471,7,1
2,Payment,1770881205.817288,18476,20,1
1,NewOrder,1770881205.818210,49306,13,1
1,NewOrder,1770881205.818795,33335,18,1
1,NewOrder,1770881205.818854,45716,3,1
1,NewOrder,1770881205.819401,40295,15,1
1,NewOrder,1770881205.828774,46346,22,1
2,Payment,1770881205.828793,17639,9,1
2,Payment,1770881205.828847,15788,6,1
1,NewOrder,1770881205.829066,4954,12,1
2,Payment,1770881205.829107,16334,21,1
1,NewOrder,1770881205.831247,9688,8,1
1,NewOrder,1770881205.834037,4081,12,1
1,NewOrder,1770881205.835259,23239,19,1
2,Payment,1770881205.835309,9007,1,1
1,NewOrder,1770881205.835781,39004,20,1
1,NewOrder,1770881205.838137,45038,12,1
4,Delivery,1770881205.838651,67623,11,1
1,NewOrder,1770881205.839876,37984,2,1
1,NewOrder,1770881205.840337,29578,16,1
1,NewOrder,1770881205.840952,3629,8,1
2,Payment,1770881205.843463,9492,4,1
1,NewOrder,1770881205.844327,14562,1,1
1,NewOrder,1770881205.844371,22672,10,1
2,Payment,1770881205.844593,2956,8,1
2,Payment,1770881205.844649,8180,6,1
2,Payment,1770881205.845453,6229,21,1
2,Payment,1770881205.846063,6419,17,1
2,Payment,1770881205.846449,10624,9,1
1,NewOrder,1770881205.847563,4403,8,1
1,NewOrder,1770881205.850733,26518,0,1
2,Payment,1770881205.851700,7508,21,1
1,NewOrder,1770881205.851980,5046,8,1
1,NewOrder,1770881205.852149,27977,18,1
1,NewOrder,1770881205.852477,36221,7,1
5,StockLevel,1770881205.852500,12646,17,1
2,Payment,1770881205.852842,7258,6,1
5,StockLevel,1770881205.852969,23928,4,1
1,NewOrder,1770881205.855357,32298,5,1
2,Payment,1770881205.857040,5045,8,1
1,NewOrder,1770881205.857089,23417,9,1
1,NewOrder,1770881205.858511,23543,19,1
1,NewOrder,1770881205.858910,26287,1,1
1,NewOrder,1770881205.858918,18975,23,1
1,NewOrder,1770881205.859233,27731,21,1
1,NewOrder,1770881205.859717,18181,15,1
2,Payment,1770881205.860115,6576,6,1
5,StockLevel,1770881205.861220,13629,14,1
1,NewOrder,1770881205.862103,3615,8,1
1,NewOrder,1770881205.864596,22983,3,1
2,Payment,1770881205.865173,5837,17,1
2,Payment,1770881205.865732,2870,8,1
1,NewOrder,1770881205.866702,18555,6,1
2,Payment,1770881205.867060,8423,10,1
2,Payment,1770881205.867533,6666,13,1
1,NewOrder,1770881205.868616,8116,8,1
1,NewOrder,1770881205.869926,22478,16,1
1,NewOrder,1770881205.871027,29668,17,1
1,NewOrder,1770881205.874214,16387,13,1
2,Payment,1770881205.874804,6932,20,1
2,Payment,1770881205.874875,5664,14,1
2,Payment,1770881205.875138,7961,22,1
2,Payment,1770881205.875494,12518,10,1
1,NewOrder,1770881205.876746,21060,8,1
2,Payment,1770881205.876911,7733,4,1
2,Payment,1770881205.877266,9075,0,1
2,Payment,1770881205.877872,10059,2,1
1,NewOrder,1770881205.877911,22439,23,1
2,Payment,1770881205.877925,4332,15,1
1,NewOrder,1770881205.880152,18103,18,1
1,NewOrder,1770881205.880523,19249,9,1
2,Payment,1770881205.880552,9825,14,1
1,NewOrder,1770881205.881752,29565,20,1
1,NewOrder,1770881205.882080,19444,19,1
2,Payment,1770881205.882271,7713,15,1
2,Payment,1770881205.883114,5499,22,1
1,NewOrder,1770881205.883190,22911,12,1
1,NewOrder,1770881205.884661,18621,4,1
2,Payment,1770881205.885207,8363,1,1
1,NewOrder,1770881205.885274,23626,6,1
2,Payment,1770881205.886358,8996,0,1
1,NewOrder,1770881205.886987,24585,21,1
1,NewOrder,1770881205.887595,19839,3,1
1,NewOrder,1770881205.887671,31652,5,1
1,NewOrder,1770881205.887943,18590,2,1
1,NewOrder,1770881205.888027,33048,10,1
1,NewOrder,1770881205.888625,26139,22,1
2,Payment,1770881205.888717,9453,7,1
3,OrderStatus,1770881205.890006,6223,15,1
2,Payment,1770881205.890392,5388,14,1
2,Payment,1770881205.890626,7538,13,1
2,Payment,1770881205.892431,8289,16,1
2,Payment,1770881205.893585,7157,1,1
2,Payment,1770881205.895372,7141,0,1
1,NewOrder,1770881205.895797,24470,14,1
4,Delivery,1770881205.896241,28851,15,1
2,Payment,1770881205.897825,6884,8,1
1,NewOrder,1770881205.898180,21738,13,1
2,Payment,1770881205.898186,8255,7,1
1,NewOrder,1770881205.898269,20468,18,1
2,Payment,1770881205.899787,14195,9,1
2,Payment,1770881205.900377,7462,23,1
1,NewOrder,1770881205.900713,24343,17,1
4,Delivery,1770881205.900740,24831,16,1
2,Payment,1770881205.900761,7058,1,1
1,NewOrder,1770881205.901554,25150,19,1
2,Payment,1770881205.902530,6766,0,1
2,Payment,1770881205.903296,12811,4,1
2,Payment,1770881205.904724,6839,8,1
1,NewOrder,1770881205.906117,22478,12,1
2,Payment,1770881205.906286,11176,11,1
2,Payment,1770881205.906458,9276,7,1
2,Payment,1770881205.906547,12264,2,1
2,Payment,1770881205.907449,6903,3,1
2,Payment,1770881205.907836,12981,1,1
1,NewOrder,1770881205.907855,16388,23,1
1,NewOrder,1770881205.908916,28331,6,1
2,Payment,1770881205.909315,20507,0,1
1,NewOrder,1770881205.911343,27122,20,1
2,Payment,1770881205.911578,13613,8,1
4,Delivery,1770881205.911587,36172,21,1
1,NewOrder,1770881205.914002,11163,9,1
1,NewOrder,1770881205.914379,32994,3,1
1,NewOrder,1770881205.914776,19263,22,1
2,Payment,1770881205.915751,10751,7,1
2,Payment,1770881205.916123,6053,4,1
1,NewOrder,1770881205.917479,19455,11,1
1,NewOrder,1770881205.918752,23688,18,1
2,Payment,1770881205.918827,6268,2,1
2,Payment,1770881205.919337,8918,5,1
1,NewOrder,1770881205.919925,34119,13,1
2,Payment,1770881205.920280,4974,14,1
1,NewOrder,1770881205.920842,22036,1,1
1,NewOrder,1770881205.921089,30389,10,1
2,Payment,1770881205.922189,10888,4,1
1,NewOrder,1770881205.924275,31976,23,1
2,Payment,1770881205.925072,12206,17,1
1,NewOrder,1770881205.925113,24251,15,1
1,NewOrder,1770881205.925116,23137,2,1
2,Payment,1770881205.925179,9679,9,1
2,Payment,1770881205.925206,10993,8,1
1,NewOrder,1770881205.925280,22928,14,1
2,Payment,1770881205.925588,1540,16,1
1,NewOrder,1770881205.926517,20019,7,1
1,NewOrder,1770881205.926720,24954,19,1
2,Payment,1770881205.927143,1435,16,1
1,NewOrder,1770881205.928266,34634,5,1
3,OrderStatus,1770881205.928595,1263,16,1
2,Payment,1770881205.928609,10849,12,1
2,Payment,1770881205.929839,1463,0,1
1,NewOrder,1770881205.929876,8569,16,1
1,NewOrder,1770881205.931318,3914,0,1
1,NewOrder,1770881205.933093,20514,4,1
3,OrderStatus,1770881205.934057,7849,22,1
2,Payment,1770881205.934874,8766,9,1
2,Payment,1770881205.935259,1960,0,1
3,OrderStatus,1770881205.936214,5279,8,1
2,Payment,1770881205.936952,20195,11,1
2,Payment,1770881205.937236,3046,0,1
2,Payment,1770881205.937260,8269,6,1
2,Payment,1770881205.937292,5783,17,1
2,Payment,1770881205.938460,6328,16,1
5,StockLevel,1770881205.938482,13452,20,1
4,Delivery,1770881205.939477,11972,12,1
1,NewOrder,1770881205.940296,25142,0,1
2,Payment,1770881205.941521,17981,8,1
1,NewOrder,1770881205.941925,35273,22,1
1,NewOrder,1770881205.942459,23062,18,1
2,Payment,1770881205.942904,6889,1,1
2,Payment,1770881205.943087,6295,17,1
2,Payment,1770881205.943654,7180,9,1
2,Payment,1770881205.944814,5630,16,1
3,OrderStatus,1770881205.945569,1907,6,1
5,StockLevel,1770881205.946551,10559,7,1
1,NewOrder,1770881205.947399,23413,3,1
2,Payment,1770881205.947492,6473,6,1
2,Payment,1770881205.947776,6313,21,1
1,NewOrder,1770881205.948224,32394,14,1
1,NewOrder,1770881205.948267,27227,2,1
2,Payment,1770881205.949384,8460,15,1
2,Payment,1770881205.949409,6853,17,1
2,Payment,1770881205.949805,4755,1,1
2,Payment,1770881205.950465,9762,16,1
2,Payment,1770881205.950863,4838,9,1
2,Payment,1770881205.951463,10430,12,1
1,NewOrder,1770881205.951505,36427,10,1
2,Payment,1770881205.951685,13780,19,1
5,StockLevel,1770881205.951949,14969,20,1
1,NewOrder,1770881205.953632,32244,4,1
2,Payment,1770881205.953991,7005,6,1
2,Payment,1770881205.954060,9367,13,1
1,NewOrder,1770881205.954103,24142,21,1
2,Payment,1770881205.954572,9674,1,1
2,Payment,1770881205.955718,9735,9,1
5,StockLevel,1770881205.956267,17680,23,1
2,Payment,1770881205.956275,8763,17,1
1,NewOrder,1770881205.957126,22409,7,1
1,NewOrder,1770881205.957164,17960,11,1
5,StockLevel,1770881205.957863,11671,15,1
1,NewOrder,1770881205.959518,16801,8,1
1,NewOrder,1770881205.960249,23290,16,1
1,NewOrder,1770881205.961011,31052,6,1
2,Payment,1770881205.961910,7702,12,1
2,Payment,1770881205.962926,7170,5,1
1,NewOrder,1770881205.963439,14780,13,1
1,NewOrder,1770881205.964262,33179,1,1
1,NewOrder,1770881205.965073,30638,17,1
1,NewOrder,1770881205.965462,19852,0,1
1,NewOrder,1770881205.965476,19810,9,1
2,Payment,1770881205.965483,7994,19,1
2,Payment,1770881205.965536,5822,18,1
2,Payment,1770881205.966931,8515,20,1
1,NewOrder,1770881205.969569,27366,15,1
1,NewOrder,1770881205.969627,28851,12,1
1,NewOrder,1770881205.970115,31734,5,1
1,NewOrder,1770881205.970830,30082,3,1
2,Payment,1770881205.971375,6532,18,1
2,Payment,1770881205.973491,8664,19,1
2,Payment,1770881205.973962,10568,23,1
1,NewOrder,1770881205.975150,30595,11,1
1,NewOrder,1770881205.975461,24222,20,1
4,Delivery,1770881205.975508,30940,2,1
1,NewOrder,1770881205.976335,34377,8,1
2,Payment,1770881205.977216,10624,22,1
2,Payment,1770881205.977924,14683,18,1
2,Payment,1770881205.978230,9315,13,1
1,NewOrder,1770881205.978260,22139,21,1
5,StockLevel,1770881205.979549,13380,7,1
1,NewOrder,1770881205.980633,19796,14,1
1,NewOrder,1770881205.982173,34096,19,1
4,Delivery,1770881205.983554,41910,16,1
2,Payment,1770881205.984556,6248,23,1
1,NewOrder,1770881205.985302,18164,9,1
5,StockLevel,1770881205.985329,12709,0,1
2,Payment,1770881205.985889,6711,4,1
2,Payment,1770881205.987571,5450,13,1
2,Payment,1770881205.987860,6653,22,1
1,NewOrder,1770881205.987959,20988,10,1
2,Payment,1770881205.990818,6651,23,1
2,Payment,1770881205.992081,5987,6,1
2,Payment,1770881205.992617,10406,4,1
1,NewOrder,1770881205.992633,16261,18,1
3,OrderStatus,1770881205.992947,5310,7,1
2,Payment,1770881205.993035,5462,13,1
2,Payment,1770881205.994528,8457,22,1
2,Payment,1770881205.995727,7623,17,1
2,Payment,1770881205.996951,7991,15,1
1,NewOrder,1770881205.997458,22657,1,1
1,NewOrder,1770881205.997482,22542,23,1
1,NewOrder,1770881205.998053,22402,0,1
2,Payment,1770881205.998080,5361,6,1
1,NewOrder,1770881205.998270,29296,7,1
1,NewOrder,1770881205.998490,24565,12,1
1,NewOrder,1770881205.998508,20345,13,1
1,NewOrder,1770881205.999697,21773,20,1
1,NewOrder,1770881206.000419,17793,21,1
2,Payment,1770881206.000455,6395,14,1
3,OrderStatus,1770881206.000932,5811,3,1
2,Payment,1770881206.001863,6582,5,1
1,NewOrder,1770881206.002995,19294,22,1
2,Payment,1770881206.003037,6649,4,1
1,NewOrder,1770881206.003366,27004,17,1
1,NewOrder,1770881206.003454,29565,6,1
4,Delivery,1770881206.003478,31957,9,1
2,Payment,1770881206.004961,4389,15,1
1,NewOrder,1770881206.005761,17666,11,1
1,NewOrder,1770881206.006463,32230,2,1
1,NewOrder,1770881206.006754,31834,3,1
2,Payment,1770881206.006868,5699,14,1
2,Payment,1770881206.008472,10654,5,1
2,Payment,1770881206.008920,6314,18,1
1,NewOrder,1770881206.008961,35244,10,1
2,Payment,1770881206.009365,6321,15,1
3,OrderStatus,1770881206.009702,4962,4,1
2,Payment,1770881206.010726,8291,8,1
2,Payment,1770881206.012585,6292,14,1
2,Payment,1770881206.014680,7173,4,1
1,NewOrder,1770881206.015252,22790,18,1
5,StockLevel,1770881206.015700,13302,15,1
2,Payment,1770881206.016285,7176,19,1
1,NewOrder,1770881206.018229,19651,21,1
1,NewOrder,1770881206.018864,17568,13,1
2,Payment,1770881206.018893,5591,14,1
2,Payment,1770881206.019031,6980,8,1
2,Payment,1770881206.019153,6882,5,1
2,Payment,1770881206.020038,5870,23,1
1,NewOrder,1770881206.020134,18991,1,1
1,NewOrder,1770881206.020467,30141,0,1
2,Payment,1770881206.021485,7448,20,1
1,NewOrder,1770881206.021869,27390,4,1
2,Payment,1770881206.022301,8417,22,1
2,Payment,1770881206.023066,8815,12,1
1,NewOrder,1770881206.023442,27926,11,1
1,NewOrder,1770881206.023478,17336,19,1
3,OrderStatus,1770881206.024496,6225,14,1
1,NewOrder,1770881206.025478,17045,16,1
2,Payment,1770881206.025922,7048,23,1
1,NewOrder,1770881206.026032,18575,8,1
2,Payment,1770881206.026051,6567,5,1
1,NewOrder,1770881206.027585,18104,7,1
1,NewOrder,1770881206.028947,28856,20,1
1,NewOrder,1770881206.029028,29094,15,1
1,NewOrder,1770881206.030385,19663,17,1
1,NewOrder,1770881206.030731,20650,22,1
2,Payment,1770881206.030737,6947,14,1
2,Payment,1770881206.031896,9700,12,1
1,NewOrder,1770881206.032632,18346,5,1
1,NewOrder,1770881206.032983,29725,23,1
2,Payment,1770881206.033040,5873,6,1
1,NewOrder,1770881206.035450,27138,9,1
2,Payment,1770881206.036456,8136,13,1
2,Payment,1770881206.037698,8579,14,1
1,NewOrder,1770881206.037894,27061,21,1
1,NewOrder,1770881206.038059,14526,18,1
1,NewOrder,1770881206.038601,22933,3,1
1,NewOrder,1770881206.038706,25538,2,1
2,Payment,1770881206.038930,5625,6,1
2,Payment,1770881206.039146,8283,1,1
2,Payment,1770881206.040827,7759,19,1
1,NewOrder,1770881206.041615,23279,12,1
2,Payment,1770881206.042537,7207,16,1
5,StockLevel,1770881206.044219,17023,10,1
1,NewOrder,1770881206.044569,31150,6,1
1,NewOrder,1770881206.044608,15790,13,1
1,NewOrder,1770881206.044625,24547,8,1
2,Payment,1770881206.045702,7215,7,1
1,NewOrder,1770881206.046303,26237,14,1
2,Payment,1770881206.047446,5896,1,1
2,Payment,1770881206.048612,7245,19,1
2,Payment,1770881206.049273,5851,4,1
1,NewOrder,1770881206.049759,23305,16,1
2,Payment,1770881206.050060,7762,17,1
2,Payment,1770881206.050626,6782,0,1
1,NewOrder,1770881206.050990,24265,5,1
2,Payment,1770881206.051395,6765,11,1
2,Payment,1770881206.051399,6380,22,1
1,NewOrder,1770881206.052599,25619,18,1
2,Payment,1770881206.052935,8507,7,1
1,NewOrder,1770881206.053352,19893,1,1
1,NewOrder,1770881206.055142,35214,4,1
1,NewOrder,1770881206.055869,31424,19,1
2,Payment,1770881206.057422,7446,0,1
5,StockLevel,1770881206.057796,15893,22,1
1,NewOrder,1770881206.057818,24223,20,1
1,NewOrder,1770881206.057839,25660,17,1
2,Payment,1770881206.058139,5795,15,1
1,NewOrder,1770881206.058179,23784,11,1
3,OrderStatus,1770881206.060412,8060,13,1
2,Payment,1770881206.061265,7601,10,1
3,OrderStatus,1770881206.061467,5645,7,1
2,Payment,1770881206.061569,6200,3,1
2,Payment,1770881206.062614,7615,9,1
1,NewOrder,1770881206.062724,24455,23,1
1,NewOrder,1770881206.063947,23515,15,1
1,NewOrder,1770881206.064265,36551,2,1
1,NewOrder,1770881206.064880,33062,0,1
2,Payment,1770881206.064911,6283,12,1
1,NewOrder,1770881206.064971,17614,21,1
2,Payment,1770881206.067130,8498,7,1
2,Payment,1770881206.067795,5623,3,1
4,Delivery,1770881206.068496,16413,13,1
1,NewOrder,1770881206.068880,18630,10,1
1,NewOrder,1770881206.069189,18014,8,1
2,Payment,1770881206.070254,6922,9,1
1,NewOrder,1770881206.071207,36652,12,1
2,Payment,1770881206.072566,7718,14,1
2,Payment,1770881206.073082,9281,16,1
2,Payment,1770881206.073264,8102,1,1
2,Payment,1770881206.073438,9364,3,1
2,Payment,1770881206.073704,8280,22,1
2,Payment,1770881206.075282,9187,5,1
2,Payment,1770881206.075643,6367,7,1
1,NewOrder,1770881206.075744,21121,6,1
1,NewOrder,1770881206.077193,16706,9,1
1,NewOrder,1770881206.078233,30091,18,1
2,Payment,1770881206.080310,6527,14,1
1,NewOrder,1770881206.081383,24609,1,1
1,NewOrder,1770881206.081980,27094,11,1
2,Payment,1770881206.081996,6858,22,1
1,NewOrder,1770881206.082024,29662,7,1
1,NewOrder,1770881206.082058,23954,20,1
2,Payment,1770881206.082387,6110,16,1
1,NewOrder,1770881206.082594,19593,21,1
2,Payment,1770881206.082814,3327,3,1
2,Payment,1770881206.083521,8619,17,1
5,StockLevel,1770881206.084485,18654,5,1
1,NewOrder,1770881206.084926,25279,13,1
1,NewOrder,1770881206.086154,23385,3,1
1,NewOrder,1770881206.086863,18560,14,1
2,Payment,1770881206.087205,7509,23,1
1,NewOrder,1770881206.087230,19336,8,1
2,Payment,1770881206.087320,9938,19,1
2,Payment,1770881206.087477,7198,15,1
1,NewOrder,1770881206.087525,24055,10,1
5,StockLevel,1770881206.088523,12415,16,1
1,NewOrder,1770881206.088870,36519,22,1
2,Payment,1770881206.090380,7878,4,1
2,Payment,1770881206.092156,5480,17,1
1,NewOrder,1770881206.093925,23593,9,1
1,NewOrder,1770881206.094701,29116,15,1
5,StockLevel,1770881206.094736,13172,23,1
1,NewOrder,1770881206.096881,21313,6,1
2,Payment,1770881206.097274,4430,19,1
1,NewOrder,1770881206.097660,23583,17,1
2,Payment,1770881206.097958,7915,0,1
2,Payment,1770881206.098279,8977,4,1
3,OrderStatus,1770881206.100842,5764,2,1
2,Payment,1770881206.100964,5388,16,1
1,NewOrder,1770881206.101723,26573,19,1
1,NewOrder,1770881206.102199,19481,21,1
1,NewOrder,1770881206.103150,34747,5,1
2,Payment,1770881206.105440,5511,14,1
1,NewOrder,1770881206.105900,24945,0,1
1,NewOrder,1770881206.106017,17344,1,1
1,NewOrder,1770881206.106038,21058,20,1
2,Payment,1770881206.106379,6107,16,1
4,Delivery,1770881206.106579,33095,8,1
2,Payment,1770881206.106621,8903,2,1
1,NewOrder,1770881206.107274,18795,4,1
2,Payment,1770881206.107884,8309,12,1
4,Delivery,1770881206.107924,59739,23,1
2,Payment,1770881206.108338,9575,18,1
1,NewOrder,1770881206.109086,34106,11,1
1,NewOrder,1770881206.109583,24861,3,1
2,Payment,1770881206.110218,9601,13,1
5,StockLevel,1770881206.110963,17058,14,1
1,NewOrder,1770881206.111595,30016,10,1
2,Payment,1770881206.111712,7611,7,1
1,NewOrder,1770881206.112502,28158,16,1
3,OrderStatus,1770881206.115543,6536,2,1
2,Payment,1770881206.116210,10199,12,1
4,Delivery,1770881206.117533,22552,9,1
1,NewOrder,1770881206.117938,21825,18,1
2,Payment,1770881206.118220,4820,6,1
1,NewOrder,1770881206.119349,21887,7,1
2,Payment,1770881206.119844,5028,13,1
1,NewOrder,1770881206.121269,25807,17,1
2,Payment,1770881206.121707,5370,21,1
2,Payment,1770881206.122093,6989,2,1
2,Payment,1770881206.123056,5821,6,1
2,Payment,1770881206.123387,7450,1,1
1,NewOrder,1770881206.123831,23230,15,1
4,Delivery,1770881206.124898,13951,13,1
1,NewOrder,1770881206.125415,32748,22,1
1,NewOrder,1770881206.126090,25292,4,1
2,Payment,1770881206.126427,3838,12,1
1,NewOrder,1770881206.127103,22315,21,1
4,Delivery,1770881206.127110,40968,20,1
2,Payment,1770881206.128047,6798,14,1
2,Payment,1770881206.128318,7291,19,1
2,Payment,1770881206.128903,5970,6,1
1,NewOrder,1770881206.129100,29033,2,1
2,Payment,1770881206.130285,6914,12,1
1,NewOrder,1770881206.130854,19605,1,1
1,NewOrder,1770881206.130875,17663,0,1
1,NewOrder,1770881206.134470,28049,3,1
4,Delivery,1770881206.134872,4393,14,1
2,Payment,1770881206.134898,4305,6,1
2,Payment,1770881206.135626,6545,19,1
1,NewOrder,1770881206.137225,26417,12,1
2,Payment,1770881206.137912,7052,5,1
1,NewOrder,1770881206.138874,20813,13,1
1,NewOrder,1770881206.139230,17917,6,1
1,NewOrder,1770881206.139285,11038,14,1
1,NewOrder,1770881206.139701,29241,8,1
2,Payment,1770881206.139790,6940,18,1
1,NewOrder,1770881206.140107,3646,9,1
1,NewOrder,1770881206.140683,26403,16,1
1,NewOrder,1770881206.141256,22271,7,1
2,Payment,1770881206.141627,7678,10,1
1,NewOrder,1770881206.142189,19940,19,1
2,Payment,1770881206.143205,7665,11,1
2,Payment,1770881206.143779,9411,9,1
1,NewOrder,1770881206.144981,20242,5,1
2,Payment,1770881206.146757,6108,18,1
1,NewOrder,1770881206.147088,16141,15,1
4,Delivery,1770881206.147098,61422,17,1
1,NewOrder,1770881206.148554,29046,0,1
1,NewOrder,1770881206.149331,25126,10,1
2,Payment,1770881206.149434,7296,21,1
1,NewOrder,1770881206.150349,19339,14,1
2,Payment,1770881206.150470,7344,1,1
4,Delivery,1770881206.150896,61167,11,1
1,NewOrder,1770881206.151395,28625,4,1
3,OrderStatus,1770881206.152892,6872,18,1
1,NewOrder,1770881206.153215,3906,9,1
1,NewOrder,1770881206.156751,15188,21,1
2,Payment,1770881206.157138,1877,9,1
4,Delivery,1770881206.157164,55319,6,1
2,Payment,1770881206.157837,5730,1,1
2,Payment,1770881206.158146,7681,2,1
1,NewOrder,1770881206.158190,27586,22,1
1,NewOrder,1770881206.159030,18538,9,1
1,NewOrder,1770881206.159708,32969,13,1
2,Payment,1770881206.159791,6056,18,1
1,NewOrder,1770881206.162154,29963,19,1
1,NewOrder,1770881206.162534,22465,3,1
2,Payment,1770881206.163256,8717,15,1
1,NewOrder,1770881206.163548,37747,7,1
2,Payment,1770881206.163594,7764,1,1
1,NewOrder,1770881206.163663,28521,12,1
2,Payment,1770881206.165240,9688,5,1
2,Payment,1770881206.165844,6967,2,1
2,Payment,1770881206.165871,6199,18,1
1,NewOrder,1770881206.167111,30369,16,1
4,Delivery,1770881206.167678,67509,23,1
1,NewOrder,1770881206.168099,4049,20,1
1,NewOrder,1770881206.168958,27430,8,1
2,Payment,1770881206.169714,7513,14,1
1,NewOrder,1770881206.171384,20826,1,1
2,Payment,1770881206.171956,6961,21,1
1,NewOrder,1770881206.171999,20104,15,1
1,NewOrder,1770881206.172085,23498,18,1
1,NewOrder,1770881206.172165,4019,20,1
2,Payment,1770881206.172827,6155,2,1
2,Payment,1770881206.174484,6557,10,1
1,NewOrder,1770881206.174954,19264,5,1
2,Payment,1770881206.176210,4058,20,1
1,NewOrder,1770881206.177250,20966,14,1
1,NewOrder,1770881206.177584,29723,9,1
1,NewOrder,1770881206.177624,37135,0,1
2,Payment,1770881206.178943,10861,21,1
1,NewOrder,1770881206.179009,37578,2,1
3,OrderStatus,1770881206.180045,4445,4,1
1,NewOrder,1770881206.180281,5485,20,1
1,NewOrder,1770881206.181068,18760,10,1
2,Payment,1770881206.184507,6895,4,1
2,Payment,1770881206.185024,7985,3,1
1,NewOrder,1770881206.185783,3068,20,1
2,Payment,1770881206.185792,6355,22,1
2,Payment,1770881206.188878,7794,20,1
2,Payment,1770881206.189819,5402,21,1
1,NewOrder,1770881206.191419,18757,4,1
2,Payment,1770881206.192118,8075,15,1
1,NewOrder,1770881206.192144,29055,19,1
1,NewOrder,1770881206.192173,19299,22,1
2,Payment,1770881206.192210,5888,12,1
2,Payment,1770881206.192235,6574,1,1
2,Payment,1770881206.192689,9322,13,1
1,NewOrder,1770881206.193024,22739,3,1
2,Payment,1770881206.194232,8885,5,1
1,NewOrder,1770881206.195246,36088,21,1
2,Payment,1770881206.195610,5959,18,1
4,Delivery,1770881206.196403,17199,8,1
1,NewOrder,1770881206.196698,5285,20,1
4,Delivery,1770881206.197497,11442,16,1
2,Payment,1770881206.198114,8966,12,1
1,NewOrder,1770881206.198231,27938,14,1
1,NewOrder,1770881206.198823,33906,1,1
2,Payment,1770881206.199853,6968,10,1
1,NewOrder,1770881206.200207,33997,15,1
1,NewOrder,1770881206.201322,22165,7,1
1,NewOrder,1770881206.201592,30412,18,1
2,Payment,1770881206.202009,2051,20,1
4,Delivery,1770881206.202025,7001,13,1
2,Payment,1770881206.203143,5734,5,1
2,Payment,1770881206.204075,1416,20,1
3,OrderStatus,1770881206.205504,1048,20,1
1,NewOrder,1770881206.206566,5461,20,1
1,NewOrder,1770881206.206847,30883,10,1
2,Payment,1770881206.207097,7239,12,1
2,Payment,1770881206.207326,8499,9,1
3,OrderStatus,1770881206.208536,5336,17,1
2,Payment,1770881206.208891,7751,5,1
2,Payment,1770881206.208956,7485,16,1
1,NewOrder,1770881206.209041,21779,13,1
1,NewOrder,1770881206.210192,23585,4,1
1,NewOrder,1770881206.211498,24793,22,1
5,StockLevel,1770881206.212040,1462,20,1
2,Payment,1770881206.212079,8781,11,1
2,Payment,1770881206.212502,9592,6,1
2,Payment,1770881206.213516,1591,20,1
2,Payment,1770881206.213625,13517,8,1
1,NewOrder,1770881206.213888,36704,17,1
2,Payment,1770881206.214351,6042,12,1
2,Payment,1770881206.214786,6645,0,1
2,Payment,1770881206.215121,9053,20,1
4,Delivery,1770881206.215782,42061,3,1
1,NewOrder,1770881206.215847,24691,9,1
2,Payment,1770881206.216455,6028,16,1
2,Payment,1770881206.216601,8845,2,1
2,Payment,1770881206.216654,10831,5,1
5,StockLevel,1770881206.220407,18712,12,1
2,Payment,1770881206.220877,11487,11,1
1,NewOrder,1770881206.221216,23683,19,1
1,NewOrder,1770881206.221452,34027,0,1
2,Payment,1770881206.222108,1731,6,1
2,Payment,1770881206.222502,2057,16,1
5,StockLevel,1770881206.223501,17496,7,1
1,NewOrder,1770881206.223853,5900,6,1
4,Delivery,1770881206.224198,11639,20,1
1,NewOrder,1770881206.224574,31725,16,1
2,Payment,1770881206.225461,7532,2,1
1,NewOrder,1770881206.226188,25167,14,1
1,NewOrder,1770881206.227160,17305,8,1
1,NewOrder,1770881206.227508,15391,5,1
2,Payment,1770881206.229769,4409,6,1
1,NewOrder,1770881206.230836,29971,13,1
2,Payment,1770881206.231361,8546,21,1
1,NewOrder,1770881206.232017,31639,18,1
2,Payment,1770881206.232385,5930,11,1
1,NewOrder,1770881206.232743,28436,1,1
2,Payment,1770881206.233003,5339,2,1
1,NewOrder,1770881206.233791,27521,4,1
1,NewOrder,1770881206.234197,9169,6,1
2,Payment,1770881206.234217,7868,15,1
2,Payment,1770881206.235197,6244,23,1
2,Payment,1770881206.235858,7407,20,1
1,NewOrder,1770881206.236306,15696,22,1
1,NewOrder,1770881206.237746,32409,10,1
2,Payment,1770881206.238332,6514,11,1
2,Payment,1770881206.238356,6510,2,1
2,Payment,1770881206.239135,8428,12,1
2,Payment,1770881206.239921,6874,21,1
1,NewOrder,1770881206.240551,21678,9,1
1,NewOrder,1770881206.241011,23390,7,1
1,NewOrder,1770881206.241460,31441,23,1
1,NewOrder,1770881206.242100,22416,15,1
1,NewOrder,1770881206.242916,37045,5,1
2,Payment,1770881206.243276,5087,20,1
2,Payment,1770881206.243380,9673,6,1
1,NewOrder,1770881206.244493,19365,8,1
2,Payment,1770881206.244858,7270,11,1
2,Payment,1770881206.244876,7188,2,1
1,NewOrder,1770881206.244916,24598,19,1
2,Payment,1770881206.246813,7786,21,1
1,NewOrder,1770881206.247578,25927,12,1
1,NewOrder,1770881206.248374,11952,20,1
2,Payment,1770881206.250618,7643,17,1
2,Payment,1770881206.251373,10405,14,1
1,NewOrder,1770881206.252028,23053,22,1
1,NewOrder,1770881206.252080,18047,2,1
5,StockLevel,1770881206.252140,16465,11,1
1,NewOrder,1770881206.253069,3577,6,1
2,Payment,1770881206.254623,6670,21,1
2,Payment,1770881206.255494,6759,0,1
2,Payment,1770881206.256314,7362,16,1
2,Payment,1770881206.256660,2062,6,1
4,Delivery,1770881206.257870,35166,3,1
1,NewOrder,1770881206.258277,30628,17,1
1,NewOrder,1770881206.258736,17581,6,1
1,NewOrder,1770881206.260352,43160,20,1
1,NewOrder,1770881206.260826,24902,13,1
2,Payment,1770881206.261192,7492,1,1
2,Payment,1770881206.261308,6351,21,1
1,NewOrder,1770881206.261326,21418,4,1
1,NewOrder,1770881206.261805,26020,14,1
3,OrderStatus,1770881206.262255,4464,9,1
1,NewOrder,1770881206.262267,21091,0,1
2,Payment,1770881206.263669,6945,18,1
2,Payment,1770881206.263691,5026,16,1
1,NewOrder,1770881206.263873,23635,8,1
1,NewOrder,1770881206.264427,27078,7,1
1,NewOrder,1770881206.264542,30363,15,1
1,NewOrder,1770881206.266737,16298,9,1
1,NewOrder,1770881206.267674,19115,21,1
2,Payment,1770881206.268622,5004,11,1
2,Payment,1770881206.268695,4830,1,1
2,Payment,1770881206.268731,5359,16,1
1,NewOrder,1770881206.269568,20265,19,1
2,Payment,1770881206.270140,5559,2,1
2,Payment,1770881206.270171,5444,10,1
2,Payment,1770881206.270632,6017,18,1
2,Payment,1770881206.272916,7517,23,1
2,Payment,1770881206.273532,6972,12,1
2,Payment,1770881206.273539,6932,1,1
2,Payment,1770881206.273639,13007,11,1
1,NewOrder,1770881206.274103,19734,16,1
2,Payment,1770881206.275091,9352,22,1
1,NewOrder,1770881206.275641,30833,10,1
1,NewOrder,1770881206.275725,23631,2,1
1,NewOrder,1770881206.276342,42939,6,1
2,Payment,1770881206.276665,14300,18,1
5,StockLevel,1770881206.279976,14860,5,1
2,Payment,1770881206.280453,8489,23,1
2,Payment,1770881206.280498,7983,1,1
3,OrderStatus,1770881206.280517,8708,12,1
2,Payment,1770881206.282771,7410,4,1
1,NewOrder,1770881206.283050,29549,9,1
1,NewOrder,1770881206.283385,17446,0,1
5,StockLevel,1770881206.284469,13812,22,1
2,Payment,1770881206.285754,6942,13,1
1,NewOrder,1770881206.286672,24873,11,1
1,NewOrder,1770881206.286807,32489,21,1
1,NewOrder,1770881206.287535,16348,8,1
2,Payment,1770881206.287841,7448,14,1
2,Payment,1770881206.288496,4989,1,1
5,StockLevel,1770881206.288932,15008,17,1
2,Payment,1770881206.288969,6707,23,1
1,NewOrder,1770881206.289237,15188,12,1
2,Payment,1770881206.289856,9954,19,1
2,Payment,1770881206.290199,5115,4,1
2,Payment,1770881206.290991,6369,18,1
2,Payment,1770881206.291532,6375,7,1
2,Payment,1770881206.292712,7049,13,1
2,Payment,1770881206.293052,7386,3,1
1,NewOrder,1770881206.293511,10641,1,1
4,Delivery,1770881206.293852,43845,16,1
1,NewOrder,1770881206.294847,23935,5,1
1,NewOrder,1770881206.294931,35715,15,1
2,Payment,1770881206.295302,8534,14,1
2,Payment,1770881206.295331,6504,4,1
4,Delivery,1770881206.295693,55890,23,1
3,OrderStatus,1770881206.297382,1233,18,1
2,Payment,1770881206.297928,7062,7,1
2,Payment,1770881206.298293,7496,22,1
1,NewOrder,1770881206.298632,15633,18,1
1,NewOrder,1770881206.299368,16825,2,1
1,NewOrder,1770881206.299776,25002,13,1
1,NewOrder,1770881206.299836,15946,19,1
1,NewOrder,1770881206.300450,30238,3,1
2,Payment,1770881206.300860,6472,0,1
2,Payment,1770881206.301860,6835,4,1
1,NewOrder,1770881206.303528,32442,20,1
1,NewOrder,1770881206.303850,31234,14,1
3,OrderStatus,1770881206.303910,4619,8,1
2,Payment,1770881206.303966,12240,17,1
2,Payment,1770881206.304167,6650,1,1
1,NewOrder,1770881206.304444,25632,12,1
1,NewOrder,1770881206.305006,25646,7,1
2,Payment,1770881206.305802,6912,22,1
2,Payment,1770881206.306492,6777,10,1
1,NewOrder,1770881206.307347,31106,0,1
2,Payment,1770881206.308541,7680,8,1
1,NewOrder,1770881206.308710,20113,4,1
1,NewOrder,1770881206.310842,31327,1,1
2,Payment,1770881206.311572,7574,11,1
2,Payment,1770881206.312625,9632,9,1
1,NewOrder,1770881206.312732,16515,22,1
3,OrderStatus,1770881206.313295,4297,10,1
1,NewOrder,1770881206.314282,18289,18,1
5,StockLevel,1770881206.315800,13880,19,1
2,Payment,1770881206.316212,8161,2,1
1,NewOrder,1770881206.316229,18513,17,1
1,NewOrder,1770881206.316232,27748,8,1
1,NewOrder,1770881206.317608,26335,10,1
1,NewOrder,1770881206.318804,29709,5,1
1,NewOrder,1770881206.319172,21491,11,1
5,StockLevel,1770881206.319294,13990,6,1
1,NewOrder,1770881206.319307,19955,21,1
5,StockLevel,1770881206.322282,13589,9,1
1,NewOrder,1770881206.324388,17808,2,1
1,NewOrder,1770881206.324806,24165,13,1
3,OrderStatus,1770881206.328849,5838,4,1
4,Delivery,1770881206.329272,22995,22,1
1,NewOrder,1770881206.329706,18838,19,1
1,NewOrder,1770881206.330100,14586,12,1
1,NewOrder,1770881206.330663,22507,15,1
5,StockLevel,1770881206.330668,11183,7,1
1,NewOrder,1770881206.330716,32785,3,1
2,Payment,1770881206.332597,6292,18,1
1,NewOrder,1770881206.333299,34308,6,1
1,NewOrder,1770881206.334703,29923,4,1
2,Payment,1770881206.334759,7074,17,1
2,Payment,1770881206.335102,8327,14,1
2,Payment,1770881206.335882,7230,9,1
2,Payment,1770881206.335981,8033,20,1
1,NewOrder,1770881206.337722,46590,16,1
1,NewOrder,1770881206.338479,27586,0,1
2,Payment,1770881206.338903,7359,18,1
1,NewOrder,1770881206.339279,18048,21,1
1,NewOrder,1770881206.340678,29381,11,1
1,NewOrder,1770881206.341842,17092,17,1
2,Payment,1770881206.341867,5607,7,1
2,Payment,1770881206.342196,4563,1,1
2,Payment,1770881206.342224,6748,2,1
1,NewOrder,1770881206.343125,21695,9,1
2,Payment,1770881206.343444,5513,14,1
1,NewOrder,1770881206.343959,26424,10,1
2,Payment,1770881206.343992,5514,8,1
1,NewOrder,1770881206.344041,23165,20,1
1,NewOrder,1770881206.344705,39086,12,1
1,NewOrder,1770881206.346276,23183,18,1
4,Delivery,1770881206.346774,22097,1,1
1,NewOrder,1770881206.347487,20481,7,1
1,NewOrder,1770881206.348532,32607,5,1
2,Payment,1770881206.348558,6208,19,1
2,Payment,1770881206.348975,7097,14,1
1,NewOrder,1770881206.348985,17807,13,1
1,NewOrder,1770881206.348998,16420,2,1
2,Payment,1770881206.349520,6931,8,1
2,Payment,1770881206.351605,8151,23,1
2,Payment,1770881206.352283,4084,22,1
1,NewOrder,1770881206.353184,28653,15,1
1,NewOrder,1770881206.354784,25841,19,1
2,Payment,1770881206.356098,7104,14,1
2,Payment,1770881206.356383,4898,22,1
2,Payment,1770881206.356467,7983,8,1
2,Payment,1770881206.357341,15036,21,1
5,StockLevel,1770881206.358948,12068,17,1
2,Payment,1770881206.359768,10648,23,1
5,StockLevel,1770881206.361300,1623,22,1
2,Payment,1770881206.362932,11096,22,1
2,Payment,1770881206.363214,3959,14,1
2,Payment,1770881206.363528,3726,3,1
2,Payment,1770881206.364468,8005,8,1
5,StockLevel,1770881206.364654,16538,4,1
1,NewOrder,1770881206.364847,14572,9,1
4,Delivery,1770881206.365432,3884,2,1
2,Payment,1770881206.366092,5887,0,1
2,Payment,1770881206.366803,6886,13,1
1,NewOrder,1770881206.367198,34084,14,1
1,NewOrder,1770881206.367233,20778,20,1
1,NewOrder,1770881206.367271,14536,3,1
3,OrderStatus,1770881206.367620,2178,6,1
4,Delivery,1770881206.367981,17663,7,1
1,NewOrder,1770881206.368888,37318,1,1
2,Payment,1770881206.369331,5008,2,1
4,Delivery,1770881206.369474,11698,18,1
1,NewOrder,1770881206.369816,28957,6,1
2,Payment,1770881206.370071,5025,11,1
2,Payment,1770881206.370402,6519,10,1
1,NewOrder,1770881206.370438,19221,23,1
1,NewOrder,1770881206.371031,31540,17,1
2,Payment,1770881206.371993,7976,0,1
1,NewOrder,1770881206.372400,12570,21,1
2,Payment,1770881206.372487,5909,8,1
1,NewOrder,1770881206.373715,17181,13,1
2,Payment,1770881206.374045,1424,22,1
1,NewOrder,1770881206.374350,16463,2,1
2,Payment,1770881206.375116,8706,11,1
1,NewOrder,1770881206.375482,17314,22,1
5,StockLevel,1770881206.376938,16666,10,1
1,NewOrder,1770881206.378411,35779,8,1
2,Payment,1770881206.379433,6051,9,1
2,Payment,1770881206.379986,10896,0,1
2,Payment,1770881206.380651,9009,19,1
2,Payment,1770881206.381155,11541,5,1
2,Payment,1770881206.381185,12521,18,1
1,NewOrder,1770881206.381220,35352,4,1
2,Payment,1770881206.381820,12389,3,1
2,Payment,1770881206.381847,8210,15,1
5,StockLevel,1770881206.383809,22348,12,1
1,NewOrder,1770881206.383836,23087,11,1
2,Payment,1770881206.384327,7219,16,1
1,NewOrder,1770881206.384986,31004,21,1
1,NewOrder,1770881206.385504,33965,9,1
1,NewOrder,1770881206.385659,37898,7,1
1,NewOrder,1770881206.388026,16892,20,1
2,Payment,1770881206.389674,2643,19,1
1,NewOrder,1770881206.389685,38398,23,1
1,NewOrder,1770881206.390075,16118,15,1
2,Payment,1770881206.390826,16029,2,1
2,Payment,1770881206.390902,5397,0,1
1,NewOrder,1770881206.390911,24642,13,1
2,Payment,1770881206.391560,1337,16,1
5,StockLevel,1770881206.392329,18985,19,1
2,Payment,1770881206.392722,8327,5,1
2,Payment,1770881206.392808,13425,22,1
1,NewOrder,1770881206.392906,2450,16,1
3,OrderStatus,1770881206.393619,10555,10,1
2,Payment,1770881206.393721,14259,18,1
2,Payment,1770881206.394223,4162,3,1
1,NewOrder,1770881206.395370,4077,16,1
2,Payment,1770881206.396313,12031,0,1
1,NewOrder,1770881206.398401,15674,3,1
1,NewOrder,1770881206.398798,18504,6,1
1,NewOrder,1770881206.399459,3667,16,1
1,NewOrder,1770881206.401066,27093,5,1
2,Payment,1770881206.401309,4914,14,1
2,Payment,1770881206.402589,9679,17,1
2,Payment,1770881206.403139,11169,16,1
1,NewOrder,1770881206.404189,16799,10,1
2,Payment,1770881206.404946,9653,20,1
1,NewOrder,1770881206.406172,19790,12,1
2,Payment,1770881206.406220,11656,15,1
2,Payment,1770881206.406225,7113,1,1
3,OrderStatus,1770881206.406243,9198,14,1
1,NewOrder,1770881206.406253,15002,22,1
1,NewOrder,1770881206.406868,18004,2,1
1,NewOrder,1770881206.406939,28080,11,1
1,NewOrder,1770881206.407999,6057,18,1
2,Payment,1770881206.408360,7607,0,1
1,NewOrder,1770881206.411341,27902,19,1
2,Payment,1770881206.412285,9293,17,1
2,Payment,1770881206.413355,9256,1,1
2,Payment,1770881206.414070,3250,18,1
2,Payment,1770881206.414089,11154,3,1
2,Payment,1770881206.414203,7074,8,1
2,Payment,1770881206.414325,5815,16,1
2,Payment,1770881206.414606,7497,20,1
2,Payment,1770881206.415466,10516,14,1
1,NewOrder,1770881206.415568,27608,13,1
4,Delivery,1770881206.415982,6112,0,1
1,NewOrder,1770881206.416002,18748,21,1
1,NewOrder,1770881206.416583,30854,4,1
1,NewOrder,1770881206.417328,24952,6,1
1,NewOrder,1770881206.417334,24122,18,1
2,Payment,1770881206.417895,9718,15,1
1,NewOrder,1770881206.419482,33816,9,1
2,Payment,1770881206.420166,2850,16,1
5,StockLevel,1770881206.421014,12127,10,1
2,Payment,1770881206.421271,7303,22,1
3,OrderStatus,1770881206.421291,6144,8,1
2,Payment,1770881206.421589,7648,17,1
2,Payment,1770881206.422115,12106,0,1
1,NewOrder,1770881206.422118,30517,20,1
1,NewOrder,1770881206.422639,27381,1,1
1,NewOrder,1770881206.423036,20477,16,1
4,Delivery,1770881206.423584,18361,7,1
1,NewOrder,1770881206.424897,26251,2,1
2,Payment,1770881206.425268,11134,3,1
4,Delivery,1770881206.425975,9914,12,1
1,NewOrder,1770881206.425997,32502,14,1
1,NewOrder,1770881206.427455,22654,8,1
1,NewOrder,1770881206.427629,22035,15,1
1,NewOrder,1770881206.428094,25226,23,1
1,NewOrder,1770881206.428176,27350,5,1
1,NewOrder,1770881206.428601,18807,22,1
1,NewOrder,1770881206.429263,25700,17,1
1,NewOrder,1770881206.433168,33596,10,1
1,NewOrder,1770881206.434239,29144,0,1
3,OrderStatus,1770881206.434766,8269,21,1
1,NewOrder,1770881206.435030,18748,11,1
2,Payment,1770881206.435905,7618,12,1
2,Payment,1770881206.436417,3411,3,1
1,NewOrder,1770881206.439260,28744,19,1
2,Payment,1770881206.439853,6977,3,1
2,Payment,1770881206.441471,8676,18,1
5,StockLevel,1770881206.441957,12880,7,1
2,Payment,1770881206.442298,9192,6,1
2,Payment,1770881206.443061,8805,21,1
1,NewOrder,1770881206.443200,16634,13,1
3,OrderStatus,1770881206.443527,6865,16,1
2,Payment,1770881206.443539,6452,12,1
1,NewOrder,1770881206.446855,29268,3,1
5,StockLevel,1770881206.447423,12137,22,1
1,NewOrder,1770881206.447457,32095,4,1
2,Payment,1770881206.449689,7991,15,1
1,NewOrder,1770881206.450012,24030,12,1
1,NewOrder,1770881206.450035,29156,1,1
2,Payment,1770881206.450136,6709,8,1
1,NewOrder,1770881206.450173,25983,18,1
1,NewOrder,1770881206.450404,23300,16,1
1,NewOrder,1770881206.451175,14760,2,1
1,NewOrder,1770881206.451503,32178,6,1
2,Payment,1770881206.451884,5366,21,1
1,NewOrder,1770881206.452661,17654,20,1
1,NewOrder,1770881206.453311,27844,9,1
1,NewOrder,1770881206.453344,20728,23,1
1,NewOrder,1770881206.453805,31698,11,1
2,Payment,1770881206.454851,7928,7,1
2,Payment,1770881206.454979,6524,17,1
2,Payment,1770881206.455541,6869,5,1
4,Delivery,1770881206.456863,29557,8,1
1,NewOrder,1770881206.457262,22552,21,1
3,OrderStatus,1770881206.457694,6824,15,1
3,OrderStatus,1770881206.458525,6331,14,1
2,Payment,1770881206.459590,7067,22,1
1,NewOrder,1770881206.459851,30488,13,1
2,Payment,1770881206.461519,8097,17,1
2,Payment,1770881206.462427,7398,5,1
1,NewOrder,1770881206.462795,29155,7,1
1,NewOrder,1770881206.463408,16121,0,1
1,NewOrder,1770881206.464545,30337,15,1
1,NewOrder,1770881206.464882,31363,14,1
1,NewOrder,1770881206.465961,17353,2,1
1,NewOrder,1770881206.466677,21124,22,1
2,Payment,1770881206.466789,7223,10,1
1,NewOrder,1770881206.468021,22754,19,1
1,NewOrder,1770881206.469642,17701,17,1
2,Payment,1770881206.469839,5961,5,1
1,NewOrder,1770881206.470341,23471,20,1
1,NewOrder,1770881206.473722,29222,16,1
2,Payment,1770881206.474024,9664,10,1
1,NewOrder,1770881206.474057,17109,12,1
2,Payment,1770881206.474099,8130,23,1
1,NewOrder,1770881206.475827,21148,5,1
1,NewOrder,1770881206.476138,18770,3,1
3,OrderStatus,1770881206.476183,3774,18,1
5,StockLevel,1770881206.479219,14929,1,1
4,Delivery,1770881206.479555,11288,0,1
1,NewOrder,1770881206.479569,27363,4,1
3,OrderStatus,1770881206.479832,7413,21,1
2,Payment,1770881206.479967,8606,18,1
1,NewOrder,1770881206.481181,20698,9,1
2,Payment,1770881206.482255,8564,23,1
2,Payment,1770881206.483326,5347,2,1
1,NewOrder,1770881206.483702,17217,6,1
2,Payment,1770881206.483715,4974,10,1
1,NewOrder,1770881206.485524,34071,11,1
1,NewOrder,1770881206.486443,28796,8,1
1,NewOrder,1770881206.487272,25379,21,1
2,Payment,1770881206.487369,7157,17,1
1,NewOrder,1770881206.487828,24856,22,1
4,Delivery,1770881206.488587,9959,18,1
1,NewOrder,1770881206.488690,20603,2,1
2,Payment,1770881206.488702,8302,10,1
1,NewOrder,1770881206.490366,25907,13,1
1,NewOrder,1770881206.490789,31495,19,1
2,Payment,1770881206.490846,6238,23,1
1,NewOrder,1770881206.490870,21368,0,1
1,NewOrder,1770881206.491193,18910,12,1
2,Payment,1770881206.491962,7219,7,1
1,NewOrder,1770881206.493839,25136,20,1
2,Payment,1770881206.494165,8062,1,1
1,NewOrder,1770881206.494543,21297,17,1
2,Payment,1770881206.494896,6901,15,1
1,NewOrder,1770881206.494921,33577,3,1
2,Payment,1770881206.496266,7016,14,1
1,NewOrder,1770881206.496986,33712,5,1
2,Payment,1770881206.497024,6870,10,1
1,NewOrder,1770881206.497098,26809,23,1
2,Payment,1770881206.498564,7343,18,1
1,NewOrder,1770881206.499200,32596,7,1
1,NewOrder,1770881206.500934,25576,6,1
2,Payment,1770881206.501813,7865,15,1
1,NewOrder,1770881206.501895,33216,9,1
1,NewOrder,1770881206.502242,20318,1,1
2,Payment,1770881206.502957,8339,16,1
1,NewOrder,1770881206.503299,27890,14,1
1,NewOrder,1770881206.503907,20030,10,1
1,NewOrder,1770881206.505923,33308,18,1
1,NewOrder,1770881206.506959,28834,4,1
1,NewOrder,1770881206.509319,18777,2,1
1,NewOrder,1770881206.509693,29033,15,1
2,Payment,1770881206.510118,9165,12,1
2,Payment,1770881206.511307,9356,16,1
1,NewOrder,1770881206.512264,23494,0,1
5,StockLevel,1770881206.512677,15636,21,1
1,NewOrder,1770881206.512695,26971,22,1
2,Payment,1770881206.515266,7325,8,1
5,StockLevel,1770881206.515854,14989,17,1
2,Payment,1770881206.516288,7151,13,1
2,Payment,1770881206.519001,7138,20,1
2,Payment,1770881206.519297,7645,12,1
2,Payment,1770881206.519621,4699,11,1
2,Payment,1770881206.520675,4335,16,1
2,Payment,1770881206.522309,8494,19,1
1,NewOrder,1770881206.522586,18326,1,1
1,NewOrder,1770881206.522605,21387,8,1
1,NewOrder,1770881206.523453,19566,13,1
1,NewOrder,1770881206.523933,27476,23,1
3,OrderStatus,1770881206.523949,5862,10,1
1,NewOrder,1770881206.524347,11091,11,1
2,Payment,1770881206.525024,4815,16,1
1,NewOrder,1770881206.526158,19728,20,1
1,NewOrder,1770881206.526537,19385,6,1
1,NewOrder,1770881206.526959,32454,12,1
1,NewOrder,1770881206.528109,28905,2,1
3,OrderStatus,1770881206.528330,7596,21,1
2,Payment,1770881206.528522,8559,3,1
2,Payment,1770881206.529830,6625,10,1
1,NewOrder,1770881206.529852,31828,16,1
3,OrderStatus,1770881206.530725,6307,5,1
4,Delivery,1770881206.530829,17459,19,1
2,Payment,1770881206.530870,6535,17,1
1,NewOrder,1770881206.531206,18514,14,1
1,NewOrder,1770881206.531810,27712,7,1
1,NewOrder,1770881206.535129,32072,9,1
1,NewOrder,1770881206.535452,19356,11,1
2,Payment,1770881206.535771,7729,0,1
5,StockLevel,1770881206.535810,15438,4,1
1,NewOrder,1770881206.535953,28601,21,1
2,Payment,1770881206.536470,7495,10,1
4,Delivery,1770881206.537059,58864,5,1
1,NewOrder,1770881206.537095,26870,3,1
1,NewOrder,1770881206.537417,23744,17,1
1,NewOrder,1770881206.538752,24696,15,1
4,Delivery,1770881206.539246,9444,18,1
2,Payment,1770881206.539683,5798,22,1
1,NewOrder,1770881206.540925,28579,1,1
2,Payment,1770881206.543031,7758,13,1
1,NewOrder,1770881206.543515,32754,0,1
2,Payment,1770881206.543982,9123,10,1
2,Payment,1770881206.544018,7303,8,1
1,NewOrder,1770881206.545493,22698,22,1
2,Payment,1770881206.545899,7512,20,1
1,NewOrder,1770881206.545943,29086,6,1
2,Payment,1770881206.548314,6819,19,1
1,NewOrder,1770881206.548705,28599,18,1
2,Payment,1770881206.549737,8286,14,1
2,Payment,1770881206.550805,9033,13,1
2,Payment,1770881206.551274,9863,4,1
1,NewOrder,1770881206.551337,25244,8,1
2,Payment,1770881206.551431,11790,23,1
2,Payment,1770881206.553123,2046,10,1
2,Payment,1770881206.553425,7307,20,1
1,NewOrder,1770881206.554832,15861,11,1
1,NewOrder,1770881206.555152,16027,19,1
5,StockLevel,1770881206.555185,13817,10,1
5,StockLevel,1770881206.557044,12282,2,1
1,NewOrder,1770881206.558040,34938,14,1
1,NewOrder,1770881206.559428,33969,12,1
2,Payment,1770881206.559548,5735,7,1
1,NewOrder,1770881206.559858,13832,13,1
1,NewOrder,1770881206.560744,21271,20,1
1,NewOrder,1770881206.561150,23086,4,1
2,Payment,1770881206.561174,6634,17,1
1,NewOrder,1770881206.561706,10388,16,1
2,Payment,1770881206.563237,5460,23,1
2,Payment,1770881206.563470,6868,15,1
2,Payment,1770881206.563980,6754,3,1
2,Payment,1770881206.564576,7901,21,1
1,NewOrder,1770881206.565296,19930,7,1
2,Payment,1770881206.567227,6785,9,1
1,NewOrder,1770881206.567822,34539,17,1
1,NewOrder,1770881206.568205,27349,22,1
1,NewOrder,1770881206.568715,29162,23,1
1,NewOrder,1770881206.569028,26253,10,1
3,OrderStatus,1770881206.569347,6476,2,1
1,NewOrder,1770881206.569518,32318,1,1
1,NewOrder,1770881206.570351,23006,15,1
1,NewOrder,1770881206.570728,17307,11,1
1,NewOrder,1770881206.570752,18073,3,1
1,NewOrder,1770881206.571190,22640,19,1
1,NewOrder,1770881206.572110,25405,16,1
2,Payment,1770881206.572488,6036,21,1
1,NewOrder,1770881206.573707,16894,13,1
2,Payment,1770881206.574025,7304,9,1
1,NewOrder,1770881206.575057,21413,6,1
1,NewOrder,1770881206.575839,26402,2,1
1,NewOrder,1770881206.576287,18029,0,1
2,Payment,1770881206.576596,6310,8,1
1,NewOrder,1770881206.577319,18032,18,1
2,Payment,1770881206.578540,7214,21,1
1,NewOrder,1770881206.581343,34501,9,1
1,NewOrder,1770881206.582033,33199,20,1
1,NewOrder,1770881206.582916,10944,8,1
1,NewOrder,1770881206.584250,25653,4,1
2,Payment,1770881206.585239,8184,7,1
1,NewOrder,1770881206.585766,31015,21,1
1,NewOrder,1770881206.588049,18125,11,1
2,Payment,1770881206.588851,6813,3,1
1,NewOrder,1770881206.590627,25247,13,1
1,NewOrder,1770881206.593003,29037,14,1
2,Payment,1770881206.593378,5062,15,1
2,Payment,1770881206.593422,6832,12,1
1,NewOrder,1770881206.593448,27059,7,1
2,Payment,1770881206.593844,5992,19,1
1,NewOrder,1770881206.593874,30610,8,1
1,NewOrder,1770881206.594328,27746,0,1
1,NewOrder,1770881206.595307,33456,10,1
2,Payment,1770881206.595372,6945,18,1
2,Payment,1770881206.595565,8247,22,1
2,Payment,1770881206.595691,4779,3,1
2,Payment,1770881206.595943,7913,5,1
2,Payment,1770881206.596485,6907,6,1
2,Payment,1770881206.597568,7400,16,1
1,NewOrder,1770881206.597889,26292,23,1
1,NewOrder,1770881206.598455,23642,15,1
3,OrderStatus,1770881206.599862,5586,19,1
2,Payment,1770881206.600271,6259,12,1
1,NewOrder,1770881206.600497,17001,3,1
1,NewOrder,1770881206.601851,20219,1,1
1,NewOrder,1770881206.602255,33323,2,1
1,NewOrder,1770881206.602329,31786,18,1
1,NewOrder,1770881206.602375,22161,17,1
3,OrderStatus,1770881206.603410,4516,6,1
5,StockLevel,1770881206.603827,10858,22,1
2,Payment,1770881206.603881,6543,5,1
3,OrderStatus,1770881206.604994,8159,16,1
1,NewOrder,1770881206.605460,29340,19,1
2,Payment,1770881206.606189,6351,11,1
1,NewOrder,1770881206.606542,29363,12,1
5,StockLevel,1770881206.607941,13944,6,1
1,NewOrder,1770881206.609916,17345,4,1
1,NewOrder,1770881206.610450,34324,5,1
1,NewOrder,1770881206.612566,20112,11,1
1,NewOrder,1770881206.613178,25666,16,1
2,Payment,1770881206.614699,7347,22,1
4,Delivery,1770881206.615252,27574,20,1
2,Payment,1770881206.615856,5784,9,1
2,Payment,1770881206.615889,5204,13,1
3,OrderStatus,1770881206.616799,4653,21,1
1,NewOrder,1770881206.617513,33358,3,1
2,Payment,1770881206.620524,8595,7,1
3,OrderStatus,1770881206.621104,6466,13,1
1,NewOrder,1770881206.621477,21022,21,1
2,Payment,1770881206.621654,9497,9,1
1,NewOrder,1770881206.621897,21562,6,1
1,NewOrder,1770881206.622054,20417,14,1
2,Payment,1770881206.622067,7376,22,1
1,NewOrder,1770881206.622087,30983,1,1
1,NewOrder,1770881206.622088,20439,0,1
2,Payment,1770881206.622111,6251,15,1
5,StockLevel,1770881206.624195,12855,23,1
2,Payment,1770881206.624494,8551,8,1
5,StockLevel,1770881206.624550,15914,17,1
1,NewOrder,1770881206.627276,14114,4,1
1,NewOrder,1770881206.627594,25605,13,1
1,NewOrder,1770881206.628387,26056,15,1
1,NewOrder,1770881206.628784,25103,10,1
1,NewOrder,1770881206.629145,21121,7,1
2,Payment,1770881206.629458,6087,22,1
1,NewOrder,1770881206.631162,27668,9,1
1,NewOrder,1770881206.632694,25707,11,1
2,Payment,1770881206.633061,4188,8,1
2,Payment,1770881206.634132,6713,18,1
1,NewOrder,1770881206.634815,22279,19,1
2,Payment,1770881206.635559,6738,22,1
1,NewOrder,1770881206.635595,23936,2,1
2,Payment,1770881206.635917,7566,12,1
2,Payment,1770881206.637063,8038,23,1
5,StockLevel,1770881206.637262,15027,8,1
2,Payment,1770881206.638860,8552,16,1
2,Payment,1770881206.640478,10367,17,1
5,StockLevel,1770881206.640871,15673,18,1
1,NewOrder,1770881206.641405,23640,4,1
2,Payment,1770881206.642310,8529,22,1
1,NewOrder,1770881206.642488,25644,14,1
2,Payment,1770881206.642516,6291,21,1
1,NewOrder,1770881206.642540,22712,0,1
1,NewOrder,1770881206.642841,20342,20,1
1,NewOrder,1770881206.643471,29488,6,1
1,NewOrder,1770881206.643496,16507,12,1
2,Payment,1770881206.644788,6768,5,1
1,NewOrder,1770881206.645122,23366,23,1
1,NewOrder,1770881206.647438,21370,16,1
1,NewOrder,1770881206.648821,31427,21,1
2,Payment,1770881206.650286,6173,7,1
1,NewOrder,1770881206.650867,16001,17,1
1,NewOrder,1770881206.650867,16361,22,1
2,Payment,1770881206.650886,6115,3,1
2,Payment,1770881206.651569,7152,5,1
1,NewOrder,1770881206.652306,23049,8,1
1,NewOrder,1770881206.653085,15390,1,1
1,NewOrder,1770881206.653215,24965,13,1
1,NewOrder,1770881206.653904,32460,10,1
1,NewOrder,1770881206.654455,18524,15,1
2,Payment,1770881206.656474,6295,7,1
1,NewOrder,1770881206.656563,20536,18,1
2,Payment,1770881206.657015,8548,3,1
2,Payment,1770881206.657104,6069,19,1
2,Payment,1770881206.658415,6008,11,1
2,Payment,1770881206.658735,12587,5,1
5,StockLevel,1770881206.658843,13337,9,1
2,Payment,1770881206.659546,13043,2,1
4,Delivery,1770881206.660027,8805,12,1
1,NewOrder,1770881206.662783,29360,7,1
1,NewOrder,1770881206.663196,30515,19,1
2,Payment,1770881206.663203,7719,20,1
1,NewOrder,1770881206.664442,19006,11,1
2,Payment,1770881206.665065,4583,4,1
2,Payment,1770881206.665266,18669,0,1
4,Delivery,1770881206.665577,35369,3,1
1,NewOrder,1770881206.666893,21003,17,1
2,Payment,1770881206.667242,6731,22,1
1,NewOrder,1770881206.668146,30873,14,1
2,Payment,1770881206.668504,7791,23,1
2,Payment,1770881206.668504,8635,1,1
1,NewOrder,1770881206.668823,21587,16,1
2,Payment,1770881206.668849,9674,12,1
2,Payment,1770881206.669663,9479,4,1
2,Payment,1770881206.670938,15747,20,1
1,NewOrder,1770881206.671332,13087,5,1
1,NewOrder,1770881206.672193,15675,9,1
2,Payment,1770881206.672604,8248,2,1
1,NewOrder,1770881206.672972,23256,6,1
5,StockLevel,1770881206.672991,17722,15,1
2,Payment,1770881206.673988,6888,22,1
2,Payment,1770881206.675368,6103,8,1
2,Payment,1770881206.676309,8580,23,1
1,NewOrder,1770881206.677114,17025,18,1
1,NewOrder,1770881206.677165,22221,1,1
2,Payment,1770881206.678192,9115,13,1
1,NewOrder,1770881206.678538,33799,12,1
2,Payment,1770881206.679158,8390,4,1
4,Delivery,1770881206.680273,38320,21,1
2,Payment,1770881206.680867,4475,2,1
5,StockLevel,1770881206.680886,14465,22,1
1,NewOrder,1770881206.681483,29637,8,1
2,Payment,1770881206.683460,6127,11,1
1,NewOrder,1770881206.683953,15783,0,1
1,NewOrder,1770881206.684434,27378,5,1
2,Payment,1770881206.684916,5518,23,1
2,Payment,1770881206.685356,3699,2,1
2,Payment,1770881206.686375,10341,10,1
2,Payment,1770881206.686699,7031,20,1
1,NewOrder,1770881206.687325,17441,13,1
4,Delivery,1770881206.687563,14234,4,1
1,NewOrder,1770881206.687882,21598,9,1
1,NewOrder,1770881206.687910,20520,17,1
1,NewOrder,1770881206.689075,27434,2,1
5,StockLevel,1770881206.689600,16905,11,1
1,NewOrder,1770881206.690433,22583,16,1
5,StockLevel,1770881206.690449,14071,23,1
1,NewOrder,1770881206.690726,17623,15,1
2,Payment,1770881206.692157,6284,7,1
1,NewOrder,1770881206.693724,24362,19,1
1,NewOrder,1770881206.693744,12208,20,1
5,StockLevel,1770881206.694149,12526,18,1
2,Payment,1770881206.695364,5171,22,1
1,NewOrder,1770881206.696241,28200,6,1
1,NewOrder,1770881206.696742,14760,10,1
1,NewOrder,1770881206.698456,31231,7,1
1,NewOrder,1770881206.699033,14936,14,1
1,NewOrder,1770881206.699398,17490,1,1
1,NewOrder,1770881206.699750,29485,0,1
2,Payment,1770881206.700546,7491,22,1
1,NewOrder,1770881206.700960,31505,3,1
1,NewOrder,1770881206.701814,9715,4,1
3,OrderStatus,1770881206.704534,6393,23,1
3,OrderStatus,1770881206.704777,6430,13,1
2,Payment,1770881206.705965,9969,20,1
2,Payment,1770881206.706523,7984,11,1
1,NewOrder,1770881206.706685,21675,18,1
4,Delivery,1770881206.708055,10997,22,1
2,Payment,1770881206.708361,6590,15,1
1,NewOrder,1770881206.708452,26130,17,1
1,NewOrder,1770881206.709505,19982,9,1
1,NewOrder,1770881206.710942,31764,23,1
2,Payment,1770881206.711138,5806,8,1
1,NewOrder,1770881206.711221,19937,13,1
1,NewOrder,1770881206.711523,25813,10,1
2,Payment,1770881206.711543,5376,4,1
4,Delivery,1770881206.711828,55491,5,1
3,OrderStatus,1770881206.712352,5811,12,1
1,NewOrder,1770881206.713032,22012,16,1
1,NewOrder,1770881206.713983,20545,14,1
2,Payment,1770881206.714522,9820,11,1
2,Payment,1770881206.714965,8326,15,1
2,Payment,1770881206.715952,7038,20,1
2,Payment,1770881206.716527,8418,2,1
3,OrderStatus,1770881206.716902,5441,1,1
2,Payment,1770881206.716934,5590,4,1
1,NewOrder,1770881206.716959,25788,8,1
4,Delivery,1770881206.718109,20959,19,1
2,Payment,1770881206.718177,7127,12,1
2,Payment,1770881206.718604,8343,21,1
2,Payment,1770881206.719067,5846,22,1
2,Payment,1770881206.722362,9347,1,1
2,Payment,1770881206.722540,10957,4,1
1,NewOrder,1770881206.723004,29626,20,1
1,NewOrder,1770881206.723306,26923,15,1
1,NewOrder,1770881206.724366,26901,11,1
2,Payment,1770881206.724453,8471,6,1
2,Payment,1770881206.724926,3873,22,1
1,NewOrder,1770881206.724961,22252,2,1
1,NewOrder,1770881206.725321,28716,12,1
2,Payment,1770881206.726963,5871,21,1
2,Payment,1770881206.728379,6577,18,1
1,NewOrder,1770881206.728813,14903,22,1
1,NewOrder,1770881206.729268,14358,0,1
1,NewOrder,1770881206.729508,15121,9,1
2,Payment,1770881206.729701,9848,7,1
3,OrderStatus,1770881206.731178,7152,13,1
2,Payment,1770881206.731722,8344,1,1
1,NewOrder,1770881206.732478,28054,3,1
2,Payment,1770881206.732849,6623,21,1
1,NewOrder,1770881206.732937,32671,6,1
2,Payment,1770881206.733515,8584,4,1
1,NewOrder,1770881206.734541,26540,14,1
3,OrderStatus,1770881206.734596,3703,17,1
2,Payment,1770881206.734968,5859,18,1
2,Payment,1770881206.735061,6580,16,1
5,StockLevel,1770881206.737351,13569,10,1
1,NewOrder,1770881206.738318,28999,17,1
1,NewOrder,1770881206.738349,24077,13,1
1,NewOrder,1770881206.739095,15404,19,1
2,Payment,1770881206.739484,7269,21,1
1,NewOrder,1770881206.739561,22056,7,1
1,NewOrder,1770881206.740085,29168,1,1
2,Payment,1770881206.740844,7443,18,1
2,Payment,1770881206.741653,7270,16,1
2,Payment,1770881206.742115,3197,4,1
1,NewOrder,1770881206.742721,24703,23,1
1,NewOrder,1770881206.742760,35650,8,1
2,Payment,1770881206.743643,10740,0,1
1,NewOrder,1770881206.743729,32285,22,1
1,NewOrder,1770881206.744642,30622,9,1
1,NewOrder,1770881206.745326,26307,4,1
2,Payment,1770881206.746765,8575,21,1
4,Delivery,1770881206.747227,20562,2,1
1,NewOrder,1770881206.748300,23766,18,1
1,NewOrder,1770881206.748938,18407,16,1
5,StockLevel,1770881206.750242,13616,15,1
1,NewOrder,1770881206.750933,29338,10,1
1,NewOrder,1770881206.751295,20095,11,1
2,Payment,1770881206.752643,8499,20,1
2,Payment,1770881206.754054,6073,12,1
2,Payment,1770881206.754409,6763,0,1
2,Payment,1770881206.754516,15116,19,1
5,StockLevel,1770881206.755355,13297,21,1
5,StockLevel,1770881206.760143,14669,12,1
1,NewOrder,1770881206.760552,25132,3,1
1,NewOrder,1770881206.761092,25050,14,1
2,Payment,1770881206.761164,5823,20,1
1,NewOrder,1770881206.761198,28930,0,1
2,Payment,1770881206.761629,5879,7,1
2,Payment,1770881206.762452,7171,13,1
3,OrderStatus,1770881206.763876,5426,15,1
1,NewOrder,1770881206.765624,15737,6,1
1,NewOrder,1770881206.767013,23565,20,1
2,Payment,1770881206.767331,4771,17,1
2,Payment,1770881206.767337,8334,5,1
2,Payment,1770881206.767360,5946,16,1
2,Payment,1770881206.767438,8148,23,1
5,StockLevel,1770881206.767534,11644,7,1
1,NewOrder,1770881206.767800,6234,2,1
1,NewOrder,1770881206.768669,30813,21,1
5,StockLevel,1770881206.769265,14510,1,1
2,Payment,1770881206.769313,8127,15,1
1,NewOrder,1770881206.769636,25738,13,1
2,Payment,1770881206.769651,7667,19,1
1,NewOrder,1770881206.771415,41269,11,1
1,NewOrder,1770881206.771646,16804,4,1
1,NewOrder,1770881206.772080,16770,18,1
1,NewOrder,1770881206.772111,29489,17,1
2,Payment,1770881206.773320,7024,16,1
2,Payment,1770881206.774060,3571,2,1
2,Payment,1770881206.774838,7299,12,1
1,NewOrder,1770881206.775275,25529,9,1
2,Payment,1770881206.775603,4697,23,1
2,Payment,1770881206.775682,4298,5,1
2,Payment,1770881206.776024,7812,22,1
2,Payment,1770881206.777332,4317,19,1
5,StockLevel,1770881206.777466,11130,15,1
1,NewOrder,1770881206.777656,22430,2,1
1,NewOrder,1770881206.778425,31348,8,1
2,Payment,1770881206.779193,7966,7,1
1,NewOrder,1770881206.779994,29426,5,1
2,Payment,1770881206.780283,8423,10,1
2,Payment,1770881206.780317,9102,23,1
2,Payment,1770881206.780370,5746,16,1
2,Payment,1770881206.781376,16904,6,1
1,NewOrder,1770881206.781663,17840,19,1
1,NewOrder,1770881206.782161,23004,12,1
1,NewOrder,1770881206.783786,28983,1,1
1,NewOrder,1770881206.783853,28286,22,1
2,Payment,1770881206.785700,6989,3,1
2,Payment,1770881206.786132,5034,16,1
1,NewOrder,1770881206.786158,31901,14,1
2,Payment,1770881206.787177,9304,7,1
2,Payment,1770881206.788462,8050,4,1
1,NewOrder,1770881206.788611,26345,15,1
1,NewOrder,1770881206.788720,30493,10,1
2,Payment,1770881206.788876,7965,18,1
2,Payment,1770881206.789431,9693,23,1
2,Payment,1770881206.790145,8518,0,1
2,Payment,1770881206.790593,10623,20,1
1,NewOrder,1770881206.791181,18305,16,1
1,NewOrder,1770881206.792702,18525,3,1
1,NewOrder,1770881206.795400,34466,13,1
2,Payment,1770881206.796495,4768,7,1
1,NewOrder,1770881206.796525,32689,4,1
2,Payment,1770881206.796868,6218,18,1
2,Payment,1770881206.798303,4417,6,1
1,NewOrder,1770881206.798680,23085,0,1
2,Payment,1770881206.799143,7050,23,1
1,NewOrder,1770881206.799493,17547,21,1
1,NewOrder,1770881206.799516,21861,19,1
2,Payment,1770881206.800111,5040,2,1
2,Payment,1770881206.800820,13153,9,1
2,Payment,1770881206.801243,3418,20,1
2,Payment,1770881206.801289,7560,7,1
1,NewOrder,1770881206.801611,29004,17,1
2,Payment,1770881206.802734,7409,6,1
1,NewOrder,1770881206.803104,33840,18,1
2,Payment,1770881206.804674,8475,20,1
5,StockLevel,1770881206.805170,19787,2,1
1,NewOrder,1770881206.805183,41696,12,1
2,Payment,1770881206.806206,3530,23,1
2,Payment,1770881206.808875,7401,7,1
1,NewOrder,1770881206.809445,21239,5,1
1,NewOrder,1770881206.809504,20823,16,1
1,NewOrder,1770881206.809748,20910,23,1
1,NewOrder,1770881206.809786,18627,8,1
1,NewOrder,1770881206.810157,8915,6,1
1,NewOrder,1770881206.811242,28631,3,1
1,NewOrder,1770881206.812164,17122,22,1
1,NewOrder,1770881206.812697,16658,11,1
1,NewOrder,1770881206.812785,21990,1,1
2,Payment,1770881206.813173,6369,20,1
1,NewOrder,1770881206.813989,24203,9,1
1,NewOrder,1770881206.814981,17483,15,1
2,Payment,1770881206.816290,6148,7,1
2,Payment,1770881206.817055,7372,21,1
1,NewOrder,1770881206.818075,19151,14,1
1,NewOrder,1770881206.819087,31061,6,1
1,NewOrder,1770881206.819226,28823,10,1
1,NewOrder,1770881206.819556,32754,20,1
2,Payment,1770881206.821393,7873,19,1
2,Payment,1770881206.821790,7078,0,1
2,Payment,1770881206.822451,6789,7,1
1,NewOrder,1770881206.824442,32399,21,1
5,StockLevel,1770881206.824982,11568,2,1
1,NewOrder,1770881206.828431,21235,8,1
1,NewOrder,1770881206.829227,24489,4,1
1,NewOrder,1770881206.829264,28121,7,1
1,NewOrder,1770881206.829283,19432,19,1
1,NewOrder,1770881206.829296,29320,22,1
2,Payment,1770881206.829366,4571,11,1
1,NewOrder,1770881206.829371,19459,0,1
2,Payment,1770881206.829880,7375,13,1
1,NewOrder,1770881206.830340,19798,16,1
2,Payment,1770881206.830628,8661,17,1
4,Delivery,1770881206.830669,56159,23,1
2,Payment,1770881206.830696,5327,5,1
2,Payment,1770881206.832478,8000,15,1
1,NewOrder,1770881206.833964,22181,11,1
1,NewOrder,1770881206.834789,23806,1,1
2,Payment,1770881206.836033,5878,5,1
1,NewOrder,1770881206.836575,25993,2,1
2,Payment,1770881206.836970,7938,18,1
2,Payment,1770881206.837240,11389,14,1
1,NewOrder,1770881206.837272,18060,13,1
2,Payment,1770881206.838205,6718,9,1
2,Payment,1770881206.839312,5109,17,1
1,NewOrder,1770881206.839887,33424,3,1
2,Payment,1770881206.840488,6013,15,1
1,NewOrder,1770881206.841925,20677,5,1
1,NewOrder,1770881206.844437,16322,17,1
2,Payment,1770881206.844931,6399,18,1
1,NewOrder,1770881206.844939,28881,9,1
1,NewOrder,1770881206.846527,29816,15,1
2,Payment,1770881206.846904,4024,12,1
2,Payment,1770881206.848062,8060,10,1
1,NewOrder,1770881206.848645,18748,14,1
1,NewOrder,1770881206.848731,31486,19,1
2,Payment,1770881206.848856,7956,0,1
1,NewOrder,1770881206.849680,32107,8,1
2,Payment,1770881206.850167,7542,6,1
1,NewOrder,1770881206.850168,20827,16,1
2,Payment,1770881206.850942,2253,12,1
2,Payment,1770881206.851342,5674,18,1
1,NewOrder,1770881206.852324,30318,20,1
2,Payment,1770881206.853207,4617,12,1
1,NewOrder,1770881206.853740,19198,4,1
2,Payment,1770881206.855346,6910,13,1
1,NewOrder,1770881206.856135,23261,10,1
2,Payment,1770881206.856159,5036,11,1
2,Payment,1770881206.856831,7879,0,1
1,NewOrder,1770881206.856853,27495,21,1
2,Payment,1770881206.857028,7350,18,1
1,NewOrder,1770881206.857396,30970,7,1
2,Payment,1770881206.857727,5111,6,1
1,NewOrder,1770881206.857839,31151,12,1
2,Payment,1770881206.858621,8442,1,1
1,NewOrder,1770881206.858629,29291,22,1
2,Payment,1770881206.860771,7449,17,1
2,Payment,1770881206.861205,7346,11,1
2,Payment,1770881206.862276,9220,13,1
1,NewOrder,1770881206.862581,32664,2,1
2,Payment,1770881206.862628,6440,5,1
1,NewOrder,1770881206.862853,23569,6,1
1,NewOrder,1770881206.864395,25191,18,1
1,NewOrder,1770881206.864735,30172,0,1
2,Payment,1770881206.867077,7451,1,1
5,StockLevel,1770881206.867408,15358,14,1
2,Payment,1770881206.868246,8074,17,1
2,Payment,1770881206.868578,6639,11,1
2,Payment,1770881206.869086,6921,5,1
3,OrderStatus,1770881206.871020,4130,16,1
1,NewOrder,1770881206.871521,27911,13,1
2,Payment,1770881206.872952,6793,4,1
4,Delivery,1770881206.873337,33475,3,1
1,NewOrder,1770881206.873833,20179,9,1
2,Payment,1770881206.874544,6712,1,1
3,OrderStatus,1770881206.875176,2172,16,1
4,Delivery,1770881206.875243,61201,11,1
2,Payment,1770881206.876023,7398,5,1
2,Payment,1770881206.876345,4414,17,1
1,NewOrder,1770881206.876366,23160,15,1
2,Payment,1770881206.877374,7795,16,1
1,NewOrder,1770881206.879422,25623,10,1
2,Payment,1770881206.879757,6969,4,1
4,Delivery,1770881206.880229,6897,19,1
2,Payment,1770881206.880778,7583,17,1
1,NewOrder,1770881206.881282,18757,1,1
2,Payment,1770881206.881810,8491,8,1
2,Payment,1770881206.882662,6948,20,1
2,Payment,1770881206.882777,8256,14,1
1,NewOrder,1770881206.883446,31334,5,1
2,Payment,1770881206.884361,7017,21,1
2,Payment,1770881206.885191,7492,16,1
1,NewOrder,1770881206.886448,22958,6,1
2,Payment,1770881206.886740,6455,4,1
2,Payment,1770881206.886853,6268,23,1
1,NewOrder,1770881206.887137,26472,19,1
2,Payment,1770881206.887945,7675,22,1
2,Payment,1770881206.888373,7014,17,1
2,Payment,1770881206.888392,6460,7,1
1,NewOrder,1770881206.889007,32814,12,1
1,NewOrder,1770881206.889617,29346,18,1
1,NewOrder,1770881206.889624,19443,20,1
1,NewOrder,1770881206.890325,28308,8,1
1,NewOrder,1770881206.891058,31436,14,1
2,Payment,1770881206.891392,7477,21,1
1,NewOrder,1770881206.892699,28781,16,1
1,NewOrder,1770881206.893147,18223,23,1
1,NewOrder,1770881206.893212,26148,4,1
2,Payment,1770881206.894024,7020,9,1
1,NewOrder,1770881206.894870,22534,7,1
4,Delivery,1770881206.894931,12186,0,1
1,NewOrder,1770881206.895270,32830,2,1
1,NewOrder,1770881206.895405,15133,17,1
1,NewOrder,1770881206.895633,28464,22,1
3,OrderStatus,1770881206.898886,6632,21,1
2,Payment,1770881206.899455,6881,13,1
1,NewOrder,1770881206.899552,29067,15,1
1,NewOrder,1770881206.900061,27528,1,1
1,NewOrder,1770881206.901058,24497,9,1
2,Payment,1770881206.905070,8500,10,1
2,Payment,1770881206.905530,7646,21,1
1,NewOrder,1770881206.906362,34464,13,1
2,Payment,1770881206.906838,6819,3,1
3,OrderStatus,1770881206.907134,812,0,1
2,Payment,1770881206.907971,7154,0,1
2,Payment,1770881206.909080,9910,20,1
1,NewOrder,1770881206.909421,20603,6,1
1,NewOrder,1770881206.910563,18722,17,1
1,NewOrder,1770881206.911383,32534,23,1
1,NewOrder,1770881206.913190,18712,21,1
2,Payment,1770881206.913594,6198,10,1
1,NewOrder,1770881206.913634,16469,19,1
2,Payment,1770881206.913672,8153,3,1
2,Payment,1770881206.914802,8706,5,1
5,StockLevel,1770881206.915151,10560,0,1
1,NewOrder,1770881206.917429,21097,7,1
2,Payment,1770881206.918658,6999,8,1
2,Payment,1770881206.918981,5520,18,1
4,Delivery,1770881206.919016,25968,20,1
1,NewOrder,1770881206.919375,32901,4,1
1,NewOrder,1770881206.919817,17513,10,1
2,Payment,1770881206.921496,6988,16,1
2,Payment,1770881206.921840,8599,12,1
2,Payment,1770881206.921845,8547,3,1
1,NewOrder,1770881206.922519,17925,14,1
2,Payment,1770881206.923534,5064,5,1
5,StockLevel,1770881206.924122,13252,22,1
3,OrderStatus,1770881206.924515,7435,18,1
5,StockLevel,1770881206.925570,14367,9,1
5,StockLevel,1770881206.925684,15101,8,1
2,Payment,1770881206.925737,7701,0,1
4,Delivery,1770881206.927615,17856,1,1
1,NewOrder,1770881206.928125,14563,2,1
1,NewOrder,1770881206.928509,31351,16,1
2,Payment,1770881206.928617,6847,5,1
1,NewOrder,1770881206.928645,28232,15,1
1,NewOrder,1770881206.929298,25560,17,1
2,Payment,1770881206.930049,6191,6,1
2,Payment,1770881206.930127,5819,19,1
2,Payment,1770881206.930410,7248,3,1
1,NewOrder,1770881206.930453,15012,12,1
1,NewOrder,1770881206.931927,26621,21,1
2,Payment,1770881206.931976,7392,18,1
1,NewOrder,1770881206.933464,26547,0,1
2,Payment,1770881206.935489,6149,5,1
2,Payment,1770881206.935971,5203,19,1
2,Payment,1770881206.936254,7353,6,1
1,NewOrder,1770881206.936460,16220,11,1
1,NewOrder,1770881206.937347,27083,10,1
4,Delivery,1770881206.937400,7884,22,1
1,NewOrder,1770881206.937675,18501,3,1
2,Payment,1770881206.938538,9650,7,1
1,NewOrder,1770881206.939394,25347,18,1
2,Payment,1770881206.939953,13251,9,1
3,OrderStatus,1770881206.940459,4850,14,1
2,Payment,1770881206.940801,10343,8,1
1,NewOrder,1770881206.940839,30038,13,1
1,NewOrder,1770881206.941185,14651,19,1
1,NewOrder,1770881206.941651,29878,5,1
2,Payment,1770881206.942713,7533,2,1
2,Payment,1770881206.943632,18893,6,1
2,Payment,1770881206.943930,7243,23,1
2,Payment,1770881206.945005,8979,20,1
2,Payment,1770881206.945298,10382,22,1
2,Payment,1770881206.945334,5568,14,1
2,Payment,1770881206.945488,6383,1,1
5,StockLevel,1770881206.945494,12217,12,1
2,Payment,1770881206.948202,6784,7,1
2,Payment,1770881206.950265,6070,2,1
2,Payment,1770881206.950929,8359,14,1
1,NewOrder,1770881206.951169,28235,8,1
2,Payment,1770881206.951199,7371,23,1
2,Payment,1770881206.951896,8813,1,1
2,Payment,1770881206.952288,9905,4,1
2,Payment,1770881206.952694,6572,11,1
2,Payment,1770881206.953229,7817,9,1
4,Delivery,1770881206.953997,29533,20,1
3,OrderStatus,1770881206.954874,6802,17,1
1,NewOrder,1770881206.955009,30078,7,1
2,Payment,1770881206.955697,4627,22,1
2,Payment,1770881206.955861,12644,19,1
5,StockLevel,1770881206.956191,18159,3,1
2,Payment,1770881206.956346,7659,2,1
1,NewOrder,1770881206.956886,30266,15,1
1,NewOrder,1770881206.957729,38474,12,1
1,NewOrder,1770881206.958573,26463,21,1
2,Payment,1770881206.958596,8143,23,1
2,Payment,1770881206.959292,10155,11,1
1,NewOrder,1770881206.959314,27756,14,1
1,NewOrder,1770881206.959878,28591,16,1
1,NewOrder,1770881206.960028,20839,0,1
1,NewOrder,1770881206.960336,21690,22,1
1,NewOrder,1770881206.960733,26004,1,1
1,NewOrder,1770881206.961072,11047,9,1
1,NewOrder,1770881206.961687,30666,17,1
2,Payment,1770881206.962211,3545,4,1
1,NewOrder,1770881206.962550,16214,6,1
1,NewOrder,1770881206.964019,28630,2,1
3,OrderStatus,1770881206.964446,5845,10,1
1,NewOrder,1770881206.964757,20864,18,1
3,OrderStatus,1770881206.965771,5462,4,1
3,OrderStatus,1770881206.966754,6277,23,1
1,NewOrder,1770881206.968519,15898,19,1
2,Payment,1770881206.969473,5822,11,1
2,Payment,1770881206.970305,11129,10,1
1,NewOrder,1770881206.970889,16820,13,1
2,Payment,1770881206.971251,6493,4,1
2,Payment,1770881206.971544,9861,5,1
1,NewOrder,1770881206.972144,28182,9,1
1,NewOrder,1770881206.973047,29074,23,1
2,Payment,1770881206.974376,9136,3,1
5,StockLevel,1770881206.975322,14297,11,1
1,NewOrder,1770881206.977768,24842,4,1
2,Payment,1770881206.978779,7340,6,1
1,NewOrder,1770881206.979421,32569,8,1
1,NewOrder,1770881206.980891,17590,0,1
2,Payment,1770881206.981429,5654,5,1
1,NewOrder,1770881206.981458,21972,10,1
1,NewOrder,1770881206.982043,18262,22,1
2,Payment,1770881206.983537,5413,3,1
2,Payment,1770881206.983546,6226,20,1
2,Payment,1770881206.984433,7375,19,1
2,Payment,1770881206.985049,8405,21,1
1,NewOrder,1770881206.985113,22549,7,1
2,Payment,1770881206.985633,10004,18,1
1,NewOrder,1770881206.986142,17953,6,1
1,NewOrder,1770881206.986752,20544,1,1
2,Payment,1770881206.987082,5998,14,1
1,NewOrder,1770881206.987097,19307,5,1
1,NewOrder,1770881206.987168,31976,15,1
2,Payment,1770881206.987735,7429,13,1
1,NewOrder,1770881206.988481,33178,16,1
1,NewOrder,1770881206.988976,30926,3,1
1,NewOrder,1770881206.989633,35576,11,1
1,NewOrder,1770881206.989782,24630,20,1
1,NewOrder,1770881206.991823,24426,19,1
1,NewOrder,1770881206.992363,28407,17,1
1,NewOrder,1770881206.992674,26423,2,1
1,NewOrder,1770881206.993094,29083,14,1
2,Payment,1770881206.993480,6290,21,1
2,Payment,1770881206.995178,8288,13,1
1,NewOrder,1770881206.995663,17804,18,1
2,Payment,1770881206.996217,8683,12,1
1,NewOrder,1770881206.998506,28474,0,1
4,Delivery,1770881206.999783,36871,21,1
1,NewOrder,1770881207.000331,27921,22,1
2,Payment,1770881207.000345,6859,9,1
2,Payment,1770881207.002137,7285,23,1
3,OrderStatus,1770881207.002626,5068,4,1
2,Payment,1770881207.003443,8103,10,1
1,NewOrder,1770881207.003484,15038,13,1
4,Delivery,1770881207.004107,13663,6,1
5,StockLevel,1770881207.004917,13304,12,1
1,NewOrder,1770881207.006416,25912,5,1
5,StockLevel,1770881207.007220,12319,9,1
1,NewOrder,1770881207.007309,15192,1,1
2,Payment,1770881207.007675,6995,7,1
2,Payment,1770881207.007710,6988,4,1
2,Payment,1770881207.009433,7393,23,1
5,StockLevel,1770881207.011559,13229,10,1
1,NewOrder,1770881207.012004,15501,8,1
1,NewOrder,1770881207.013492,18326,18,1
1,NewOrder,1770881207.014438,26362,20,1
3,OrderStatus,1770881207.014684,3729,7,1
2,Payment,1770881207.014711,5813,4,1
2,Payment,1770881207.016272,5844,19,1
1,NewOrder,1770881207.016852,19763,23,1
2,Payment,1770881207.017782,6044,6,1
1,NewOrder,1770881207.018234,30396,12,1
1,NewOrder,1770881207.018423,16644,7,1
2,Payment,1770881207.018537,6124,13,1
2,Payment,1770881207.019122,7378,2,1
2,Payment,1770881207.019162,7244,15,1
2,Payment,1770881207.019555,6380,9,1
2,Payment,1770881207.019927,8554,3,1
1,NewOrder,1770881207.020536,14514,4,1
2,Payment,1770881207.020796,7050,17,1
3,OrderStatus,1770881207.021670,1866,16,1
2,Payment,1770881207.022126,5797,19,1
2,Payment,1770881207.022196,8073,14,1
1,NewOrder,1770881207.022517,12899,1,1
2,Payment,1770881207.023561,10044,16,1
4,Delivery,1770881207.023852,14717,6,1
4,Delivery,1770881207.024678,21588,13,1
2,Payment,1770881207.024804,12818,10,1
4,Delivery,1770881207.025220,14240,11,1
2,Payment,1770881207.025951,10240,9,1
1,NewOrder,1770881207.026421,25166,15,1
2,Payment,1770881207.026526,5778,2,1
1,NewOrder,1770881207.027005,24558,0,1
1,NewOrder,1770881207.027521,27100,8,1
3,OrderStatus,1770881207.027863,5329,17,1
1,NewOrder,1770881207.027941,20318,19,1
1,NewOrder,1770881207.028261,25259,22,1
2,Payment,1770881207.028507,6235,3,1
1,NewOrder,1770881207.030294,29262,14,1
1,NewOrder,1770881207.031841,20405,18,1
1,NewOrder,1770881207.032328,20632,2,1
1,NewOrder,1770881207.032342,25812,5,1
1,NewOrder,1770881207.033218,34295,17,1
2,Payment,1770881207.033631,6811,16,1
2,Payment,1770881207.034767,6074,3,1
2,Payment,1770881207.035073,10086,4,1
2,Payment,1770881207.035086,9628,7,1
1,NewOrder,1770881207.035439,19167,1,1
3,OrderStatus,1770881207.036203,4834,9,1
1,NewOrder,1770881207.036631,26807,23,1
2,Payment,1770881207.036680,7201,21,1
5,StockLevel,1770881207.037643,12266,10,1
1,NewOrder,1770881207.038581,32805,6,1
1,NewOrder,1770881207.039476,9494,11,1
2,Payment,1770881207.040455,7464,16,1
2,Payment,1770881207.040823,7814,20,1
5,StockLevel,1770881207.040867,16658,3,1
1,NewOrder,1770881207.041050,34730,9,1
2,Payment,1770881207.043895,7618,21,1
1,NewOrder,1770881207.044740,21260,7,1
2,Payment,1770881207.045185,5967,4,1
1,NewOrder,1770881207.046292,28276,13,1
1,NewOrder,1770881207.047935,34934,16,1
2,Payment,1770881207.048285,5947,19,1
1,NewOrder,1770881207.048647,21978,12,1
2,Payment,1770881207.048651,7269,20,1
1,NewOrder,1770881207.048984,25535,11,1
2,Payment,1770881207.049920,7097,10,1
1,NewOrder,1770881207.051177,27904,4,1
2,Payment,1770881207.051539,6244,21,1
4,Delivery,1770881207.051589,11335,0,1
2,Payment,1770881207.051612,6237,15,1
1,NewOrder,1770881207.052260,24168,18,1
1,NewOrder,1770881207.052987,29297,2,1
2,Payment,1770881207.053568,6836,22,1
2,Payment,1770881207.054247,7626,19,1
1,NewOrder,1770881207.054632,22312,1,1
1,NewOrder,1770881207.054636,29368,8,1
1,NewOrder,1770881207.055934,25755,20,1
2,Payment,1770881207.057032,6384,10,1
2,Payment,1770881207.057570,11834,3,1
2,Payment,1770881207.057798,8277,21,1
2,Payment,1770881207.057866,6550,15,1
1,NewOrder,1770881207.058171,24072,5,1
2,Payment,1770881207.059581,7549,14,1
1,NewOrder,1770881207.060422,24743,22,1
3,OrderStatus,1770881207.061891,3536,19,1
2,Payment,1770881207.062937,9014,0,1
1,NewOrder,1770881207.063439,27509,10,1
2,Payment,1770881207.063463,7085,23,1
1,NewOrder,1770881207.064433,30091,15,1
1,NewOrder,1770881207.065442,23623,19,1
2,Payment,1770881207.066012,7973,7,1
3,OrderStatus,1770881207.066089,6410,21,1
5,StockLevel,1770881207.067156,16131,14,1
1,NewOrder,1770881207.067537,20213,17,1
2,Payment,1770881207.069418,5974,3,1
2,Payment,1770881207.070565,8883,23,1
2,Payment,1770881207.070648,9316,12,1
1,NewOrder,1770881207.071412,21586,6,1
1,NewOrder,1770881207.071977,20716,0,1
2,Payment,1770881207.072525,8329,21,1
3,OrderStatus,1770881207.074000,5347,7,1
5,StockLevel,1770881207.074536,3275,11,1
1,NewOrder,1770881207.074593,14119,13,1
4,Delivery,1770881207.075419,32156,3,1
2,Payment,1770881207.075806,7363,9,1
5,StockLevel,1770881207.076446,13230,18,1
2,Payment,1770881207.076958,7724,1,1
1,NewOrder,1770881207.077822,24793,11,1
4,Delivery,1770881207.079107,28910,4,1
5,StockLevel,1770881207.079366,9817,7,1
2,Payment,1770881207.079474,6958,23,1
2,Payment,1770881207.079990,5364,12,1
2,Payment,1770881207.080879,4218,21,1
2,Payment,1770881207.081707,14234,20,1
2,Payment,1770881207.082267,6783,5,1
2,Payment,1770881207.082310,4993,2,1
1,NewOrder,1770881207.082886,27700,16,1
1,NewOrder,1770881207.083195,20591,9,1
4,Delivery,1770881207.083302,28070,14,1
3,OrderStatus,1770881207.084017,4461,8,1
1,NewOrder,1770881207.084696,17558,1,1
2,Payment,1770881207.085108,12160,21,1
2,Payment,1770881207.085185,6782,22,1
2,Payment,1770881207.085379,10094,12,1
2,Payment,1770881207.086447,6927,23,1
1,NewOrder,1770881207.087313,19707,2,1
2,Payment,1770881207.087768,10207,17,1
5,StockLevel,1770881207.088492,12921,8,1
2,Payment,1770881207.088725,13881,13,1
2,Payment,1770881207.089076,5137,5,1
1,NewOrder,1770881207.089081,29336,19,1
1,NewOrder,1770881207.089196,32712,7,1
2,Payment,1770881207.089689,9253,18,1
1,NewOrder,1770881207.090960,28718,10,1
1,NewOrder,1770881207.091983,25293,22,1
2,Payment,1770881207.092718,8690,0,1
2,Payment,1770881207.093010,8893,6,1
3,OrderStatus,1770881207.093390,1842,23,1
1,NewOrder,1770881207.094227,24835,5,1
2,Payment,1770881207.094549,13636,15,1
2,Payment,1770881207.095247,6975,23,1
2,Payment,1770881207.095491,5375,12,1
1,NewOrder,1770881207.095953,15825,20,1
1,NewOrder,1770881207.097284,28829,21,1
2,Payment,1770881207.097993,6499,17,1
2,Payment,1770881207.098959,6315,18,1
1,NewOrder,1770881207.100882,35210,12,1
1,NewOrder,1770881207.101423,20030,0,1
1,NewOrder,1770881207.101428,21179,8,1
3,OrderStatus,1770881207.101918,4921,6,1
1,NewOrder,1770881207.102236,25838,23,1
2,Payment,1770881207.102268,7355,1,1
5,StockLevel,1770881207.102632,13070,11,1
2,Payment,1770881207.102633,3209,13,1
3,OrderStatus,1770881207.103797,5797,9,1
2,Payment,1770881207.104507,5449,17,1
2,Payment,1770881207.105293,8066,18,1
2,Payment,1770881207.105854,5843,13,1
1,NewOrder,1770881207.106854,34449,6,1
2,Payment,1770881207.107046,8682,2,1
2,Payment,1770881207.107588,10334,3,1
3,OrderStatus,1770881207.108031,1475,4,1
1,NewOrder,1770881207.108210,19552,15,1
1,NewOrder,1770881207.109522,5212,4,1
1,NewOrder,1770881207.109607,24241,9,1
2,Payment,1770881207.109639,12240,1,1
2,Payment,1770881207.109967,7000,17,1
4,Delivery,1770881207.110595,2974,16,1
1,NewOrder,1770881207.111385,28679,14,1
2,Payment,1770881207.111709,8258,13,1
5,StockLevel,1770881207.111794,14360,20,1
1,NewOrder,1770881207.113383,29373,18,1
1,NewOrder,1770881207.113584,33498,16,1
2,Payment,1770881207.114746,4852,4,1
2,Payment,1770881207.115717,7434,11,1
1,NewOrder,1770881207.115742,32029,2,1
4,Delivery,1770881207.116992,60007,17,1
2,Payment,1770881207.117295,6986,22,1
3,OrderStatus,1770881207.117937,7930,3,1
2,Payment,1770881207.118431,7730,19,1
1,NewOrder,1770881207.119074,18069,5,1
1,NewOrder,1770881207.119612,30402,4,1
1,NewOrder,1770881207.119685,15735,10,1
2,Payment,1770881207.119983,5535,13,1
1,NewOrder,1770881207.121468,29140,0,1
2,Payment,1770881207.121905,1647,1,1
2,Payment,1770881207.121927,6645,7,1
2,Payment,1770881207.122621,9504,8,1
1,NewOrder,1770881207.123160,20275,11,1
1,NewOrder,1770881207.123567,18442,1,1
1,NewOrder,1770881207.124296,20747,22,1
2,Payment,1770881207.125532,8931,13,1
2,Payment,1770881207.125893,6982,3,1
1,NewOrder,1770881207.126131,18966,21,1
1,NewOrder,1770881207.126164,18343,20,1
2,Payment,1770881207.126175,5646,19,1
2,Payment,1770881207.127774,9415,15,1
1,NewOrder,1770881207.128095,29639,23,1
1,NewOrder,1770881207.128588,19149,7,1
2,Payment,1770881207.131836,6632,19,1
1,NewOrder,1770881207.132140,23261,8,1
1,NewOrder,1770881207.132888,15643,3,1
2,Payment,1770881207.133866,8004,9,1
3,OrderStatus,1770881207.134479,8580,13,1
2,Payment,1770881207.135435,8395,10,1
1,NewOrder,1770881207.136106,21298,12,1
4,Delivery,1770881207.137158,53266,5,1
5,StockLevel,1770881207.137206,12120,15,1
2,Payment,1770881207.138480,7599,19,1
2,Payment,1770881207.140077,5488,14,1
2,Payment,1770881207.141329,7793,6,1
1,NewOrder,1770881207.141895,33703,9,1
4,Delivery,1770881207.142035,48842,1,1
1,NewOrder,1770881207.142783,19702,18,1
1,NewOrder,1770881207.143085,23038,13,1
2,Payment,1770881207.143460,14247,11,1
2,Payment,1770881207.143845,6595,10,1
2,Payment,1770881207.144520,6003,20,1
1,NewOrder,1770881207.145070,27127,22,1
2,Payment,1770881207.145113,6893,21,1
1,NewOrder,1770881207.145580,31884,14,1
1,NewOrder,1770881207.146090,26128,19,1
2,Payment,1770881207.147095,6656,16,1
1,NewOrder,1770881207.147750,18535,7,1
1,NewOrder,1770881207.147795,19076,2,1
1,NewOrder,1770881207.148543,19081,3,1
2,Payment,1770881207.149148,6988,6,1
1,NewOrder,1770881207.149339,19880,15,1
2,Payment,1770881207.150039,6208,4,1
1,NewOrder,1770881207.150456,14483,10,1
2,Payment,1770881207.150529,7356,20,1
2,Payment,1770881207.150621,7619,0,1
1,NewOrder,1770881207.152032,16256,21,1
1,NewOrder,1770881207.153775,30371,16,1
1,NewOrder,1770881207.155420,24606,8,1
3,OrderStatus,1770881207.156160,6351,6,1
2,Payment,1770881207.156257,10590,4,1
2,Payment,1770881207.157428,6897,12,1
1,NewOrder,1770881207.157733,13614,11,1
2,Payment,1770881207.157759,7230,23,1
2,Payment,1770881207.157910,8545,20,1
2,Payment,1770881207.158255,6735,0,1
5,StockLevel,1770881207.162510,12327,18,1
1,NewOrder,1770881207.162529,17070,6,1
3,OrderStatus,1770881207.164351,8527,12,1
4,Delivery,1770881207.164965,43063,10,1
1,NewOrder,1770881207.165020,20502,23,1
1,NewOrder,1770881207.165022,32674,0,1
1,NewOrder,1770881207.166146,15278,13,1
2,Payment,1770881207.166302,6013,7,1
1,NewOrder,1770881207.166478,28806,20,1
2,Payment,1770881207.166863,2010,4,1
1,NewOrder,1770881207.166887,19617,2,1
3,OrderStatus,1770881207.167651,6011,3,1
2,Payment,1770881207.168312,7752,21,1
1,NewOrder,1770881207.168886,19798,4,1
1,NewOrder,1770881207.169245,13998,15,1
2,Payment,1770881207.171371,6864,11,1
3,OrderStatus,1770881207.172222,3575,22,1
1,NewOrder,1770881207.172234,26619,19,1
1,NewOrder,1770881207.172340,23740,7,1
1,NewOrder,1770881207.172904,31298,12,1
1,NewOrder,1770881207.173679,31000,3,1
1,NewOrder,1770881207.174854,15457,18,1
2,Payment,1770881207.175617,7003,9,1
1,NewOrder,1770881207.175814,18265,22,1
1,NewOrder,1770881207.176082,23328,21,1
1,NewOrder,1770881207.177023,20186,17,1
2,Payment,1770881207.177477,6196,14,1
1,NewOrder,1770881207.178261,18879,11,1
4,Delivery,1770881207.179612,28846,6,1
2,Payment,1770881207.180037,5943,8,1
2,Payment,1770881207.181449,6283,13,1
2,Payment,1770881207.182633,6432,9,1
2,Payment,1770881207.183260,6199,15,1
2,Payment,1770881207.183686,7371,14,1
1,NewOrder,1770881207.184164,42403,16,1
1,NewOrder,1770881207.185568,23934,23,1
3,OrderStatus,1770881207.186006,5127,8,1
1,NewOrder,1770881207.186521,26885,2,1
2,Payment,1770881207.187746,6780,13,1
2,Payment,1770881207.188698,6556,4,1
3,OrderStatus,1770881207.189079,3369,9,1
1,NewOrder,1770881207.189474,36448,15,1
2,Payment,1770881207.190324,6381,18,1
2,Payment,1770881207.190438,7044,5,1
1,NewOrder,1770881207.190894,10488,1,1
2,Payment,1770881207.191083,5580,14,1
1,NewOrder,1770881207.191159,26992,8,1
1,NewOrder,1770881207.192461,30638,9,1
1,NewOrder,1770881207.194104,25036,22,1
2,Payment,1770881207.194552,10207,13,1
1,NewOrder,1770881207.195266,29218,4,1
1,NewOrder,1770881207.195310,44299,20,1
1,NewOrder,1770881207.196103,25261,7,1
3,OrderStatus,1770881207.196688,12381,14,1
1,NewOrder,1770881207.196731,38226,18,1
2,Payment,1770881207.197164,7533,11,1
1,NewOrder,1770881207.197234,40090,17,1
1,NewOrder,1770881207.197508,20281,5,1
2,Payment,1770881207.197711,13358,0,1
2,Payment,1770881207.198869,7189,19,1
3,OrderStatus,1770881207.199425,10112,21,1
1,NewOrder,1770881207.201399,3618,1,1
1,NewOrder,1770881207.204228,28968,12,1
2,Payment,1770881207.204693,13531,3,1
2,Payment,1770881207.204713,6930,11,1
1,NewOrder,1770881207.204775,31373,13,1
1,NewOrder,1770881207.205033,3328,1,1
1,NewOrder,1770881207.206070,18375,19,1
1,NewOrder,1770881207.208044,16627,10,1
2,Payment,1770881207.208387,3910,1,1
2,Payment,1770881207.208480,5608,6,1
2,Payment,1770881207.209089,11821,14,1
2,Payment,1770881207.209528,7821,23,1
2,Payment,1770881207.209569,11806,21,1
1,NewOrder,1770881207.211095,36393,0,1
2,Payment,1770881207.211659,6895,11,1
1,NewOrder,1770881207.212323,4935,1,1
5,StockLevel,1770881207.213418,14637,2,1
2,Payment,1770881207.214113,2783,6,1
1,NewOrder,1770881207.216912,15327,6,1
2,Payment,1770881207.217275,2402,1,1
1,NewOrder,1770881207.217375,24218,23,1
2,Payment,1770881207.217814,5787,5,1
1,NewOrder,1770881207.218165,34689,8,1
2,Payment,1770881207.218237,8902,3,1
1,NewOrder,1770881207.218571,23577,11,1
1,NewOrder,1770881207.219173,21783,22,1
2,Payment,1770881207.219703,4942,1,1
4,Delivery,1770881207.220923,32587,14,1
1,NewOrder,1770881207.221390,18191,7,1
4,Delivery,1770881207.221401,38917,21,1
2,Payment,1770881207.223124,7548,9,1
1,NewOrder,1770881207.223626,36679,5,1
1,NewOrder,1770881207.224457,24230,19,1
1,NewOrder,1770881207.224510,35351,4,1
1,NewOrder,1770881207.224671,3932,1,1
2,Payment,1770881207.224686,11360,10,1
1,NewOrder,1770881207.225947,34469,15,1
1,NewOrder,1770881207.226582,25962,16,1
2,Payment,1770881207.227162,5435,3,1
1,NewOrder,1770881207.228069,14246,2,1
1,NewOrder,1770881207.228628,3943,1,1
2,Payment,1770881207.230685,7520,9,1
2,Payment,1770881207.232263,11821,6,1
2,Payment,1770881207.232584,1609,1,1
1,NewOrder,1770881207.232615,30219,3,1
2,Payment,1770881207.233222,6811,12,1
2,Payment,1770881207.234206,2252,1,1
1,NewOrder,1770881207.234973,32125,18,1
1,NewOrder,1770881207.236070,33326,10,1
2,Payment,1770881207.236164,11710,13,1
2,Payment,1770881207.236471,1670,1,1
3,OrderStatus,1770881207.237348,828,17,1
2,Payment,1770881207.238153,1374,1,1
1,NewOrder,1770881207.238192,12167,17,1
1,NewOrder,1770881207.238231,23144,9,1
1,NewOrder,1770881207.239542,4899,1,1
2,Payment,1770881207.239607,8269,7,1
2,Payment,1770881207.239624,8296,20,1
1,NewOrder,1770881207.240058,26730,12,1
1,NewOrder,1770881207.240975,23834,22,1
1,NewOrder,1770881207.241619,31650,23,1
1,NewOrder,1770881207.242160,29620,11,1
2,Payment,1770881207.242330,9538,2,1
1,NewOrder,1770881207.244108,18134,6,1
1,NewOrder,1770881207.244454,34081,1,1
2,Payment,1770881207.247504,7727,0,1
1,NewOrder,1770881207.247885,19389,13,1
2,Payment,1770881207.247893,8195,7,1
2,Payment,1770881207.247945,7690,20,1
2,Payment,1770881207.248703,8757,19,1
2,Payment,1770881207.250372,7640,17,1
1,NewOrder,1770881207.251892,20407,2,1
3,OrderStatus,1770881207.252559,4344,16,1
2,Payment,1770881207.252878,12637,8,1
2,Payment,1770881207.253534,6791,14,1
1,NewOrder,1770881207.255244,30471,0,1
1,NewOrder,1770881207.255661,33462,20,1
2,Payment,1770881207.256106,11358,7,1
2,Payment,1770881207.256915,7018,16,1
1,NewOrder,1770881207.257476,22370,19,1
1,NewOrder,1770881207.258026,26869,17,1
1,NewOrder,1770881207.259873,26550,4,1
1,NewOrder,1770881207.260331,15220,5,1
1,NewOrder,1770881207.260341,23900,14,1
1,NewOrder,1770881207.260345,23555,21,1
1,NewOrder,1770881207.260442,18768,15,1
2,Payment,1770881207.261387,7474,9,1
1,NewOrder,1770881207.262262,18103,6,1
1,NewOrder,1770881207.262856,29952,3,1
1,NewOrder,1770881207.263958,27811,16,1
1,NewOrder,1770881207.264822,24884,22,1
1,NewOrder,1770881207.265569,18022,8,1
2,Payment,1770881207.266800,5524,12,1
1,NewOrder,1770881207.267115,27575,18,1
2,Payment,1770881207.267299,7538,13,1
1,NewOrder,1770881207.267483,29534,7,1
2,Payment,1770881207.268878,5310,9,1
1,NewOrder,1770881207.269409,29228,10,1
1,NewOrder,1770881207.271806,20698,11,1
1,NewOrder,1770881207.272311,23272,2,1
2,Payment,1770881207.272338,6905,12,1
2,Payment,1770881207.273279,6462,23,1
1,NewOrder,1770881207.274204,22925,9,1
1,NewOrder,1770881207.274862,23742,13,1
2,Payment,1770881207.275576,8337,5,1
2,Payment,1770881207.278562,6796,1,1
1,NewOrder,1770881207.279233,30952,15,1
1,NewOrder,1770881207.279261,18200,12,1
5,StockLevel,1770881207.279754,12448,23,1
1,NewOrder,1770881207.279871,26658,19,1
2,Payment,1770881207.280384,7004,6,1
2,Payment,1770881207.283615,7299,8,1
2,Payment,1770881207.283927,6651,21,1
1,NewOrder,1770881207.283940,13053,5,1
2,Payment,1770881207.284257,6690,14,1
1,NewOrder,1770881207.284921,16939,17,1
1,NewOrder,1770881207.285384,33273,1,1
1,NewOrder,1770881207.285734,25120,0,1
1,NewOrder,1770881207.286437,34171,4,1
1,NewOrder,1770881207.287403,27974,6,1
1,NewOrder,1770881207.289137,26535,20,1
2,Payment,1770881207.289732,6269,22,1
2,Payment,1770881207.290603,7202,21,1
2,Payment,1770881207.290927,5169,8,1
2,Payment,1770881207.290973,4997,14,1
2,Payment,1770881207.291783,6044,16,1
1,NewOrder,1770881207.292229,23639,23,1
2,Payment,1770881207.292531,6483,11,1
2,Payment,1770881207.292833,6064,3,1
1,NewOrder,1770881207.294718,18951,18,1
1,NewOrder,1770881207.295597,29037,2,1
1,NewOrder,1770881207.295988,21464,14,1
3,OrderStatus,1770881207.296014,4347,22,1
2,Payment,1770881207.296121,5400,8,1
2,Payment,1770881207.297009,7023,5,1
1,NewOrder,1770881207.297048,28644,7,1
1,NewOrder,1770881207.297155,29225,9,1
1,NewOrder,1770881207.297477,25306,12,1
1,NewOrder,1770881207.297830,28311,21,1
1,NewOrder,1770881207.297840,22125,16,1
2,Payment,1770881207.298630,7014,13,1
1,NewOrder,1770881207.298650,20036,10,1
1,NewOrder,1770881207.298912,30675,3,1
2,Payment,1770881207.299039,7021,11,1
2,Payment,1770881207.300376,5701,22,1
1,NewOrder,1770881207.301568,25896,8,1
1,NewOrder,1770881207.301886,16308,17,1
1,NewOrder,1770881207.304045,19370,5,1
1,NewOrder,1770881207.305664,16423,13,1
2,Payment,1770881207.306086,7005,11,1
3,OrderStatus,1770881207.306101,4933,22,1
1,NewOrder,1770881207.306555,19545,19,1
2,Payment,1770881207.310210,8006,15,1
2,Payment,1770881207.310871,7369,0,1
1,NewOrder,1770881207.311050,16393,22,1
4,Delivery,1770881207.313109,53510,11,1
1,NewOrder,1770881207.313694,20042,18,1
3,OrderStatus,1770881207.315394,5160,6,1
1,NewOrder,1770881207.315698,20529,20,1
1,NewOrder,1770881207.315893,21052,23,1
1,NewOrder,1770881207.317466,26988,14,1
1,NewOrder,1770881207.318208,17421,17,1
1,NewOrder,1770881207.318229,22744,15,1
2,Payment,1770881207.318260,5962,0,1
1,NewOrder,1770881207.318682,26157,1,1
2,Payment,1770881207.318712,6488,10,1
1,NewOrder,1770881207.319979,31492,16,1
2,Payment,1770881207.320576,6276,6,1
1,NewOrder,1770881207.320621,28960,4,1
1,NewOrder,1770881207.322112,17453,13,1
1,NewOrder,1770881207.322796,19820,12,1
1,NewOrder,1770881207.323476,22726,5,1
1,NewOrder,1770881207.324286,23528,0,1
2,Payment,1770881207.324647,5953,2,1
2,Payment,1770881207.325253,6022,10,1
2,Payment,1770881207.325723,6992,7,1
2,Payment,1770881207.326123,5812,19,1
1,NewOrder,1770881207.326158,22331,21,1
1,NewOrder,1770881207.326406,18576,9,1
5,StockLevel,1770881207.326866,14781,6,1
2,Payment,1770881207.327464,6631,22,1
1,NewOrder,1770881207.327481,26472,8,1
4,Delivery,1770881207.329604,28866,3,1
1,NewOrder,1770881207.330618,25148,2,1
2,Payment,1770881207.331302,7621,10,1
2,Payment,1770881207.331959,7452,19,1
1,NewOrder,1770881207.332741,32377,7,1
1,NewOrder,1770881207.333762,21621,18,1
2,Payment,1770881207.334117,7484,22,1
1,NewOrder,1770881207.335645,28705,17,1
2,Payment,1770881207.336254,10337,20,1
2,Payment,1770881207.336959,7036,23,1
4,Delivery,1770881207.338949,28140,10,1
1,NewOrder,1770881207.339429,15374,19,1
2,Payment,1770881207.339583,4970,13,1
2,Payment,1770881207.340988,6484,15,1
1,NewOrder,1770881207.341617,15228,22,1
2,Payment,1770881207.341672,6469,6,1
2,Payment,1770881207.342635,6559,12,1
2,Payment,1770881207.344021,5510,23,1
4,Delivery,1770881207.344486,25232,14,1
2,Payment,1770881207.344587,6382,13,1
2,Payment,1770881207.344853,6537,1,1
2,Payment,1770881207.345001,7061,9,1
2,Payment,1770881207.346227,6648,5,1
2,Payment,1770881207.346606,4821,20,1
2,Payment,1770881207.347495,14446,15,1
2,Payment,1770881207.347828,9610,0,1
1,NewOrder,1770881207.348159,25928,6,1
4,Delivery,1770881207.348505,29228,21,1
2,Payment,1770881207.349214,5180,12,1
2,Payment,1770881207.349557,6572,23,1
2,Payment,1770881207.349592,6496,4,1
4,Delivery,1770881207.350984,19063,13,1
2,Payment,1770881207.351404,7516,1,1
4,Delivery,1770881207.351441,26722,20,1
3,OrderStatus,1770881207.351486,2684,16,1
2,Payment,1770881207.352072,4598,9,1
1,NewOrder,1770881207.352888,31846,5,1
2,Payment,1770881207.353969,5978,8,1
2,Payment,1770881207.354184,9508,16,1
2,Payment,1770881207.354406,6116,12,1
2,Payment,1770881207.354813,6375,19,1
2,Payment,1770881207.355406,8713,18,1
2,Payment,1770881207.355778,7565,2,1
1,NewOrder,1770881207.356098,24164,4,1
1,NewOrder,1770881207.356141,31387,23,1
1,NewOrder,1770881207.356682,26479,9,1
3,OrderStatus,1770881207.356870,3777,22,1
3,OrderStatus,1770881207.357462,991,0,1
1,NewOrder,1770881207.358465,36366,0,1
5,StockLevel,1770881207.358480,13452,3,1
1,NewOrder,1770881207.358937,24960,1,1
2,Payment,1770881207.359959,9802,8,1
5,StockLevel,1770881207.360533,18803,12,1
2,Payment,1770881207.360660,7392,22,1
3,OrderStatus,1770881207.361201,4514,19,1
2,Payment,1770881207.361965,3461,15,1
1,NewOrder,1770881207.363355,21699,2,1
1,NewOrder,1770881207.363716,16042,16,1
2,Payment,1770881207.364132,5560,18,1
2,Payment,1770881207.364364,4835,17,1
1,NewOrder,1770881207.365133,23331,7,1
2,Payment,1770881207.365436,5177,15,1
1,NewOrder,1770881207.365727,26873,19,1
1,NewOrder,1770881207.366634,31602,11,1
1,NewOrder,1770881207.367102,3877,10,1
3,OrderStatus,1770881207.368076,5766,22,1
1,NewOrder,1770881207.369222,37907,17,1
1,NewOrder,1770881207.369705,28453,18,1
2,Payment,1770881207.369731,6254,14,1
1,NewOrder,1770881207.369776,19618,8,1
2,Payment,1770881207.370060,7154,13,1
2,Payment,1770881207.370626,8450,15,1
3,OrderStatus,1770881207.371003,768,10,1
2,Payment,1770881207.371785,1687,10,1
1,NewOrder,1770881207.371944,25453,3,1
2,Payment,1770881207.373483,3285,10,1
1,NewOrder,1770881207.373857,29040,22,1
2,Payment,1770881207.374102,11048,6,1
1,NewOrder,1770881207.376009,39134,14,1
1,NewOrder,1770881207.376781,31739,10,1
1,NewOrder,1770881207.377228,14160,13,1
1,NewOrder,1770881207.377744,23959,21,1
2,Payment,1770881207.378182,1738,20,1
2,Payment,1770881207.379100,2578,15,1
1,NewOrder,1770881207.379351,20599,12,1
2,Payment,1770881207.379771,11053,16,1
3,OrderStatus,1770881207.379943,1420,20,1
2,Payment,1770881207.380272,7847,4,1
2,Payment,1770881207.381378,2503,20,1
2,Payment,1770881207.381694,11171,15,1
2,Payment,1770881207.383174,9738,9,1
2,Payment,1770881207.383890,1535,20,1
1,NewOrder,1770881207.383919,19557,1,1
2,Payment,1770881207.384758,7902,5,1
5,StockLevel,1770881207.385078,13092,2,1
4,Delivery,1770881207.385175,14330,6,1
5,StockLevel,1770881207.385438,8810,20,1
3,OrderStatus,1770881207.387552,3549,23,1
2,Payment,1770881207.388135,7414,4,1
3,OrderStatus,1770881207.388489,2690,7,1
2,Payment,1770881207.389408,6605,8,1
1,NewOrder,1770881207.390837,25484,16,1
5,StockLevel,1770881207.391126,10944,23,1
2,Payment,1770881207.391189,7806,7,1
1,NewOrder,1770881207.391400,19298,13,1
1,NewOrder,1770881207.392623,27041,19,1
2,Payment,1770881207.392682,6215,5,1
2,Payment,1770881207.392888,3169,15,1
1,NewOrder,1770881207.392925,19716,9,1
2,Payment,1770881207.394262,7061,20,1
2,Payment,1770881207.394855,7973,0,1
2,Payment,1770881207.395573,4808,4,1
2,Payment,1770881207.396028,5811,8,1
2,Payment,1770881207.396068,5222,15,1
1,NewOrder,1770881207.397421,20282,3,1
3,OrderStatus,1770881207.398170,4899,18,1
1,NewOrder,1770881207.398195,27397,2,1
2,Payment,1770881207.398261,5542,11,1
1,NewOrder,1770881207.398908,27930,5,1
2,Payment,1770881207.399018,7576,7,1
1,NewOrder,1770881207.399525,21750,6,1
1,NewOrder,1770881207.399962,26553,12,1
2,Payment,1770881207.400397,8659,4,1
2,Payment,1770881207.401306,6848,15,1
1,NewOrder,1770881207.401347,38819,20,1
1,NewOrder,1770881207.401717,35481,21,1
2,Payment,1770881207.401852,7117,8,1
4,Delivery,1770881207.402083,73745,23,1
1,NewOrder,1770881207.402852,37051,0,1
2,Payment,1770881207.402912,8410,22,1
2,Payment,1770881207.403081,9915,18,1
1,NewOrder,1770881207.403487,27465,1,1
1,NewOrder,1770881207.403817,21803,11,1
2,Payment,1770881207.406610,6458,7,1
1,NewOrder,1770881207.407139,33047,17,1
1,NewOrder,1770881207.408178,37192,15,1
2,Payment,1770881207.408544,7238,10,1
1,NewOrder,1770881207.408980,26539,8,1
2,Payment,1770881207.409069,6670,4,1
2,Payment,1770881207.410714,8330,13,1
3,OrderStatus,1770881207.411330,2898,22,1
2,Payment,1770881207.412665,7025,9,1
2,Payment,1770881207.413007,3684,18,1
2,Payment,1770881207.413092,16521,7,1
1,NewOrder,1770881207.414252,20481,22,1
2,Payment,1770881207.415155,6152,14,1
2,Payment,1770881207.415755,5145,4,1
1,NewOrder,1770881207.415806,53165,10,1
2,Payment,1770881207.416336,19388,16,1
1,NewOrder,1770881207.416702,30073,18,1
4,Delivery,1770881207.417718,31246,3,1
1,NewOrder,1770881207.419063,26405,13,1
2,Payment,1770881207.419681,11443,19,1
2,Payment,1770881207.419702,17523,9,1
5,StockLevel,1770881207.420915,5174,4,1
5,StockLevel,1770881207.421288,20376,6,1
2,Payment,1770881207.421321,15545,14,1
3,OrderStatus,1770881207.425601,3012,2,1
1,NewOrder,1770881207.425638,50997,11,1
2,Payment,1770881207.426106,2018,4,1
1,NewOrder,1770881207.426536,4771,12,1
1,NewOrder,1770881207.426861,3668,5,1
1,NewOrder,1770881207.428145,8065,4,1
1,NewOrder,1770881207.428626,42741,2,1
1,NewOrder,1770881207.429633,42126,7,1
2,Payment,1770881207.430544,1111,5,1
1,NewOrder,1770881207.430967,40769,1,1
2,Payment,1770881207.431148,4024,19,1
2,Payment,1770881207.431328,32061,12,1
1,NewOrder,1770881207.431668,15281,5,1
2,Payment,1770881207.434745,33887,22,1
2,Payment,1770881207.435188,35793,19,1
2,Payment,1770881207.435535,29838,8,1
2,Payment,1770881207.435746,3261,16,1
1,NewOrder,1770881207.436221,37313,4,1
1,NewOrder,1770881207.436878,11266,14,1
1,NewOrder,1770881207.437211,6760,21,1
1,NewOrder,1770881207.437238,6760,9,1
1,NewOrder,1770881207.439018,5794,16,1
1,NewOrder,1770881207.439914,15273,0,1
5,StockLevel,1770881207.440198,5328,17,1
2,Payment,1770881207.441677,4096,6,1
1,NewOrder,1770881207.444011,11499,9,1
2,Payment,1770881207.444828,3940,16,1
2,Payment,1770881207.445380,4329,15,1
5,StockLevel,1770881207.445493,1658,13,1
2,Payment,1770881207.445567,5507,17,1
1,NewOrder,1770881207.445784,15311,6,1
1,NewOrder,1770881207.446800,32299,18,1
1,NewOrder,1770881207.446959,24434,5,1
1,NewOrder,1770881207.447175,4206,13,1
1,NewOrder,1770881207.448156,10329,14,1
1,NewOrder,1770881207.448792,8546,16,1
1,NewOrder,1770881207.448979,9123,3,1
1,NewOrder,1770881207.449733,4515,15,1
1,NewOrder,1770881207.451086,9846,17,1
2,Payment,1770881207.451397,1550,13,1
1,NewOrder,1770881207.452960,31408,13,1
2,Payment,1770881207.454258,1800,15,1
2,Payment,1770881207.455200,3370,0,1
1,NewOrder,1770881207.455534,5394,9,1
1,NewOrder,1770881207.456070,6523,15,1
4,Delivery,1770881207.457353,9641,16,1
1,NewOrder,1770881207.458113,33108,3,1
2,Payment,1770881207.458499,1724,14,1
1,NewOrder,1770881207.458583,25837,0,1
2,Payment,1770881207.460235,1931,14,1
2,Payment,1770881207.460940,3576,9,1
2,Payment,1770881207.460957,23440,17,1
2,Payment,1770881207.462610,3714,15,1
1,NewOrder,1770881207.463405,3883,12,1
2,Payment,1770881207.464530,3654,9,1
2,Payment,1770881207.465398,4582,8,1
1,NewOrder,1770881207.467016,15290,16,1
2,Payment,1770881207.467311,2445,12,1
2,Payment,1770881207.468651,4449,22,1
2,Payment,1770881207.468983,5404,10,1
2,Payment,1770881207.470992,6317,19,1
1,NewOrder,1770881207.471381,2796,2,1
1,NewOrder,1770881207.471406,3445,5,1
1,NewOrder,1770881207.471750,5593,1,1
2,Payment,1770881207.471769,4418,7,1
1,NewOrder,1770881207.473112,14558,22,1
2,Payment,1770881207.474190,2828,2,1
3,OrderStatus,1770881207.474399,1637,10,1
1,NewOrder,1770881207.474860,12833,5,1
1,NewOrder,1770881207.476199,7786,7,1
2,Payment,1770881207.476647,7955,11,1
2,Payment,1770881207.477031,7462,2,1
2,Payment,1770881207.477325,7196,19,1
2,Payment,1770881207.479112,8197,18,1
2,Payment,1770881207.483997,2103,7,1
2,Payment,1770881207.484378,2630,13,1
5,StockLevel,1770881207.484412,2016,17,1
2,Payment,1770881207.484432,5620,0,1
3,OrderStatus,1770881207.484533,2682,19,1
1,NewOrder,1770881207.487024,5621,13,1
2,Payment,1770881207.487227,5029,19,1
2,Payment,1770881207.487322,2040,18,1
2,Payment,1770881207.487700,4234,5,1
