Transaction Type Index,Transaction Name,Start Time (microseconds),Latency (microseconds),Worker Id (start number),Phase Id (index in config file)
2,Payment,1770883087.937544,113110,5,1
2,Payment,1770883087.937546,69126,13,1
1,NewOrder,1770883087.937547,93849,17,1
1,NewOrder,1770883087.937547,92831,18,1
2,Payment,1770883087.937551,95811,19,1
4,Delivery,1770883087.937573,101086,9,1
2,Payment,1770883087.937577,105995,23,1
2,Payment,1770883087.937612,113097,16,1
2,Payment,1770883087.937627,138986,1,1
2,Payment,1770883087.937655,90878,3,1
1,NewOrder,1770883087.937658,112989,12,1
2,Payment,1770883087.937661,89524,15,1
1,NewOrder,1770883087.937678,101556,14,1
2,Payment,1770883087.937692,76011,22,1
5,StockLevel,1770883087.937695,73216,10,1
2,Payment,1770883087.937714,60902,6,1
2,Payment,1770883087.937736,54981,21,1
1,NewOrder,1770883087.937750,100741,0,1
2,Payment,1770883087.937752,73200,11,1
1,NewOrder,1770883087.937788,115273,4,1
2,Payment,1770883087.937797,94301,8,1
1,NewOrder,1770883087.937818,102323,7,1
1,NewOrder,1770883087.937824,94111,20,1
2,Payment,1770883087.937825,67852,2,1
2,Payment,1770883087.992954,63268,21,1
1,NewOrder,1770883087.998697,84311,6,1
2,Payment,1770883088.005739,101898,2,1
1,NewOrder,1770883088.006810,67763,13,1
2,Payment,1770883088.010950,46843,10,1
1,NewOrder,1770883088.011024,39009,11,1
1,NewOrder,1770883088.013772,73245,22,1
2,Payment,1770883088.027235,32040,15,1
2,Payment,1770883088.028563,61729,3,1
1,NewOrder,1770883088.030438,32105,18,1
1,NewOrder,1770883088.031472,31527,17,1
2,Payment,1770883088.031963,35512,20,1
1,NewOrder,1770883088.032142,53940,8,1
2,Payment,1770883088.033424,45075,19,1
1,NewOrder,1770883088.038555,16301,0,1
2,Payment,1770883088.038683,39866,9,1
1,NewOrder,1770883088.039280,37576,14,1
2,Payment,1770883088.040208,51867,7,1
4,Delivery,1770883088.043595,84135,23,1
2,Payment,1770883088.050077,54330,11,1
1,NewOrder,1770883088.050674,24569,12,1
3,OrderStatus,1770883088.050689,16805,5,1
1,NewOrder,1770883088.050768,62483,16,1
1,NewOrder,1770883088.053139,35362,4,1
1,NewOrder,1770883088.054896,17012,0,1
4,Delivery,1770883088.056259,72297,21,1
2,Payment,1770883088.057815,118425,10,1
2,Payment,1770883088.059299,20987,15,1
1,NewOrder,1770883088.062584,24411,18,1
3,OrderStatus,1770883088.063038,18688,17,1
3,OrderStatus,1770883088.067517,7757,20,1
1,NewOrder,1770883088.067538,40215,5,1
3,OrderStatus,1770883088.071930,5824,0,1
1,NewOrder,1770883088.074644,27591,13,1
2,Payment,1770883088.075291,23509,12,1
1,NewOrder,1770883088.075299,25984,20,1
1,NewOrder,1770883088.076705,59813,1,1
4,Delivery,1770883088.076889,61413,14,1
2,Payment,1770883088.077807,22676,0,1
2,Payment,1770883088.078533,8056,19,1
2,Payment,1770883088.078587,51697,9,1
1,NewOrder,1770883088.080319,57053,15,1
2,Payment,1770883088.081786,25291,17,1
1,NewOrder,1770883088.083045,23061,6,1
2,Payment,1770883088.086107,26046,8,1
1,NewOrder,1770883088.086608,57555,19,1
2,Payment,1770883088.087038,18066,18,1
2,Payment,1770883088.087059,24580,22,1
2,Payment,1770883088.088540,34073,4,1
2,Payment,1770883088.090330,53175,3,1
2,Payment,1770883088.092113,61404,7,1
2,Payment,1770883088.098847,14470,12,1
1,NewOrder,1770883088.100529,36119,0,1
2,Payment,1770883088.101327,16602,20,1
2,Payment,1770883088.102295,18944,13,1
2,Payment,1770883088.104459,34518,11,1
2,Payment,1770883088.105148,22065,18,1
1,NewOrder,1770883088.106150,36299,6,1
1,NewOrder,1770883088.107116,38141,17,1
1,NewOrder,1770883088.107671,58119,2,1
1,NewOrder,1770883088.107791,25208,5,1
1,NewOrder,1770883088.111707,41750,22,1
2,Payment,1770883088.112201,35103,8,1
1,NewOrder,1770883088.113294,24830,16,1
1,NewOrder,1770883088.113358,34411,12,1
2,Payment,1770883088.117980,16198,20,1
2,Payment,1770883088.121291,14651,13,1
1,NewOrder,1770883088.122651,36917,4,1
2,Payment,1770883088.127255,14755,18,1
1,NewOrder,1770883088.127761,61193,23,1
1,NewOrder,1770883088.128601,53535,21,1
2,Payment,1770883088.130323,29934,9,1
2,Payment,1770883088.133058,18689,5,1
1,NewOrder,1770883088.134228,29108,20,1
2,Payment,1770883088.135985,9987,13,1
1,NewOrder,1770883088.136564,30016,1,1
1,NewOrder,1770883088.136686,35781,0,1
2,Payment,1770883088.137395,15606,15,1
3,OrderStatus,1770883088.138151,9260,16,1
1,NewOrder,1770883088.138355,26396,14,1
2,Payment,1770883088.139018,53349,11,1
1,NewOrder,1770883088.142060,37137,18,1
2,Payment,1770883088.142500,69828,6,1
1,NewOrder,1770883088.143543,65474,3,1
1,NewOrder,1770883088.144203,38999,19,1
3,OrderStatus,1770883088.145304,6317,17,1
1,NewOrder,1770883088.146003,27634,13,1
2,Payment,1770883088.147342,57046,8,1
5,StockLevel,1770883088.147459,29245,16,1
1,NewOrder,1770883088.147799,33555,12,1
2,Payment,1770883088.151665,16655,17,1
2,Payment,1770883088.151789,13524,5,1
2,Payment,1770883088.153038,24693,15,1
1,NewOrder,1770883088.153501,26905,22,1
2,Payment,1770883088.153587,30627,7,1
2,Payment,1770883088.159613,13347,4,1
1,NewOrder,1770883088.160302,77338,9,1
1,NewOrder,1770883088.163375,34166,20,1
4,Delivery,1770883088.164795,51277,14,1
2,Payment,1770883088.165357,14409,5,1
2,Payment,1770883088.165855,21711,2,1
3,OrderStatus,1770883088.166617,8731,1,1
2,Payment,1770883088.168368,17748,17,1
1,NewOrder,1770883088.172534,32630,0,1
2,Payment,1770883088.173005,20865,4,1
1,NewOrder,1770883088.173677,30850,13,1
1,NewOrder,1770883088.175389,28796,1,1
2,Payment,1770883088.176277,81831,10,1
4,Delivery,1770883088.176757,39859,16,1
5,StockLevel,1770883088.177803,38414,15,1
5,StockLevel,1770883088.179238,29441,18,1
1,NewOrder,1770883088.179807,26139,5,1
2,Payment,1770883088.180431,14016,22,1
2,Payment,1770883088.181375,12952,12,1
4,Delivery,1770883088.182178,61869,21,1
4,Delivery,1770883088.183226,61358,19,1
2,Payment,1770883088.184259,40541,7,1
1,NewOrder,1770883088.186159,22357,17,1
2,Payment,1770883088.187597,12609,2,1
2,Payment,1770883088.188973,11980,23,1
2,Payment,1770883088.192389,51854,11,1
1,NewOrder,1770883088.193921,24832,4,1
1,NewOrder,1770883088.194358,28298,12,1
1,NewOrder,1770883088.194494,38257,22,1
1,NewOrder,1770883088.197582,35725,20,1
1,NewOrder,1770883088.200254,26746,2,1
2,Payment,1770883088.200975,13977,23,1
2,Payment,1770883088.204213,15922,1,1
2,Payment,1770883088.204429,29265,8,1
2,Payment,1770883088.204570,13696,13,1
1,NewOrder,1770883088.205206,16599,0,1
1,NewOrder,1770883088.206011,28415,5,1
2,Payment,1770883088.208561,16664,17,1
1,NewOrder,1770883088.208709,40842,18,1
2,Payment,1770883088.209056,18673,3,1
1,NewOrder,1770883088.212368,34589,6,1
2,Payment,1770883088.214981,12772,23,1
2,Payment,1770883088.216091,27964,14,1
1,NewOrder,1770883088.216255,33759,15,1
5,StockLevel,1770883088.216659,19775,16,1
2,Payment,1770883088.218312,33126,13,1
1,NewOrder,1770883088.218799,37450,4,1
3,OrderStatus,1770883088.220159,8378,1,1
1,NewOrder,1770883088.221846,19712,0,1
1,NewOrder,1770883088.222697,29819,12,1
1,NewOrder,1770883088.224846,30297,7,1
1,NewOrder,1770883088.225248,30956,17,1
3,OrderStatus,1770883088.227039,8363,2,1
4,Delivery,1770883088.227771,72156,3,1
2,Payment,1770883088.227795,11250,23,1
1,NewOrder,1770883088.228568,32758,1,1
1,NewOrder,1770883088.232795,30908,22,1
2,Payment,1770883088.233359,11421,20,1
2,Payment,1770883088.233726,16968,8,1
4,Delivery,1770883088.234458,65961,5,1
2,Payment,1770883088.235434,11485,2,1
2,Payment,1770883088.236467,25538,16,1
1,NewOrder,1770883088.237687,30600,9,1
2,Payment,1770883088.239088,11531,23,1
2,Payment,1770883088.241596,14033,0,1
2,Payment,1770883088.244075,24303,14,1
1,NewOrder,1770883088.244090,33305,21,1
1,NewOrder,1770883088.244280,26470,11,1
1,NewOrder,1770883088.244625,38337,19,1
2,Payment,1770883088.244819,14083,20,1
2,Payment,1770883088.246960,14962,2,1
2,Payment,1770883088.246979,15766,6,1
2,Payment,1770883088.249570,54549,18,1
2,Payment,1770883088.250052,22887,15,1
2,Payment,1770883088.250656,11400,23,1
2,Payment,1770883088.250736,15906,8,1
1,NewOrder,1770883088.251482,36765,13,1
2,Payment,1770883088.252556,29382,12,1
1,NewOrder,1770883088.255191,36019,7,1
2,Payment,1770883088.255668,13135,0,1
2,Payment,1770883088.256245,34133,17,1
1,NewOrder,1770883088.256290,21558,4,1
2,Payment,1770883088.258128,16044,10,1
2,Payment,1770883088.258939,9757,20,1
4,Delivery,1770883088.261366,39185,1,1
2,Payment,1770883088.261965,11458,2,1
4,Delivery,1770883088.262026,91202,16,1
2,Payment,1770883088.262096,12398,23,1
2,Payment,1770883088.262772,17730,6,1
2,Payment,1770883088.263749,19267,22,1
1,NewOrder,1770883088.266684,44917,8,1
1,NewOrder,1770883088.268310,42422,9,1
1,NewOrder,1770883088.268415,23325,14,1
1,NewOrder,1770883088.268737,31125,20,1
2,Payment,1770883088.268852,13611,0,1
2,Payment,1770883088.270790,15671,11,1
1,NewOrder,1770883088.272979,33861,15,1
1,NewOrder,1770883088.273451,37158,2,1
2,Payment,1770883088.274191,21981,10,1
1,NewOrder,1770883088.274513,33476,23,1
2,Payment,1770883088.277436,16303,21,1
1,NewOrder,1770883088.277880,32101,4,1
2,Payment,1770883088.280540,30171,6,1
1,NewOrder,1770883088.281970,29849,12,1
5,StockLevel,1770883088.282503,25326,0,1
1,NewOrder,1770883088.283001,39188,19,1
2,Payment,1770883088.283051,28570,22,1
2,Payment,1770883088.286499,13078,11,1
1,NewOrder,1770883088.288288,24965,13,1
2,Payment,1770883088.290406,14068,17,1
2,Payment,1770883088.291250,30435,7,1
2,Payment,1770883088.291780,19884,14,1
1,NewOrder,1770883088.293787,35940,21,1
1,NewOrder,1770883088.296262,79588,10,1
2,Payment,1770883088.299618,29923,11,1
5,StockLevel,1770883088.299879,27341,20,1
2,Payment,1770883088.299964,11620,3,1
2,Payment,1770883088.300460,24702,5,1
1,NewOrder,1770883088.300602,37763,1,1
1,NewOrder,1770883088.304134,27594,18,1
1,NewOrder,1770883088.304494,29329,17,1
2,Payment,1770883088.306904,11820,15,1
1,NewOrder,1770883088.307859,41355,0,1
2,Payment,1770883088.308029,11943,23,1
1,NewOrder,1770883088.310004,23272,4,1
1,NewOrder,1770883088.310628,29971,2,1
1,NewOrder,1770883088.310744,34363,6,1
3,OrderStatus,1770883088.310757,7752,9,1
1,NewOrder,1770883088.311628,46175,3,1
2,Payment,1770883088.311638,24700,8,1
1,NewOrder,1770883088.311640,29180,22,1
1,NewOrder,1770883088.311683,33852,14,1
1,NewOrder,1770883088.311846,47032,12,1
4,Delivery,1770883088.313267,40346,13,1
1,NewOrder,1770883088.318552,47622,9,1
1,NewOrder,1770883088.318764,28186,15,1
1,NewOrder,1770883088.320017,30623,23,1
1,NewOrder,1770883088.321720,36815,7,1
2,Payment,1770883088.322217,12293,19,1
1,NewOrder,1770883088.325202,28967,5,1
2,Payment,1770883088.327257,12936,20,1
1,NewOrder,1770883088.329580,34930,11,1
1,NewOrder,1770883088.329756,30238,21,1
2,Payment,1770883088.331766,18048,18,1
5,StockLevel,1770883088.333294,24604,4,1
2,Payment,1770883088.333858,11600,17,1
2,Payment,1770883088.334549,23881,19,1
2,Payment,1770883088.336377,11722,8,1
1,NewOrder,1770883088.338399,31327,1,1
2,Payment,1770883088.340229,23938,20,1
2,Payment,1770883088.340626,10780,2,1
1,NewOrder,1770883088.340861,41284,22,1
1,NewOrder,1770883088.345151,49940,6,1
1,NewOrder,1770883088.345498,24747,17,1
1,NewOrder,1770883088.345588,36590,14,1
4,Delivery,1770883088.346983,6617,15,1
2,Payment,1770883088.348136,20461,8,1
4,Delivery,1770883088.349244,15568,0,1
1,NewOrder,1770883088.349840,40250,18,1
2,Payment,1770883088.350672,18418,23,1
1,NewOrder,1770883088.351450,44075,2,1
3,OrderStatus,1770883088.353268,6561,16,1
5,StockLevel,1770883088.353617,17820,15,1
1,NewOrder,1770883088.353650,19772,13,1
1,NewOrder,1770883088.354209,28051,5,1
1,NewOrder,1770883088.357836,37746,3,1
2,Payment,1770883088.357927,14946,4,1
1,NewOrder,1770883088.358468,37241,19,1
1,NewOrder,1770883088.358559,42159,7,1
1,NewOrder,1770883088.358896,45304,12,1
5,StockLevel,1770883088.359860,14308,16,1
1,NewOrder,1770883088.360015,43481,21,1
2,Payment,1770883088.364193,17956,20,1
2,Payment,1770883088.364548,12241,11,1
3,OrderStatus,1770883088.364843,6280,0,1
3,OrderStatus,1770883088.366196,6605,9,1
2,Payment,1770883088.368632,13762,8,1
3,OrderStatus,1770883088.369127,7357,23,1
2,Payment,1770883088.369776,15954,1,1
2,Payment,1770883088.370276,11948,17,1
2,Payment,1770883088.371157,24389,0,1
1,NewOrder,1770883088.371474,31968,15,1
2,Payment,1770883088.372844,20553,9,1
1,NewOrder,1770883088.372909,27181,4,1
2,Payment,1770883088.373453,17054,13,1
1,NewOrder,1770883088.374206,38270,16,1
2,Payment,1770883088.375880,26999,10,1
2,Payment,1770883088.376520,11470,23,1
1,NewOrder,1770883088.376816,47479,11,1
1,NewOrder,1770883088.382188,29476,22,1
1,NewOrder,1770883088.382192,29234,20,1
1,NewOrder,1770883088.382215,23514,14,1
1,NewOrder,1770883088.382258,43616,17,1
1,NewOrder,1770883088.382299,19048,5,1
4,Delivery,1770883088.382430,80721,8,1
1,NewOrder,1770883088.385775,49428,1,1
2,Payment,1770883088.388029,7575,23,1
3,OrderStatus,1770883088.390131,10833,18,1
2,Payment,1770883088.390539,13687,13,1
1,NewOrder,1770883088.393436,28685,9,1
1,NewOrder,1770883088.395129,38085,6,1
2,Payment,1770883088.395564,10570,2,1
1,NewOrder,1770883088.395571,25325,0,1
2,Payment,1770883088.395615,15933,3,1
2,Payment,1770883088.395640,6387,23,1
1,NewOrder,1770883088.395731,22720,19,1
2,Payment,1770883088.400128,19442,4,1
2,Payment,1770883088.400746,10775,7,1
2,Payment,1770883088.400990,14757,18,1
1,NewOrder,1770883088.401371,19552,5,1
2,Payment,1770883088.402067,20151,23,1
2,Payment,1770883088.402917,16101,10,1
1,NewOrder,1770883088.403472,38098,15,1
2,Payment,1770883088.403536,37950,21,1
1,NewOrder,1770883088.404229,31425,12,1
2,Payment,1770883088.404264,11897,13,1
2,Payment,1770883088.405785,23427,14,1
1,NewOrder,1770883088.406166,17791,2,1
1,NewOrder,1770883088.411469,24655,20,1
5,StockLevel,1770883088.411563,32539,7,1
2,Payment,1770883088.411585,13707,3,1
2,Payment,1770883088.411700,19550,22,1
2,Payment,1770883088.412504,25103,16,1
1,NewOrder,1770883088.415787,25711,18,1
2,Payment,1770883088.416203,30201,13,1
1,NewOrder,1770883088.418499,20711,19,1
1,NewOrder,1770883088.419056,37803,10,1
1,NewOrder,1770883088.419605,35094,4,1
1,NewOrder,1770883088.420938,17071,0,1
1,NewOrder,1770883088.420952,33365,5,1
1,NewOrder,1770883088.422159,43857,9,1
1,NewOrder,1770883088.422255,39624,23,1
1,NewOrder,1770883088.424005,42300,2,1
2,Payment,1770883088.424341,11336,11,1
1,NewOrder,1770883088.425330,31190,3,1
2,Payment,1770883088.425909,26218,17,1
5,StockLevel,1770883088.429251,30214,14,1
1,NewOrder,1770883088.431288,41910,22,1
5,StockLevel,1770883088.433252,30002,6,1
1,NewOrder,1770883088.435245,39497,1,1
2,Payment,1770883088.435694,32931,12,1
2,Payment,1770883088.435716,7362,11,1
2,Payment,1770883088.436164,14447,20,1
1,NewOrder,1770883088.437642,35067,16,1
5,StockLevel,1770883088.438040,16381,0,1
1,NewOrder,1770883088.439240,25743,19,1
2,Payment,1770883088.441537,24402,21,1
2,Payment,1770883088.441542,15362,18,1
2,Payment,1770883088.441617,15324,15,1
4,Delivery,1770883088.443117,20544,11,1
1,NewOrder,1770883088.444138,27232,7,1
1,NewOrder,1770883088.446440,21772,13,1
2,Payment,1770883088.450651,26666,20,1
2,Payment,1770883088.452169,22016,17,1
1,NewOrder,1770883088.454357,29251,5,1
1,NewOrder,1770883088.454465,40800,0,1
1,NewOrder,1770883088.454745,29212,4,1
3,OrderStatus,1770883088.456561,7561,3,1
1,NewOrder,1770883088.456892,30313,10,1
2,Payment,1770883088.456943,15683,18,1
1,NewOrder,1770883088.456971,39610,15,1
1,NewOrder,1770883088.459512,43597,14,1
1,NewOrder,1770883088.461920,40118,23,1
1,NewOrder,1770883088.463190,42046,8,1
1,NewOrder,1770883088.463367,28520,6,1
1,NewOrder,1770883088.463701,33557,11,1
1,NewOrder,1770883088.464155,45620,3,1
3,OrderStatus,1770883088.465024,6882,19,1
3,OrderStatus,1770883088.465975,5499,21,1
1,NewOrder,1770883088.466053,46997,9,1
1,NewOrder,1770883088.466344,36424,2,1
1,NewOrder,1770883088.468255,33797,13,1
3,OrderStatus,1770883088.468664,11831,12,1
1,NewOrder,1770883088.471454,21271,7,1
1,NewOrder,1770883088.471515,32884,21,1
1,NewOrder,1770883088.471932,29491,19,1
2,Payment,1770883088.472664,14821,18,1
1,NewOrder,1770883088.472740,31167,16,1
1,NewOrder,1770883088.473234,34071,22,1
1,NewOrder,1770883088.474225,28869,17,1
2,Payment,1770883088.474774,28298,1,1
2,Payment,1770883088.477367,13275,20,1
1,NewOrder,1770883088.480600,44567,12,1
1,NewOrder,1770883088.483645,32807,5,1
1,NewOrder,1770883088.483993,26220,4,1
1,NewOrder,1770883088.487237,34516,10,1
2,Payment,1770883088.487502,13026,18,1
1,NewOrder,1770883088.490657,39391,20,1
5,StockLevel,1770883088.491931,16456,6,1
1,NewOrder,1770883088.492758,41304,7,1
3,OrderStatus,1770883088.495282,7419,0,1
3,OrderStatus,1770883088.496614,9551,15,1
1,NewOrder,1770883088.497297,28218,11,1
2,Payment,1770883088.500566,9631,18,1
1,NewOrder,1770883088.501458,24841,19,1
2,Payment,1770883088.502067,11443,23,1
1,NewOrder,1770883088.502081,32900,13,1
2,Payment,1770883088.502717,10814,0,1
1,NewOrder,1770883088.502796,41298,2,1
2,Payment,1770883088.503092,20801,1,1
1,NewOrder,1770883088.503121,26429,14,1
1,NewOrder,1770883088.503121,28545,17,1
1,NewOrder,1770883088.503918,28855,16,1
1,NewOrder,1770883088.504431,21829,21,1
1,NewOrder,1770883088.505262,32404,8,1
2,Payment,1770883088.506188,13209,15,1
1,NewOrder,1770883088.507323,23680,22,1
2,Payment,1770883088.508415,15442,6,1
1,NewOrder,1770883088.509794,32296,3,1
2,Payment,1770883088.510209,10390,18,1
2,Payment,1770883088.510240,20678,4,1
1,NewOrder,1770883088.513073,39718,9,1
2,Payment,1770883088.513541,9199,23,1
1,NewOrder,1770883088.513550,35778,0,1
3,OrderStatus,1770883088.516480,8232,5,1
1,NewOrder,1770883088.519427,24254,15,1
2,Payment,1770883088.520629,11004,18,1
1,NewOrder,1770883088.521798,39673,10,1
1,NewOrder,1770883088.522767,40022,23,1
1,NewOrder,1770883088.523885,28577,6,1
2,Payment,1770883088.523924,13308,1,1
1,NewOrder,1770883088.524737,21443,5,1
2,Payment,1770883088.525190,12549,12,1
1,NewOrder,1770883088.525540,25358,11,1
1,NewOrder,1770883088.526280,36860,21,1
2,Payment,1770883088.526328,15380,19,1
2,Payment,1770883088.529580,17586,14,1
1,NewOrder,1770883088.530074,36461,20,1
5,StockLevel,1770883088.530942,21535,4,1
2,Payment,1770883088.531030,17255,22,1
5,StockLevel,1770883088.531656,16802,18,1
2,Payment,1770883088.531687,28206,17,1
2,Payment,1770883088.532800,23603,16,1
1,NewOrder,1770883088.534094,21325,7,1
1,NewOrder,1770883088.535005,20486,13,1
2,Payment,1770883088.537265,11683,1,1
1,NewOrder,1770883088.537688,37536,8,1
1,NewOrder,1770883088.537755,28292,12,1
2,Payment,1770883088.541737,12755,19,1
1,NewOrder,1770883088.542118,41545,3,1
2,Payment,1770883088.543698,30923,15,1
2,Payment,1770883088.544122,13231,2,1
1,NewOrder,1770883088.546209,51744,5,1
2,Payment,1770883088.547198,22730,14,1
1,NewOrder,1770883088.548312,22792,22,1
2,Payment,1770883088.548479,12226,18,1
1,NewOrder,1770883088.548972,41996,1,1
4,Delivery,1770883088.549359,13807,0,1
1,NewOrder,1770883088.550929,23808,11,1
2,Payment,1770883088.552488,11146,6,1
1,NewOrder,1770883088.552507,21698,4,1
2,Payment,1770883088.552812,19743,9,1
2,Payment,1770883088.554516,12029,19,1
2,Payment,1770883088.555445,22828,7,1
1,NewOrder,1770883088.555510,19749,13,1
1,NewOrder,1770883088.556435,36159,16,1
2,Payment,1770883088.557384,9112,2,1
2,Payment,1770883088.559923,21113,17,1
1,NewOrder,1770883088.560723,21567,18,1
1,NewOrder,1770883088.561500,33112,10,1
5,StockLevel,1770883088.562820,28912,23,1
5,StockLevel,1770883088.563170,25642,21,1
1,NewOrder,1770883088.563196,28906,0,1
2,Payment,1770883088.563657,20532,6,1
2,Payment,1770883088.566072,20618,12,1
2,Payment,1770883088.566526,6671,2,1
2,Payment,1770883088.566560,6610,20,1
1,NewOrder,1770883088.566575,17599,19,1
2,Payment,1770883088.569958,21035,14,1
4,Delivery,1770883088.571129,105630,22,1
1,NewOrder,1770883088.572582,21906,9,1
4,Delivery,1770883088.573198,104028,20,1
3,OrderStatus,1770883088.573217,6637,2,1
1,NewOrder,1770883088.574232,19189,4,1
1,NewOrder,1770883088.574646,24092,15,1
2,Payment,1770883088.574760,19687,11,1
1,NewOrder,1770883088.575258,40892,8,1
1,NewOrder,1770883088.575283,24308,13,1
2,Payment,1770883088.578299,13403,7,1
2,Payment,1770883088.579881,9336,2,1
2,Payment,1770883088.581065,12788,17,1
1,NewOrder,1770883088.582319,29368,18,1
5,StockLevel,1770883088.583694,26771,3,1
1,NewOrder,1770883088.584209,32446,19,1
1,NewOrder,1770883088.584226,38889,6,1
2,Payment,1770883088.586721,13352,12,1
1,NewOrder,1770883088.588839,21096,21,1
1,NewOrder,1770883088.589246,22204,2,1
2,Payment,1770883088.591004,14161,1,1
2,Payment,1770883088.591017,16946,14,1
2,Payment,1770883088.591739,8369,7,1
1,NewOrder,1770883088.591761,30409,23,1
1,NewOrder,1770883088.592217,29078,0,1
1,NewOrder,1770883088.592618,28168,16,1
1,NewOrder,1770883088.593455,21818,4,1
2,Payment,1770883088.593871,18015,17,1
2,Payment,1770883088.594470,11154,11,1
1,NewOrder,1770883088.594512,26679,9,1
4,Delivery,1770883088.594643,105296,10,1
2,Payment,1770883088.597976,13946,5,1
5,StockLevel,1770883088.598760,17990,15,1
1,NewOrder,1770883088.599617,30645,13,1
2,Payment,1770883088.600089,16693,12,1
2,Payment,1770883088.600132,10628,7,1
2,Payment,1770883088.605190,11495,1,1
1,NewOrder,1770883088.605641,41256,11,1
2,Payment,1770883088.607989,16904,14,1
1,NewOrder,1770883088.609961,40161,21,1
2,Payment,1770883088.610493,10665,3,1
1,NewOrder,1770883088.610776,32704,7,1
2,Payment,1770883088.611473,13252,2,1
1,NewOrder,1770883088.611715,36308,18,1
1,NewOrder,1770883088.611901,37958,17,1
3,OrderStatus,1770883088.611941,6926,5,1
2,Payment,1770883088.615295,20725,4,1
2,Payment,1770883088.616172,8625,8,1
1,NewOrder,1770883088.616753,27632,1,1
2,Payment,1770883088.616758,9751,19,1
2,Payment,1770883088.616772,30149,15,1
2,Payment,1770883088.616808,14875,12,1
2,Payment,1770883088.618891,10796,5,1
1,NewOrder,1770883088.620809,22213,16,1
1,NewOrder,1770883088.621187,24235,3,1
1,NewOrder,1770883088.621217,25357,9,1
1,NewOrder,1770883088.621323,27364,0,1
1,NewOrder,1770883088.622189,33201,23,1
2,Payment,1770883088.623132,15145,6,1
2,Payment,1770883088.624753,14491,2,1
2,Payment,1770883088.624820,16360,8,1
3,OrderStatus,1770883088.624920,7400,14,1
3,OrderStatus,1770883088.626544,6334,19,1
1,NewOrder,1770883088.629702,20202,5,1
1,NewOrder,1770883088.630287,29434,13,1
5,StockLevel,1770883088.631712,25770,12,1
2,Payment,1770883088.632344,11404,14,1
2,Payment,1770883088.632904,15816,19,1
1,NewOrder,1770883088.636045,17865,4,1
2,Payment,1770883088.638295,11780,6,1
2,Payment,1770883088.639272,7747,2,1
2,Payment,1770883088.641208,13608,8,1
3,OrderStatus,1770883088.643054,6883,16,1
1,NewOrder,1770883088.643505,28741,7,1
1,NewOrder,1770883088.643768,42279,14,1
2,Payment,1770883088.644410,13523,1,1
1,NewOrder,1770883088.645448,26830,3,1
2,Payment,1770883088.646607,14570,9,1
2,Payment,1770883088.646923,20036,11,1
1,NewOrder,1770883088.646949,36887,15,1
2,Payment,1770883088.647048,14981,2,1
5,StockLevel,1770883088.648047,12590,18,1
2,Payment,1770883088.648706,31621,0,1
1,NewOrder,1770883088.648742,18914,19,1
2,Payment,1770883088.649879,7439,17,1
2,Payment,1770883088.649931,17818,5,1
2,Payment,1770883088.649965,16461,16,1
2,Payment,1770883088.650099,14903,6,1
5,StockLevel,1770883088.650146,13918,21,1
5,StockLevel,1770883088.653934,13588,4,1
1,NewOrder,1770883088.654846,36718,8,1
1,NewOrder,1770883088.655412,30870,23,1
1,NewOrder,1770883088.657341,27693,17,1
2,Payment,1770883088.657502,14477,12,1
1,NewOrder,1770883088.657968,39672,1,1
2,Payment,1770883088.659747,24126,13,1
1,NewOrder,1770883088.660663,22786,18,1
2,Payment,1770883088.661213,13417,9,1
2,Payment,1770883088.662052,10258,2,1
1,NewOrder,1770883088.664090,32026,21,1
5,StockLevel,1770883088.665030,17611,6,1
2,Payment,1770883088.666452,14232,16,1
1,NewOrder,1770883088.666990,40392,11,1
1,NewOrder,1770883088.667546,23168,4,1
2,Payment,1770883088.667676,9605,19,1
4,Delivery,1770883088.667768,119891,5,1
2,Payment,1770883088.672008,15561,12,1
1,NewOrder,1770883088.672270,24880,7,1
1,NewOrder,1770883088.672305,43740,3,1
3,OrderStatus,1770883088.672333,8412,2,1
3,OrderStatus,1770883088.674659,6445,9,1
1,NewOrder,1770883088.676779,31691,22,1
2,Payment,1770883088.677252,3448,20,1
1,NewOrder,1770883088.677299,29434,19,1
2,Payment,1770883088.680359,14412,0,1
1,NewOrder,1770883088.680710,26241,16,1
3,OrderStatus,1770883088.680718,7981,20,1
1,NewOrder,1770883088.680774,20709,2,1
1,NewOrder,1770883088.681122,35585,9,1
5,StockLevel,1770883088.682677,14795,6,1
1,NewOrder,1770883088.683468,35013,18,1
2,Payment,1770883088.683861,10062,15,1
1,NewOrder,1770883088.683894,33758,13,1
1,NewOrder,1770883088.685060,23203,17,1
1,NewOrder,1770883088.686071,26188,14,1
1,NewOrder,1770883088.686302,27063,23,1
2,Payment,1770883088.687589,9969,12,1
2,Payment,1770883088.688730,8442,20,1
1,NewOrder,1770883088.690739,35167,4,1
1,NewOrder,1770883088.691591,39428,8,1
1,NewOrder,1770883088.693943,33637,15,1
2,Payment,1770883088.694790,12062,0,1
1,NewOrder,1770883088.696139,24718,21,1
2,Payment,1770883088.697177,9181,7,1
3,OrderStatus,1770883088.697194,7488,20,1
1,NewOrder,1770883088.697497,19242,6,1
4,Delivery,1770883088.697583,16611,12,1
2,Payment,1770883088.697670,13338,1,1
1,NewOrder,1770883088.699965,30577,10,1
4,Delivery,1770883088.701500,86671,2,1
1,NewOrder,1770883088.704709,25889,20,1
2,Payment,1770883088.706389,8036,7,1
2,Payment,1770883088.706753,7078,19,1
1,NewOrder,1770883088.706878,36464,0,1
2,Payment,1770883088.706981,11896,16,1
1,NewOrder,1770883088.707408,34490,11,1
1,NewOrder,1770883088.708278,26410,17,1
2,Payment,1770883088.708492,10533,22,1
1,NewOrder,1770883088.711038,17594,1,1
2,Payment,1770883088.712282,9426,14,1
1,NewOrder,1770883088.713392,22311,23,1
2,Payment,1770883088.713858,9398,19,1
3,OrderStatus,1770883088.714221,7254,12,1
2,Payment,1770883088.714443,8384,7,1
1,NewOrder,1770883088.716081,35231,3,1
2,Payment,1770883088.716726,13784,9,1
1,NewOrder,1770883088.716765,37674,6,1
1,NewOrder,1770883088.717672,27266,13,1
1,NewOrder,1770883088.718508,21654,18,1
2,Payment,1770883088.718900,11765,16,1
1,NewOrder,1770883088.719043,35508,22,1
1,NewOrder,1770883088.720885,23203,21,1
2,Payment,1770883088.721501,12797,12,1
2,Payment,1770883088.721735,15723,14,1
2,Payment,1770883088.722854,9522,7,1
2,Payment,1770883088.723281,6792,19,1
2,Payment,1770883088.725935,13706,4,1
1,NewOrder,1770883088.727608,32590,15,1
2,Payment,1770883088.728661,14605,1,1
1,NewOrder,1770883088.730100,31447,19,1
1,NewOrder,1770883088.730533,41181,9,1
2,Payment,1770883088.730560,12743,10,1
1,NewOrder,1770883088.730624,29135,20,1
1,NewOrder,1770883088.730686,17025,16,1
1,NewOrder,1770883088.731038,40772,8,1
1,NewOrder,1770883088.732398,21511,7,1
1,NewOrder,1770883088.734337,23435,12,1
2,Payment,1770883088.734731,8121,17,1
1,NewOrder,1770883088.735731,22750,23,1
1,NewOrder,1770883088.737484,23175,14,1
1,NewOrder,1770883088.739664,22371,4,1
2,Payment,1770883088.740178,8067,18,1
1,NewOrder,1770883088.741925,36189,11,1
1,NewOrder,1770883088.742878,29122,17,1
1,NewOrder,1770883088.743281,31060,1,1
1,NewOrder,1770883088.743326,38191,10,1
2,Payment,1770883088.743361,11089,0,1
2,Payment,1770883088.744105,14353,21,1
2,Payment,1770883088.745014,9507,13,1
2,Payment,1770883088.747751,10766,16,1
2,Payment,1770883088.748298,12250,18,1
5,StockLevel,1770883088.751333,14107,3,1
2,Payment,1770883088.753925,10573,7,1
2,Payment,1770883088.754455,17476,6,1
4,Delivery,1770883088.754463,33759,0,1
1,NewOrder,1770883088.754542,29728,13,1
2,Payment,1770883088.754571,17810,22,1
2,Payment,1770883088.757806,9140,12,1
2,Payment,1770883088.758475,24153,21,1
2,Payment,1770883088.758500,18017,23,1
2,Payment,1770883088.758535,13251,16,1
1,NewOrder,1770883088.759783,29635,20,1
1,NewOrder,1770883088.760211,31654,15,1
1,NewOrder,1770883088.760566,30225,18,1
2,Payment,1770883088.760682,15461,14,1
1,NewOrder,1770883088.761562,22814,19,1
2,Payment,1770883088.762050,9637,4,1
1,NewOrder,1770883088.764516,15101,7,1
2,Payment,1770883088.765456,17609,3,1
1,NewOrder,1770883088.766967,35809,12,1
1,NewOrder,1770883088.771708,22570,4,1
2,Payment,1770883088.771733,13317,9,1
1,NewOrder,1770883088.771803,14593,16,1
1,NewOrder,1770883088.771830,34815,8,1
1,NewOrder,1770883088.771943,26598,6,1
1,NewOrder,1770883088.772016,17011,17,1
2,Payment,1770883088.772400,16366,22,1
1,NewOrder,1770883088.774358,31680,1,1
2,Payment,1770883088.776157,8141,14,1
1,NewOrder,1770883088.776535,25434,23,1
1,NewOrder,1770883088.778125,31516,11,1
2,Payment,1770883088.779634,7526,7,1
2,Payment,1770883088.781535,16600,10,1
2,Payment,1770883088.782646,11016,21,1
3,OrderStatus,1770883088.783083,5623,3,1
1,NewOrder,1770883088.784285,21783,13,1
1,NewOrder,1770883088.784314,33417,14,1
2,Payment,1770883088.784397,11578,19,1
2,Payment,1770883088.785070,17201,9,1
1,NewOrder,1770883088.786423,13742,16,1
2,Payment,1770883088.787180,24369,7,1
2,Payment,1770883088.787677,11430,5,1
1,NewOrder,1770883088.788189,34252,2,1
2,Payment,1770883088.788242,13328,0,1
1,NewOrder,1770883088.788724,16563,3,1
2,Payment,1770883088.788781,12071,22,1
2,Payment,1770883088.789043,6140,17,1
2,Payment,1770883088.789429,22717,20,1
2,Payment,1770883088.790811,23555,18,1
2,Payment,1770883088.791880,11467,15,1
2,Payment,1770883088.793678,16021,21,1
2,Payment,1770883088.794294,14601,4,1
2,Payment,1770883088.795200,10542,17,1
1,NewOrder,1770883088.795989,26474,19,1
2,Payment,1770883088.798161,11409,10,1
1,NewOrder,1770883088.798559,18379,6,1
4,Delivery,1770883088.799117,72883,5,1
2,Payment,1770883088.800174,9492,16,1
1,NewOrder,1770883088.800874,24357,22,1
1,NewOrder,1770883088.801589,20786,0,1
3,OrderStatus,1770883088.801979,9111,23,1
1,NewOrder,1770883088.802293,30236,9,1
1,NewOrder,1770883088.802798,24537,12,1
2,Payment,1770883088.803365,8869,15,1
2,Payment,1770883088.805304,14451,3,1
1,NewOrder,1770883088.805778,41547,17,1
2,Payment,1770883088.806054,16363,1,1
2,Payment,1770883088.806084,16808,13,1
1,NewOrder,1770883088.806657,19743,8,1
1,NewOrder,1770883088.808910,28456,4,1
2,Payment,1770883088.809590,8200,10,1
1,NewOrder,1770883088.809662,25471,11,1
2,Payment,1770883088.809685,9318,16,1
1,NewOrder,1770883088.809711,41450,21,1
2,Payment,1770883088.811111,14212,23,1
5,StockLevel,1770883088.811564,22096,7,1
5,StockLevel,1770883088.812163,24134,20,1
2,Payment,1770883088.812248,18333,15,1
2,Payment,1770883088.814386,7526,18,1
2,Payment,1770883088.816959,10219,6,1
2,Payment,1770883088.817748,23217,14,1
2,Payment,1770883088.817804,6663,10,1
2,Payment,1770883088.819022,9309,16,1
1,NewOrder,1770883088.819774,35199,3,1
2,Payment,1770883088.821930,16385,18,1
1,NewOrder,1770883088.822392,21341,0,1
1,NewOrder,1770883088.822437,25764,1,1
1,NewOrder,1770883088.822458,29168,2,1
4,Delivery,1770883088.822480,48223,19,1
2,Payment,1770883088.822914,20058,13,1
2,Payment,1770883088.824481,5576,10,1
2,Payment,1770883088.825248,11096,22,1
2,Payment,1770883088.825345,7865,23,1
4,Delivery,1770883088.826414,49997,8,1
2,Payment,1770883088.827189,7460,6,1
1,NewOrder,1770883088.827352,30261,12,1
2,Payment,1770883088.828352,7445,16,1
4,Delivery,1770883088.830075,46692,10,1
1,NewOrder,1770883088.830602,23646,15,1
2,Payment,1770883088.832547,8063,9,1
1,NewOrder,1770883088.833225,21446,23,1
2,Payment,1770883088.833674,14732,7,1
1,NewOrder,1770883088.834669,24836,6,1
2,Payment,1770883088.835147,19387,11,1
1,NewOrder,1770883088.835810,28857,16,1
5,StockLevel,1770883088.836316,16106,20,1
4,Delivery,1770883088.836361,34862,22,1
2,Payment,1770883088.837383,9208,4,1
3,OrderStatus,1770883088.838335,5085,18,1
2,Payment,1770883088.840627,11560,9,1
1,NewOrder,1770883088.840986,19049,14,1
2,Payment,1770883088.842992,7069,13,1
1,NewOrder,1770883088.843441,36616,18,1
1,NewOrder,1770883088.843751,40636,0,1
1,NewOrder,1770883088.846615,23344,4,1
2,Payment,1770883088.847339,7315,17,1
2,Payment,1770883088.848217,7796,1,1
1,NewOrder,1770883088.848422,32465,7,1
1,NewOrder,1770883088.850081,18882,13,1
2,Payment,1770883088.851177,13052,21,1
1,NewOrder,1770883088.851650,26266,2,1
1,NewOrder,1770883088.852201,32879,9,1
4,Delivery,1770883088.852436,18825,20,1
2,Payment,1770883088.854270,6157,15,1
3,OrderStatus,1770883088.854549,6981,11,1
1,NewOrder,1770883088.854674,35631,17,1
1,NewOrder,1770883088.854686,25817,23,1
2,Payment,1770883088.854986,10529,3,1
1,NewOrder,1770883088.856031,26499,1,1
2,Payment,1770883088.857630,7052,12,1
1,NewOrder,1770883088.859529,36601,6,1
1,NewOrder,1770883088.860054,28451,14,1
1,NewOrder,1770883088.860441,27543,15,1
2,Payment,1770883088.861542,8830,11,1
1,NewOrder,1770883088.864244,31534,21,1
2,Payment,1770883088.864684,12660,16,1
2,Payment,1770883088.864702,10165,12,1
1,NewOrder,1770883088.865535,33955,3,1
4,Delivery,1770883088.868986,47187,13,1
2,Payment,1770883088.869977,14441,4,1
1,NewOrder,1770883088.870385,39237,11,1
1,NewOrder,1770883088.870721,39318,19,1
2,Payment,1770883088.871250,4470,22,1
1,NewOrder,1770883088.871278,30507,20,1
1,NewOrder,1770883088.872019,37296,5,1
1,NewOrder,1770883088.874887,30539,12,1
2,Payment,1770883088.875744,10152,22,1
1,NewOrder,1770883088.876426,27147,8,1
5,StockLevel,1770883088.876784,12620,10,1
1,NewOrder,1770883088.877357,16373,16,1
2,Payment,1770883088.877936,11343,2,1
1,NewOrder,1770883088.880074,21954,18,1
1,NewOrder,1770883088.880527,34154,23,1
3,OrderStatus,1770883088.880905,8343,7,1
1,NewOrder,1770883088.882546,33334,1,1
1,NewOrder,1770883088.884405,31428,0,1
2,Payment,1770883088.884439,7985,4,1
2,Payment,1770883088.885098,7804,9,1
2,Payment,1770883088.885913,8660,22,1
1,NewOrder,1770883088.888004,39236,15,1
1,NewOrder,1770883088.888526,34554,14,1
2,Payment,1770883088.889269,6959,7,1
2,Payment,1770883088.889297,7965,2,1
4,Delivery,1770883088.889417,58068,10,1
1,NewOrder,1770883088.890322,40728,17,1
2,Payment,1770883088.892439,9275,4,1
2,Payment,1770883088.892929,8121,9,1
2,Payment,1770883088.893750,7991,16,1
1,NewOrder,1770883088.894593,37231,22,1
1,NewOrder,1770883088.895802,26648,21,1
1,NewOrder,1770883088.896147,35573,6,1
1,NewOrder,1770883088.896245,35966,7,1
3,OrderStatus,1770883088.897279,9381,2,1
1,NewOrder,1770883088.899510,23553,3,1
2,Payment,1770883088.901070,7259,9,1
1,NewOrder,1770883088.901729,27934,4,1
1,NewOrder,1770883088.901779,23403,16,1
2,Payment,1770883088.901805,8157,20,1
2,Payment,1770883088.902040,10956,18,1
2,Payment,1770883088.903589,12320,8,1
2,Payment,1770883088.905442,7104,12,1
5,StockLevel,1770883088.906682,27851,2,1
2,Payment,1770883088.908341,14182,9,1
3,OrderStatus,1770883088.909336,9480,5,1
2,Payment,1770883088.909643,16398,11,1
1,NewOrder,1770883088.909981,26140,20,1
2,Payment,1770883088.910055,12324,19,1
1,NewOrder,1770883088.912555,18165,12,1
1,NewOrder,1770883088.913014,18693,18,1
1,NewOrder,1770883088.914698,30945,23,1
1,NewOrder,1770883088.915843,27153,0,1
2,Payment,1770883088.915903,7305,1,1
1,NewOrder,1770883088.915928,31232,8,1
5,StockLevel,1770883088.916191,23339,13,1
1,NewOrder,1770883088.918838,31944,5,1
4,Delivery,1770883088.922394,37208,19,1
1,NewOrder,1770883088.922463,30549,21,1
2,Payment,1770883088.922541,6219,9,1
2,Payment,1770883088.923075,7619,3,1
3,OrderStatus,1770883088.923095,6429,14,1
2,Payment,1770883088.923220,10095,1,1
2,Payment,1770883088.925199,12119,16,1
1,NewOrder,1770883088.926060,25305,11,1
1,NewOrder,1770883088.927262,15806,15,1
1,NewOrder,1770883088.928785,30842,9,1
2,Payment,1770883088.929542,20318,14,1
2,Payment,1770883088.929678,8559,4,1
2,Payment,1770883088.930710,9379,3,1
2,Payment,1770883088.930736,23555,12,1
1,NewOrder,1770883088.931076,23055,17,1
1,NewOrder,1770883088.931721,30765,18,1
1,NewOrder,1770883088.931741,30710,6,1
2,Payment,1770883088.931849,7250,22,1
2,Payment,1770883088.932223,9889,7,1
2,Payment,1770883088.933341,9699,1,1
1,NewOrder,1770883088.934551,38268,2,1
1,NewOrder,1770883088.936138,20881,20,1
2,Payment,1770883088.937329,9551,16,1
1,NewOrder,1770883088.938256,23086,4,1
1,NewOrder,1770883088.939117,18805,22,1
2,Payment,1770883088.939545,18281,13,1
4,Delivery,1770883088.940106,58518,3,1
1,NewOrder,1770883088.942122,39547,7,1
1,NewOrder,1770883088.943016,26458,0,1
5,StockLevel,1770883088.943062,27889,1,1
1,NewOrder,1770883088.943090,18976,15,1
1,NewOrder,1770883088.945657,27542,23,1
1,NewOrder,1770883088.946905,18991,16,1
1,NewOrder,1770883088.947174,41132,8,1
2,Payment,1770883088.947503,10444,10,1
2,Payment,1770883088.949874,10240,14,1
1,NewOrder,1770883088.950802,20177,5,1
3,OrderStatus,1770883088.951386,7443,11,1
1,NewOrder,1770883088.953024,25320,21,1
2,Payment,1770883088.954151,12549,17,1
1,NewOrder,1770883088.954309,23242,12,1
4,Delivery,1770883088.957039,5145,20,1
2,Payment,1770883088.957845,6994,13,1
1,NewOrder,1770883088.957942,21590,22,1
5,StockLevel,1770883088.957964,22808,10,1
1,NewOrder,1770883088.958842,37297,11,1
2,Payment,1770883088.959618,9357,19,1
1,NewOrder,1770883088.959644,38010,9,1
1,NewOrder,1770883088.960134,21413,14,1
1,NewOrder,1770883088.961359,19008,4,1
1,NewOrder,1770883088.962083,32212,15,1
1,NewOrder,1770883088.962199,25482,20,1
4,Delivery,1770883088.962469,19101,6,1
1,NewOrder,1770883088.962503,32236,18,1
4,Delivery,1770883088.964860,39564,13,1
2,Payment,1770883088.965912,9662,16,1
2,Payment,1770883088.966713,7184,17,1
2,Payment,1770883088.969003,9094,19,1
2,Payment,1770883088.969496,8685,0,1
2,Payment,1770883088.970970,17211,1,1
2,Payment,1770883088.970996,13077,5,1
1,NewOrder,1770883088.972834,28184,2,1
2,Payment,1770883088.973217,7810,23,1
1,NewOrder,1770883088.973916,19680,17,1
2,Payment,1770883088.975589,6725,16,1
2,Payment,1770883088.977567,10649,12,1
1,NewOrder,1770883088.978123,35542,19,1
2,Payment,1770883088.978202,16896,0,1
1,NewOrder,1770883088.978362,28451,21,1
2,Payment,1770883088.979559,9606,22,1
2,Payment,1770883088.980382,11542,4,1
1,NewOrder,1770883088.980790,40460,10,1
2,Payment,1770883088.981045,10848,23,1
2,Payment,1770883088.981564,9681,14,1
3,OrderStatus,1770883088.981582,9271,6,1
1,NewOrder,1770883088.981685,18932,7,1
1,NewOrder,1770883088.982328,17606,16,1
1,NewOrder,1770883088.984094,19936,5,1
3,OrderStatus,1770883088.987700,9927,20,1
1,NewOrder,1770883088.988199,35075,1,1
2,Payment,1770883088.988246,6396,12,1
1,NewOrder,1770883088.988318,30054,8,1
2,Payment,1770883088.989176,7644,22,1
4,Delivery,1770883088.990864,16410,6,1
2,Payment,1770883088.991264,7929,14,1
1,NewOrder,1770883088.991913,37072,23,1
3,OrderStatus,1770883088.991945,10087,4,1
1,NewOrder,1770883088.993616,40064,17,1
1,NewOrder,1770883088.994309,23684,15,1
2,Payment,1770883088.994652,7641,12,1
1,NewOrder,1770883088.994764,28541,18,1
1,NewOrder,1770883088.995118,39406,0,1
2,Payment,1770883088.996157,8933,11,1
1,NewOrder,1770883088.996836,40635,22,1
2,Payment,1770883088.997644,8917,20,1
1,NewOrder,1770883088.997675,24300,9,1
2,Payment,1770883088.998637,7446,3,1
1,NewOrder,1770883088.999209,21369,14,1
2,Payment,1770883088.999948,6650,16,1
1,NewOrder,1770883089.000631,23043,7,1
1,NewOrder,1770883089.001036,31485,2,1
2,Payment,1770883089.002053,9373,4,1
2,Payment,1770883089.002306,7847,12,1
1,NewOrder,1770883089.004047,24465,5,1
2,Payment,1770883089.004444,10110,13,1
2,Payment,1770883089.005102,9481,11,1
1,NewOrder,1770883089.006102,25463,3,1
1,NewOrder,1770883089.006577,39612,20,1
1,NewOrder,1770883089.006620,36794,16,1
2,Payment,1770883089.006827,9861,21,1
1,NewOrder,1770883089.007288,34005,6,1
1,NewOrder,1770883089.010171,33229,12,1
1,NewOrder,1770883089.011448,32417,4,1
2,Payment,1770883089.013684,9956,19,1
2,Payment,1770883089.014571,7845,13,1
2,Payment,1770883089.014604,6624,11,1
1,NewOrder,1770883089.016707,24564,21,1
5,StockLevel,1770883089.018012,18368,15,1
1,NewOrder,1770883089.018389,22911,8,1
2,Payment,1770883089.020599,8374,14,1
2,Payment,1770883089.021241,11114,11,1
2,Payment,1770883089.021263,7736,10,1
1,NewOrder,1770883089.021992,33317,9,1
1,NewOrder,1770883089.022427,30281,13,1
2,Payment,1770883089.023285,9095,1,1
1,NewOrder,1770883089.023322,34056,18,1
2,Payment,1770883089.023657,6384,19,1
1,NewOrder,1770883089.023687,20146,7,1
5,StockLevel,1770883089.028529,25396,5,1
1,NewOrder,1770883089.029003,23816,23,1
3,OrderStatus,1770883089.029004,7711,14,1
1,NewOrder,1770883089.029027,36887,10,1
3,OrderStatus,1770883089.030062,8807,19,1
1,NewOrder,1770883089.031586,25315,3,1
4,Delivery,1770883089.032366,134433,11,1
1,NewOrder,1770883089.032408,22950,1,1
2,Payment,1770883089.032537,7898,2,1
1,NewOrder,1770883089.033696,32547,17,1
2,Payment,1770883089.034537,7608,0,1
2,Payment,1770883089.036407,12870,15,1
2,Payment,1770883089.036735,10426,14,1
1,NewOrder,1770883089.037489,21541,22,1
2,Payment,1770883089.038895,7894,19,1
2,Payment,1770883089.040456,7883,2,1
1,NewOrder,1770883089.041285,27162,21,1
1,NewOrder,1770883089.041322,28716,6,1
2,Payment,1770883089.041322,8822,8,1
2,Payment,1770883089.042164,8474,0,1
2,Payment,1770883089.043426,7983,12,1
1,NewOrder,1770883089.043428,21890,16,1
2,Payment,1770883089.043861,8100,7,1
2,Payment,1770883089.043894,9702,4,1
5,StockLevel,1770883089.046202,18006,20,1
2,Payment,1770883089.046816,7340,19,1
2,Payment,1770883089.047178,8076,14,1
1,NewOrder,1770883089.048366,41234,2,1
2,Payment,1770883089.049303,8095,15,1
1,NewOrder,1770883089.050161,39358,8,1
1,NewOrder,1770883089.050663,18823,0,1
2,Payment,1770883089.051431,8263,12,1
1,NewOrder,1770883089.051975,35281,7,1
1,NewOrder,1770883089.052735,29487,13,1
5,StockLevel,1770883089.052836,25902,23,1
1,NewOrder,1770883089.053622,37279,4,1
1,NewOrder,1770883089.053946,27003,5,1
2,Payment,1770883089.054177,8430,19,1
2,Payment,1770883089.055267,7987,14,1
2,Payment,1770883089.055336,12207,9,1
2,Payment,1770883089.055374,8073,1,1
1,NewOrder,1770883089.056928,30294,3,1
2,Payment,1770883089.057405,7113,18,1
2,Payment,1770883089.057416,8411,15,1
3,OrderStatus,1770883089.059050,10403,22,1
1,NewOrder,1770883089.059721,36581,12,1
1,NewOrder,1770883089.062627,26951,19,1
2,Payment,1770883089.063286,6773,14,1
2,Payment,1770883089.063475,7425,1,1
1,NewOrder,1770883089.064234,24276,20,1
2,Payment,1770883089.064543,8591,18,1
1,NewOrder,1770883089.065336,23149,16,1
1,NewOrder,1770883089.065856,25007,15,1
1,NewOrder,1770883089.065942,35204,10,1
4,Delivery,1770883089.066260,138065,17,1
2,Payment,1770883089.067570,8715,9,1
5,StockLevel,1770883089.068476,18948,21,1
1,NewOrder,1770883089.069480,20067,22,1
2,Payment,1770883089.069513,12308,0,1
1,NewOrder,1770883089.070053,23496,6,1
2,Payment,1770883089.070081,8659,14,1
1,NewOrder,1770883089.070927,37457,1,1
1,NewOrder,1770883089.073160,18933,18,1
1,NewOrder,1770883089.076312,32470,9,1
2,Payment,1770883089.078759,9628,23,1
2,Payment,1770883089.078761,6958,14,1
5,StockLevel,1770883089.080975,14100,5,1
5,StockLevel,1770883089.081849,14793,0,1
2,Payment,1770883089.082240,7951,13,1
2,Payment,1770883089.085747,8203,14,1
2,Payment,1770883089.087251,9522,3,1
5,StockLevel,1770883089.087283,13234,7,1
2,Payment,1770883089.087451,9413,21,1
2,Payment,1770883089.088414,10979,23,1
1,NewOrder,1770883089.088513,16844,16,1
1,NewOrder,1770883089.088538,30796,20,1
1,NewOrder,1770883089.089546,26611,8,1
2,Payment,1770883089.089567,11940,22,1
2,Payment,1770883089.089606,13569,19,1
2,Payment,1770883089.089628,10070,2,1
2,Payment,1770883089.090204,7112,13,1
5,StockLevel,1770883089.090880,15672,15,1
1,NewOrder,1770883089.090919,28014,4,1
1,NewOrder,1770883089.092118,20294,18,1
1,NewOrder,1770883089.093567,31203,6,1
2,Payment,1770883089.093962,7580,14,1
1,NewOrder,1770883089.095100,17842,5,1
1,NewOrder,1770883089.096332,33220,12,1
2,Payment,1770883089.096660,10256,0,1
1,NewOrder,1770883089.096799,33075,3,1
1,NewOrder,1770883089.096885,36793,21,1
1,NewOrder,1770883089.097333,38636,13,1
2,Payment,1770883089.099411,11066,23,1
3,OrderStatus,1770883089.099723,7611,2,1
2,Payment,1770883089.100545,9410,7,1
1,NewOrder,1770883089.101161,20665,10,1
1,NewOrder,1770883089.101523,30262,22,1
2,Payment,1770883089.101570,6304,14,1
2,Payment,1770883089.103194,9643,19,1
2,Payment,1770883089.105382,9669,16,1
1,NewOrder,1770883089.106580,39469,15,1
2,Payment,1770883089.106937,7682,0,1
1,NewOrder,1770883089.107360,38756,2,1
1,NewOrder,1770883089.107903,38176,14,1
1,NewOrder,1770883089.108406,37709,1,1
1,NewOrder,1770883089.108803,29270,9,1
2,Payment,1770883089.109984,7016,7,1
2,Payment,1770883089.110505,7436,23,1
2,Payment,1770883089.112441,8438,18,1
1,NewOrder,1770883089.112856,16997,19,1
1,NewOrder,1770883089.112970,20680,5,1
1,NewOrder,1770883089.114644,25477,0,1
2,Payment,1770883089.115068,10384,16,1
3,OrderStatus,1770883089.116180,9515,8,1
3,OrderStatus,1770883089.117014,8537,7,1
2,Payment,1770883089.117959,8092,23,1
1,NewOrder,1770883089.118951,28814,4,1
2,Payment,1770883089.119351,8820,20,1
1,NewOrder,1770883089.120907,26849,18,1
5,StockLevel,1770883089.121853,16353,10,1
2,Payment,1770883089.124789,7513,6,1
1,NewOrder,1770883089.125479,25567,16,1
1,NewOrder,1770883089.125574,37889,7,1
2,Payment,1770883089.125715,11027,8,1
1,NewOrder,1770883089.126078,34107,23,1
2,Payment,1770883089.128189,8194,20,1
1,NewOrder,1770883089.129581,38219,12,1
2,Payment,1770883089.129874,9401,19,1
2,Payment,1770883089.129889,6596,3,1
2,Payment,1770883089.131800,10018,22,1
1,NewOrder,1770883089.132325,38966,6,1
2,Payment,1770883089.133678,18956,5,1
2,Payment,1770883089.133705,12007,21,1
5,StockLevel,1770883089.135992,23518,13,1
5,StockLevel,1770883089.136411,15641,20,1
1,NewOrder,1770883089.136511,37597,3,1
1,NewOrder,1770883089.136757,24368,8,1
1,NewOrder,1770883089.138090,26771,9,1
1,NewOrder,1770883089.138224,22262,10,1
2,Payment,1770883089.139301,8022,19,1
1,NewOrder,1770883089.140136,38300,0,1
1,NewOrder,1770883089.141832,23690,22,1
2,Payment,1770883089.145731,11124,21,1
3,OrderStatus,1770883089.146062,6905,15,1
2,Payment,1770883089.146095,8185,14,1
1,NewOrder,1770883089.146147,33388,2,1
2,Payment,1770883089.146149,8495,1,1
2,Payment,1770883089.147338,12300,19,1
5,StockLevel,1770883089.147779,17387,18,1
2,Payment,1770883089.147785,16100,4,1
1,NewOrder,1770883089.151062,23022,16,1
1,NewOrder,1770883089.152066,32341,20,1
1,NewOrder,1770883089.152653,21400,5,1
2,Payment,1770883089.152985,10926,15,1
3,OrderStatus,1770883089.154301,8704,14,1
1,NewOrder,1770883089.154657,32221,1,1
1,NewOrder,1770883089.156877,28113,21,1
5,StockLevel,1770883089.159529,13407,13,1
1,NewOrder,1770883089.159657,27613,19,1
4,Delivery,1770883089.160206,69591,23,1
2,Payment,1770883089.160501,10175,10,1
4,Delivery,1770883089.161150,6117,8,1
2,Payment,1770883089.163020,7248,14,1
1,NewOrder,1770883089.163484,34262,7,1
1,NewOrder,1770883089.163910,20382,4,1
1,NewOrder,1770883089.163930,29517,15,1
2,Payment,1770883089.164879,8526,9,1
1,NewOrder,1770883089.165192,18508,18,1
1,NewOrder,1770883089.165540,27436,22,1
2,Payment,1770883089.166815,10131,11,1
2,Payment,1770883089.167286,14998,8,1
5,StockLevel,1770883089.167815,18199,12,1
1,NewOrder,1770883089.170287,24355,14,1
2,Payment,1770883089.170694,9263,10,1
2,Payment,1770883089.171320,13163,6,1
2,Payment,1770883089.172962,11601,13,1
4,Delivery,1770883089.173430,51744,9,1
1,NewOrder,1770883089.174070,29180,5,1
1,NewOrder,1770883089.174101,36528,16,1
2,Payment,1770883089.174131,11205,3,1
4,Delivery,1770883089.176966,48740,11,1
1,NewOrder,1770883089.178451,21717,0,1
2,Payment,1770883089.179556,7681,2,1
2,Payment,1770883089.179976,7335,10,1
1,NewOrder,1770883089.182304,18366,8,1
1,NewOrder,1770883089.183724,19893,18,1
1,NewOrder,1770883089.184306,20586,4,1
2,Payment,1770883089.184435,6745,20,1
2,Payment,1770883089.184510,5914,6,1
2,Payment,1770883089.184580,6950,13,1
1,NewOrder,1770883089.185005,18634,21,1
1,NewOrder,1770883089.185348,37256,3,1
4,Delivery,1770883089.186041,18750,12,1
2,Payment,1770883089.186896,6586,1,1
2,Payment,1770883089.187257,7784,2,1
2,Payment,1770883089.187297,6253,19,1
4,Delivery,1770883089.187338,38341,10,1
2,Payment,1770883089.190443,5312,6,1
1,NewOrder,1770883089.191199,23572,20,1
1,NewOrder,1770883089.191546,31744,13,1
1,NewOrder,1770883089.192995,22633,22,1
1,NewOrder,1770883089.193469,24013,15,1
1,NewOrder,1770883089.193499,28302,1,1
1,NewOrder,1770883089.193567,29079,19,1
2,Payment,1770883089.194659,5742,14,1
1,NewOrder,1770883089.195063,31021,2,1
1,NewOrder,1770883089.195773,23647,6,1
1,NewOrder,1770883089.197788,30369,7,1
1,NewOrder,1770883089.200195,30790,0,1
2,Payment,1770883089.200428,5474,14,1
1,NewOrder,1770883089.200686,29929,8,1
2,Payment,1770883089.203269,8938,5,1
1,NewOrder,1770883089.203636,19778,18,1
1,NewOrder,1770883089.203660,27983,21,1
2,Payment,1770883089.204344,8895,17,1
1,NewOrder,1770883089.204814,19425,12,1
2,Payment,1770883089.204908,9776,4,1
5,StockLevel,1770883089.205918,21888,14,1
2,Payment,1770883089.210656,8017,16,1
2,Payment,1770883089.212226,10225,5,1
1,NewOrder,1770883089.213252,34624,17,1
2,Payment,1770883089.214711,10452,4,1
1,NewOrder,1770883089.214793,24598,20,1
2,Payment,1770883089.215653,6834,22,1
2,Payment,1770883089.217509,5733,15,1
5,StockLevel,1770883089.218698,12755,16,1
2,Payment,1770883089.219446,4776,6,1
2,Payment,1770883089.221828,18779,1,1
2,Payment,1770883089.222466,10045,5,1
1,NewOrder,1770883089.222506,31465,22,1
2,Payment,1770883089.222632,22479,3,1
2,Payment,1770883089.222668,6058,19,1
1,NewOrder,1770883089.223255,24635,15,1
2,Payment,1770883089.223317,5737,13,1
1,NewOrder,1770883089.223441,24990,18,1
2,Payment,1770883089.224237,7275,6,1
2,Payment,1770883089.224267,7804,12,1
1,NewOrder,1770883089.225179,38199,4,1
2,Payment,1770883089.225194,9215,9,1
1,NewOrder,1770883089.225695,22706,10,1
1,NewOrder,1770883089.225725,15475,11,1
2,Payment,1770883089.226110,8654,2,1
2,Payment,1770883089.227821,9756,14,1
1,NewOrder,1770883089.228184,25611,7,1
2,Payment,1770883089.228754,6028,19,1
5,StockLevel,1770883089.229072,16939,13,1
1,NewOrder,1770883089.229817,48196,23,1
1,NewOrder,1770883089.230644,32350,8,1
2,Payment,1770883089.231000,16191,0,1
1,NewOrder,1770883089.231482,21426,16,1
1,NewOrder,1770883089.231540,19693,6,1
1,NewOrder,1770883089.231669,28447,21,1
1,NewOrder,1770883089.232093,17352,12,1
1,NewOrder,1770883089.232539,25185,5,1
2,Payment,1770883089.234424,8748,9,1
5,StockLevel,1770883089.234785,19064,2,1
1,NewOrder,1770883089.234809,40568,19,1
2,Payment,1770883089.237599,6529,14,1
1,NewOrder,1770883089.239409,21014,20,1
1,NewOrder,1770883089.240634,32127,1,1
2,Payment,1770883089.241219,11099,11,1
1,NewOrder,1770883089.243199,20523,9,1
1,NewOrder,1770883089.244147,17292,14,1
1,NewOrder,1770883089.245139,36928,3,1
4,Delivery,1770883089.246036,33578,13,1
5,StockLevel,1770883089.247219,18202,0,1
1,NewOrder,1770883089.247896,33428,17,1
1,NewOrder,1770883089.247907,16192,15,1
2,Payment,1770883089.248418,8071,10,1
3,OrderStatus,1770883089.248449,7108,18,1
1,NewOrder,1770883089.249460,16003,12,1
1,NewOrder,1770883089.251250,37175,6,1
3,OrderStatus,1770883089.252337,11233,11,1
2,Payment,1770883089.252929,10980,16,1
2,Payment,1770883089.253822,6639,7,1
3,OrderStatus,1770883089.253868,7247,2,1
1,NewOrder,1770883089.253987,34355,22,1
1,NewOrder,1770883089.255580,21764,18,1
2,Payment,1770883089.256509,7565,10,1
2,Payment,1770883089.257742,11429,5,1
2,Payment,1770883089.260136,9134,21,1
1,NewOrder,1770883089.260435,19270,20,1
2,Payment,1770883089.260479,8864,7,1
2,Payment,1770883089.261136,10151,2,1
2,Payment,1770883089.261466,7347,14,1
4,Delivery,1770883089.263014,29787,8,1
4,Delivery,1770883089.263402,114869,4,1
1,NewOrder,1770883089.263586,39356,11,1
1,NewOrder,1770883089.263739,25707,9,1
1,NewOrder,1770883089.263924,18177,16,1
2,Payment,1770883089.264092,7750,10,1
1,NewOrder,1770883089.264111,31670,15,1
2,Payment,1770883089.265437,9422,0,1
5,StockLevel,1770883089.265478,15984,12,1
3,OrderStatus,1770883089.268840,8040,14,1
2,Payment,1770883089.269186,9606,5,1
1,NewOrder,1770883089.269288,35887,21,1
3,OrderStatus,1770883089.269364,8476,7,1
2,Payment,1770883089.271304,9024,2,1
5,StockLevel,1770883089.271868,16436,10,1
1,NewOrder,1770883089.272778,21218,1,1
1,NewOrder,1770883089.274873,27254,0,1
2,Payment,1770883089.275394,7091,19,1
1,NewOrder,1770883089.276923,30824,14,1
2,Payment,1770883089.277365,7018,18,1
1,NewOrder,1770883089.277869,24296,7,1
1,NewOrder,1770883089.278029,40647,23,1
1,NewOrder,1770883089.278807,45246,5,1
2,Payment,1770883089.279641,6518,13,1
2,Payment,1770883089.279719,8363,20,1
1,NewOrder,1770883089.280342,30451,2,1
1,NewOrder,1770883089.281341,44234,17,1
1,NewOrder,1770883089.281479,31321,12,1
2,Payment,1770883089.282083,9324,3,1
1,NewOrder,1770883089.282116,31587,16,1
2,Payment,1770883089.282507,9867,19,1
3,OrderStatus,1770883089.284409,7318,18,1
1,NewOrder,1770883089.286178,33104,13,1
4,Delivery,1770883089.288095,78979,20,1
2,Payment,1770883089.288323,6897,10,1
1,NewOrder,1770883089.288362,17835,22,1
2,Payment,1770883089.288448,5116,6,1
1,NewOrder,1770883089.289463,32239,9,1
1,NewOrder,1770883089.291421,36131,3,1
1,NewOrder,1770883089.291755,29262,18,1
2,Payment,1770883089.292388,9356,19,1
1,NewOrder,1770883089.292821,21996,8,1
2,Payment,1770883089.293581,8553,6,1
2,Payment,1770883089.294009,8160,1,1
1,NewOrder,1770883089.295232,30454,10,1
1,NewOrder,1770883089.295797,34078,15,1
2,Payment,1770883089.301791,8027,19,1
1,NewOrder,1770883089.302144,29850,0,1
1,NewOrder,1770883089.302153,24924,6,1
1,NewOrder,1770883089.302187,34784,7,1
1,NewOrder,1770883089.302189,15497,1,1
2,Payment,1770883089.302956,13886,11,1
1,NewOrder,1770883089.305202,41250,21,1
1,NewOrder,1770883089.306214,14461,22,1
2,Payment,1770883089.307766,6597,14,1
2,Payment,1770883089.309833,10255,19,1
2,Payment,1770883089.310816,7244,2,1
1,NewOrder,1770883089.312819,35813,12,1
4,Delivery,1770883089.313724,59751,16,1
1,NewOrder,1770883089.314382,21637,14,1
1,NewOrder,1770883089.314833,31244,8,1
2,Payment,1770883089.316855,7999,11,1
1,NewOrder,1770883089.317706,26807,1,1
2,Payment,1770883089.318080,8881,2,1
2,Payment,1770883089.318693,8827,23,1
1,NewOrder,1770883089.319308,25187,13,1
1,NewOrder,1770883089.320103,26374,19,1
2,Payment,1770883089.320694,8520,22,1
1,NewOrder,1770883089.321032,30174,18,1
1,NewOrder,1770883089.321725,37151,9,1
2,Payment,1770883089.324072,8806,5,1
1,NewOrder,1770883089.324871,21196,11,1
2,Payment,1770883089.325592,11344,17,1
5,StockLevel,1770883089.325705,16327,10,1
1,NewOrder,1770883089.326979,29662,2,1
1,NewOrder,1770883089.327092,21401,6,1
1,NewOrder,1770883089.327535,35990,23,1
2,Payment,1770883089.327566,18939,3,1
2,Payment,1770883089.329235,7880,22,1
1,NewOrder,1770883089.329888,27167,15,1
1,NewOrder,1770883089.332017,35070,0,1
5,StockLevel,1770883089.332900,24818,5,1
5,StockLevel,1770883089.336037,15903,14,1
2,Payment,1770883089.336958,9585,17,1
2,Payment,1770883089.336996,7518,7,1
2,Payment,1770883089.337129,6965,22,1
2,Payment,1770883089.342063,5745,10,1
2,Payment,1770883089.344121,4452,22,1
2,Payment,1770883089.344527,7271,13,1
1,NewOrder,1770883089.344540,32146,7,1
4,Delivery,1770883089.344543,34156,1,1
2,Payment,1770883089.346086,7506,11,1
4,Delivery,1770883089.346095,23990,8,1
2,Payment,1770883089.346469,16992,21,1
1,NewOrder,1770883089.346499,19526,19,1
4,Delivery,1770883089.346536,32285,3,1
2,Payment,1770883089.346564,7417,17,1
5,StockLevel,1770883089.347823,12243,10,1
1,NewOrder,1770883089.348511,24874,6,1
2,Payment,1770883089.348592,8525,22,1
1,NewOrder,1770883089.348645,19916,12,1
2,Payment,1770883089.351224,16912,18,1
1,NewOrder,1770883089.351810,19696,13,1
1,NewOrder,1770883089.351966,13417,14,1
1,NewOrder,1770883089.353615,32897,11,1
2,Payment,1770883089.354003,9490,17,1
3,OrderStatus,1770883089.356668,7135,2,1
3,OrderStatus,1770883089.357069,5502,15,1
1,NewOrder,1770883089.357136,27239,22,1
5,StockLevel,1770883089.357737,15491,5,1
4,Delivery,1770883089.358896,11674,9,1
2,Payment,1770883089.360085,5939,10,1
2,Payment,1770883089.362593,6018,15,1
2,Payment,1770883089.363480,7021,21,1
2,Payment,1770883089.363509,6970,17,1
1,NewOrder,1770883089.363547,24750,23,1
1,NewOrder,1770883089.363818,17571,2,1
2,Payment,1770883089.365404,15153,14,1
1,NewOrder,1770883089.366042,15433,10,1
2,Payment,1770883089.366044,6992,19,1
1,NewOrder,1770883089.367095,39572,20,1
2,Payment,1770883089.367105,7510,0,1
1,NewOrder,1770883089.368156,23135,18,1
1,NewOrder,1770883089.368580,11540,12,1
2,Payment,1770883089.368636,15179,15,1
2,Payment,1770883089.370113,6813,8,1
2,Payment,1770883089.370495,6465,17,1
1,NewOrder,1770883089.370519,36113,21,1
2,Payment,1770883089.370590,8753,9,1
2,Payment,1770883089.371519,18179,13,1
1,NewOrder,1770883089.373058,36375,19,1
4,Delivery,1770883089.373245,5597,5,1
1,NewOrder,1770883089.373401,22655,6,1
2,Payment,1770883089.373493,13788,16,1
2,Payment,1770883089.374633,6690,0,1
2,Payment,1770883089.376715,8084,7,1
2,Payment,1770883089.376944,10676,8,1
2,Payment,1770883089.376982,14346,17,1
4,Delivery,1770883089.378292,60028,4,1
2,Payment,1770883089.378717,5644,1,1
2,Payment,1770883089.378839,12096,3,1
2,Payment,1770883089.378860,8204,5,1
3,OrderStatus,1770883089.379355,9451,9,1
5,StockLevel,1770883089.380135,16884,12,1
1,NewOrder,1770883089.380579,32153,14,1
2,Payment,1770883089.381339,11092,0,1
3,OrderStatus,1770883089.381403,4735,2,1
3,OrderStatus,1770883089.381500,8819,10,1
1,NewOrder,1770883089.383846,35815,15,1
1,NewOrder,1770883089.384387,17681,1,1
1,NewOrder,1770883089.384390,37793,22,1
2,Payment,1770883089.384818,6632,7,1
1,NewOrder,1770883089.386164,26136,2,1
2,Payment,1770883089.386534,9553,11,1
1,NewOrder,1770883089.387079,32928,5,1
1,NewOrder,1770883089.387291,32745,16,1
2,Payment,1770883089.387641,5774,8,1
3,OrderStatus,1770883089.388313,10837,23,1
2,Payment,1770883089.388833,8829,9,1
2,Payment,1770883089.389713,5849,13,1
1,NewOrder,1770883089.390344,24712,10,1
1,NewOrder,1770883089.390963,39555,3,1
2,Payment,1770883089.391303,7815,18,1
1,NewOrder,1770883089.391347,22027,17,1
1,NewOrder,1770883089.391479,37359,7,1
2,Payment,1770883089.392449,7633,0,1
2,Payment,1770883089.393443,7593,8,1
3,OrderStatus,1770883089.395590,9353,13,1
1,NewOrder,1770883089.396084,33254,6,1
1,NewOrder,1770883089.396114,31067,11,1
1,NewOrder,1770883089.397046,30924,12,1
2,Payment,1770883089.397680,5876,9,1
2,Payment,1770883089.399132,8766,18,1
2,Payment,1770883089.399177,7088,23,1
1,NewOrder,1770883089.400096,33229,0,1
1,NewOrder,1770883089.401053,23114,8,1
2,Payment,1770883089.402096,8189,1,1
1,NewOrder,1770883089.403575,27328,9,1
1,NewOrder,1770883089.404962,25960,13,1
5,StockLevel,1770883089.406294,19121,23,1
1,NewOrder,1770883089.406656,28480,21,1
1,NewOrder,1770883089.406695,32160,20,1
1,NewOrder,1770883089.407917,28091,18,1
1,NewOrder,1770883089.409459,21526,19,1
1,NewOrder,1770883089.410313,19413,1,1
2,Payment,1770883089.412319,9149,2,1
2,Payment,1770883089.412761,7982,14,1
5,StockLevel,1770883089.413390,27063,17,1
2,Payment,1770883089.415084,7691,10,1
2,Payment,1770883089.419688,10098,15,1
1,NewOrder,1770883089.420028,20855,5,1
2,Payment,1770883089.420051,12054,16,1
2,Payment,1770883089.420770,12875,14,1
1,NewOrder,1770883089.421496,36067,2,1
3,OrderStatus,1770883089.422205,7076,22,1
1,NewOrder,1770883089.422796,20024,10,1
2,Payment,1770883089.424195,5628,8,1
1,NewOrder,1770883089.425442,16979,23,1
4,Delivery,1770883089.427198,66922,11,1
1,NewOrder,1770883089.427998,32511,12,1
2,Payment,1770883089.428857,7968,7,1
1,NewOrder,1770883089.429309,21335,22,1
1,NewOrder,1770883089.429366,29043,6,1
1,NewOrder,1770883089.429736,44165,1,1
2,Payment,1770883089.429812,7217,15,1
1,NewOrder,1770883089.429850,35971,8,1
2,Payment,1770883089.430538,8167,3,1
2,Payment,1770883089.430930,10781,9,1
3,OrderStatus,1770883089.430939,8739,13,1
2,Payment,1770883089.430999,6836,19,1
1,NewOrder,1770883089.432131,36515,16,1
1,NewOrder,1770883089.433353,22143,0,1
1,NewOrder,1770883089.433672,20899,14,1
2,Payment,1770883089.435156,8429,21,1
1,NewOrder,1770883089.436024,34863,18,1
1,NewOrder,1770883089.436846,24331,7,1
2,Payment,1770883089.437043,7748,15,1
3,OrderStatus,1770883089.437850,8694,19,1
2,Payment,1770883089.438344,7276,4,1
5,StockLevel,1770883089.438720,18935,3,1
1,NewOrder,1770883089.438882,31442,20,1
1,NewOrder,1770883089.439703,27119,13,1
1,NewOrder,1770883089.440470,36993,17,1
1,NewOrder,1770883089.440910,20240,5,1
2,Payment,1770883089.441724,5803,9,1
2,Payment,1770883089.442433,11223,23,1
1,NewOrder,1770883089.442838,18212,10,1
2,Payment,1770883089.443604,11376,21,1
2,Payment,1770883089.444812,6203,15,1
1,NewOrder,1770883089.445645,32437,4,1
1,NewOrder,1770883089.446559,41396,19,1
1,NewOrder,1770883089.447545,17922,9,1
1,NewOrder,1770883089.450662,39258,22,1
2,Payment,1770883089.451026,5798,15,1
2,Payment,1770883089.453683,12574,23,1
1,NewOrder,1770883089.454598,39222,14,1
1,NewOrder,1770883089.455000,23997,21,1
3,OrderStatus,1770883089.455507,7867,0,1
3,OrderStatus,1770883089.456849,8721,15,1
2,Payment,1770883089.457591,8628,2,1
1,NewOrder,1770883089.457682,33419,3,1
2,Payment,1770883089.458436,7420,6,1
1,NewOrder,1770883089.460524,29365,12,1
1,NewOrder,1770883089.461068,35648,10,1
3,OrderStatus,1770883089.461173,7949,5,1
1,NewOrder,1770883089.461213,19859,7,1
1,NewOrder,1770883089.463393,25314,0,1
2,Payment,1770883089.465491,7820,9,1
2,Payment,1770883089.465590,6442,15,1
1,NewOrder,1770883089.465849,24434,8,1
2,Payment,1770883089.465878,5686,6,1
4,Delivery,1770883089.466237,84687,2,1
1,NewOrder,1770883089.466285,33283,23,1
1,NewOrder,1770883089.466838,22200,13,1
2,Payment,1770883089.468674,8177,16,1
1,NewOrder,1770883089.469136,26729,5,1
2,Payment,1770883089.470337,8162,20,1
4,Delivery,1770883089.470906,18123,18,1
1,NewOrder,1770883089.471591,30902,6,1
2,Payment,1770883089.472048,7642,15,1
2,Payment,1770883089.473342,6798,9,1
2,Payment,1770883089.473916,8968,1,1
2,Payment,1770883089.476870,7224,16,1
2,Payment,1770883089.477483,8199,17,1
1,NewOrder,1770883089.478102,34983,4,1
1,NewOrder,1770883089.478517,26954,20,1
1,NewOrder,1770883089.479014,23553,21,1
1,NewOrder,1770883089.479703,30429,15,1
2,Payment,1770883089.480161,8426,9,1
1,NewOrder,1770883089.481100,21442,7,1
2,Payment,1770883089.482900,6556,1,1
1,NewOrder,1770883089.484114,35052,16,1
4,Delivery,1770883089.485703,67159,17,1
1,NewOrder,1770883089.487978,30693,19,1
2,Payment,1770883089.488616,6041,9,1
1,NewOrder,1770883089.488744,33749,0,1
2,Payment,1770883089.489046,7158,18,1
1,NewOrder,1770883089.489062,19904,13,1
2,Payment,1770883089.489483,6702,1,1
1,NewOrder,1770883089.489903,38181,12,1
1,NewOrder,1770883089.489944,35041,22,1
1,NewOrder,1770883089.490299,22834,8,1
1,NewOrder,1770883089.491117,23639,3,1
2,Payment,1770883089.493836,8202,14,1
1,NewOrder,1770883089.494142,27083,11,1
1,NewOrder,1770883089.494679,32433,9,1
2,Payment,1770883089.495892,10086,5,1
2,Payment,1770883089.496212,8022,1,1
1,NewOrder,1770883089.496223,31828,18,1
1,NewOrder,1770883089.496732,22914,10,1
2,Payment,1770883089.499588,10602,23,1
2,Payment,1770883089.502064,7372,14,1
1,NewOrder,1770883089.502519,25172,6,1
1,NewOrder,1770883089.502568,37211,7,1
2,Payment,1770883089.502588,9820,21,1
1,NewOrder,1770883089.504250,31039,1,1
5,StockLevel,1770883089.505490,17956,20,1
1,NewOrder,1770883089.506004,33456,5,1
2,Payment,1770883089.508986,8256,13,1
1,NewOrder,1770883089.509457,23583,14,1
1,NewOrder,1770883089.510161,26666,15,1
1,NewOrder,1770883089.510217,29597,23,1
1,NewOrder,1770883089.512426,29012,21,1
2,Payment,1770883089.513105,8154,4,1
2,Payment,1770883089.513148,7192,8,1
2,Payment,1770883089.514781,9208,3,1
1,NewOrder,1770883089.517269,34943,13,1
5,StockLevel,1770883089.518698,22392,19,1
2,Payment,1770883089.519194,7013,16,1
1,NewOrder,1770883089.519677,22513,10,1
5,StockLevel,1770883089.520354,23879,8,1
2,Payment,1770883089.521254,9107,11,1
1,NewOrder,1770883089.521288,21672,4,1
1,NewOrder,1770883089.522513,31882,0,1
1,NewOrder,1770883089.523461,35878,20,1
1,NewOrder,1770883089.524017,39993,3,1
1,NewOrder,1770883089.525012,18493,22,1
3,OrderStatus,1770883089.526237,8269,16,1
1,NewOrder,1770883089.527130,37430,9,1
2,Payment,1770883089.527718,8508,6,1
1,NewOrder,1770883089.528068,31163,18,1
1,NewOrder,1770883089.528108,16414,12,1
1,NewOrder,1770883089.530378,34386,11,1
1,NewOrder,1770883089.533068,28881,14,1
1,NewOrder,1770883089.534534,24782,16,1
1,NewOrder,1770883089.535316,35665,1,1
2,Payment,1770883089.536253,7601,6,1
1,NewOrder,1770883089.536855,30737,15,1
2,Payment,1770883089.539487,7878,5,1
2,Payment,1770883089.539797,9186,7,1
2,Payment,1770883089.539842,10476,23,1
1,NewOrder,1770883089.541116,19332,19,1
1,NewOrder,1770883089.541453,29453,21,1
2,Payment,1770883089.542210,9343,10,1
1,NewOrder,1770883089.542979,17438,4,1
1,NewOrder,1770883089.543533,31261,22,1
2,Payment,1770883089.543868,10310,6,1
1,NewOrder,1770883089.544250,33463,8,1
1,NewOrder,1770883089.544549,26825,12,1
2,Payment,1770883089.547382,6453,5,1
5,StockLevel,1770883089.549011,16419,7,1
2,Payment,1770883089.550346,7964,23,1
2,Payment,1770883089.550949,8354,2,1
1,NewOrder,1770883089.551578,31769,10,1
2,Payment,1770883089.552240,16883,13,1
2,Payment,1770883089.552888,18540,17,1
1,NewOrder,1770883089.553855,32445,5,1
1,NewOrder,1770883089.554209,23139,6,1
1,NewOrder,1770883089.554417,29775,0,1
2,Payment,1770883089.558329,6053,23,1
2,Payment,1770883089.559245,9092,18,1
1,NewOrder,1770883089.559325,20322,2,1
1,NewOrder,1770883089.559344,32707,16,1
1,NewOrder,1770883089.559367,32370,20,1
1,NewOrder,1770883089.560444,22451,4,1
2,Payment,1770883089.560475,9476,19,1
3,OrderStatus,1770883089.561968,7218,14,1
1,NewOrder,1770883089.564037,40160,3,1
2,Payment,1770883089.564411,12662,23,1
2,Payment,1770883089.564587,6761,9,1
1,NewOrder,1770883089.564791,28000,11,1
1,NewOrder,1770883089.565447,39705,7,1
1,NewOrder,1770883089.567612,31827,15,1
2,Payment,1770883089.568351,6914,18,1
2,Payment,1770883089.569150,7371,13,1
2,Payment,1770883089.569204,9530,14,1
2,Payment,1770883089.569979,9275,19,1
5,StockLevel,1770883089.570934,20300,21,1
1,NewOrder,1770883089.571008,26833,1,1
2,Payment,1770883089.571363,6674,9,1
1,NewOrder,1770883089.571399,18035,12,1
1,NewOrder,1770883089.571447,36418,17,1
3,OrderStatus,1770883089.574811,7953,22,1
1,NewOrder,1770883089.575289,36385,18,1
1,NewOrder,1770883089.576538,34568,13,1
2,Payment,1770883089.577091,9579,23,1
4,Delivery,1770883089.577363,14332,6,1
2,Payment,1770883089.577741,7662,8,1
1,NewOrder,1770883089.578052,25460,9,1
2,Payment,1770883089.578754,6317,14,1
1,NewOrder,1770883089.579276,30804,19,1
1,NewOrder,1770883089.579671,44398,2,1
2,Payment,1770883089.582781,8879,22,1
1,NewOrder,1770883089.582922,34820,4,1
2,Payment,1770883089.583374,7697,10,1
1,NewOrder,1770883089.584219,20340,0,1
1,NewOrder,1770883089.585087,24559,14,1
1,NewOrder,1770883089.585423,23520,8,1
2,Payment,1770883089.586326,8230,5,1
1,NewOrder,1770883089.586689,16024,23,1
2,Payment,1770883089.589461,9998,12,1
1,NewOrder,1770883089.591099,21596,10,1
1,NewOrder,1770883089.591254,17670,21,1
5,StockLevel,1770883089.591677,24316,22,1
2,Payment,1770883089.591723,6429,6,1
2,Payment,1770883089.591765,8077,20,1
1,NewOrder,1770883089.592066,26399,16,1
2,Payment,1770883089.592809,7065,11,1
1,NewOrder,1770883089.594574,17072,5,1
1,NewOrder,1770883089.597858,23430,1,1
1,NewOrder,1770883089.598172,35050,6,1
2,Payment,1770883089.599469,9058,15,1
2,Payment,1770883089.599482,6437,12,1
2,Payment,1770883089.599853,5198,20,1
1,NewOrder,1770883089.599892,36996,11,1
2,Payment,1770883089.602732,8966,23,1
1,NewOrder,1770883089.603536,33419,9,1
1,NewOrder,1770883089.604222,20433,3,1
2,Payment,1770883089.604585,7089,0,1
1,NewOrder,1770883089.605078,25657,20,1
1,NewOrder,1770883089.605166,33793,7,1
2,Payment,1770883089.605938,8178,12,1
1,NewOrder,1770883089.607883,17096,17,1
1,NewOrder,1770883089.608546,20108,15,1
3,OrderStatus,1770883089.608946,6849,21,1
1,NewOrder,1770883089.608958,27523,8,1
2,Payment,1770883089.609663,6853,14,1
5,StockLevel,1770883089.610099,20898,19,1
2,Payment,1770883089.611126,7988,13,1
1,NewOrder,1770883089.611666,24036,5,1
1,NewOrder,1770883089.611692,21690,0,1
3,OrderStatus,1770883089.611702,7665,18,1
2,Payment,1770883089.611716,12373,23,1
1,NewOrder,1770883089.612714,28900,10,1
2,Payment,1770883089.614130,6430,12,1
4,Delivery,1770883089.615813,58345,21,1
2,Payment,1770883089.616012,9985,22,1
2,Payment,1770883089.616538,6882,14,1
1,NewOrder,1770883089.617756,33215,4,1
1,NewOrder,1770883089.618481,30371,16,1
2,Payment,1770883089.619142,9065,13,1
2,Payment,1770883089.619392,9159,18,1
1,NewOrder,1770883089.620577,21072,12,1
1,NewOrder,1770883089.621306,19656,1,1
1,NewOrder,1770883089.623447,30958,14,1
2,Payment,1770883089.624086,8725,2,1
1,NewOrder,1770883089.624117,27687,23,1
1,NewOrder,1770883089.624672,32288,3,1
1,NewOrder,1770883089.624998,30558,17,1
2,Payment,1770883089.626016,5732,22,1
2,Payment,1770883089.628226,6333,13,1
1,NewOrder,1770883089.628570,22048,18,1
1,NewOrder,1770883089.628672,33776,15,1
2,Payment,1770883089.630752,8244,20,1
2,Payment,1770883089.631014,13160,19,1
1,NewOrder,1770883089.631770,39487,22,1
2,Payment,1770883089.632826,5351,2,1
1,NewOrder,1770883089.633237,29243,6,1
2,Payment,1770883089.633411,6622,0,1
2,Payment,1770883089.634582,7519,13,1
1,NewOrder,1770883089.635717,25527,5,1
1,NewOrder,1770883089.636495,35736,8,1
4,Delivery,1770883089.636909,67732,11,1
2,Payment,1770883089.636969,6692,9,1
2,Payment,1770883089.638202,10055,2,1
2,Payment,1770883089.638972,9307,7,1
2,Payment,1770883089.639023,8566,20,1
1,NewOrder,1770883089.640060,28606,0,1
1,NewOrder,1770883089.640986,20528,1,1
1,NewOrder,1770883089.641633,24584,10,1
2,Payment,1770883089.641666,8650,12,1
1,NewOrder,1770883089.642117,24071,13,1
1,NewOrder,1770883089.643678,24488,9,1
2,Payment,1770883089.644194,8003,19,1
1,NewOrder,1770883089.647616,30470,20,1
1,NewOrder,1770883089.648283,17170,2,1
1,NewOrder,1770883089.648300,26460,7,1
1,NewOrder,1770883089.648868,33782,16,1
2,Payment,1770883089.650343,8251,12,1
1,NewOrder,1770883089.650641,29069,18,1
1,NewOrder,1770883089.650989,21240,4,1
4,Delivery,1770883089.651820,22753,23,1
1,NewOrder,1770883089.652216,33871,19,1
5,StockLevel,1770883089.654421,17247,14,1
2,Payment,1770883089.655578,7198,17,1
1,NewOrder,1770883089.656986,18084,3,1
1,NewOrder,1770883089.658610,34698,12,1
1,NewOrder,1770883089.661272,33211,5,1
1,NewOrder,1770883089.661542,35232,1,1
1,NewOrder,1770883089.662476,34538,15,1
1,NewOrder,1770883089.662510,23207,6,1
1,NewOrder,1770883089.662800,33917,17,1
2,Payment,1770883089.665469,7128,2,1
2,Payment,1770883089.666207,6461,13,1
3,OrderStatus,1770883089.666236,7559,10,1
1,NewOrder,1770883089.668193,23477,9,1
2,Payment,1770883089.668684,7023,0,1
2,Payment,1770883089.671285,7293,22,1
1,NewOrder,1770883089.671691,19644,14,1
1,NewOrder,1770883089.672244,32352,4,1
2,Payment,1770883089.672259,9858,8,1
2,Payment,1770883089.672610,7449,2,1
2,Payment,1770883089.672692,6403,13,1
2,Payment,1770883089.673815,10312,10,1
1,NewOrder,1770883089.674171,24464,21,1
2,Payment,1770883089.674592,6503,23,1
2,Payment,1770883089.674777,11277,7,1
1,NewOrder,1770883089.675084,29385,3,1
2,Payment,1770883089.675721,6898,0,1
2,Payment,1770883089.678113,8775,20,1
1,NewOrder,1770883089.678606,18198,22,1
1,NewOrder,1770883089.679117,28000,13,1
2,Payment,1770883089.679728,9354,18,1
1,NewOrder,1770883089.680087,31942,2,1
1,NewOrder,1770883089.681116,27170,23,1
1,NewOrder,1770883089.682137,22877,8,1
1,NewOrder,1770883089.682638,31909,0,1
2,Payment,1770883089.682665,7521,16,1
2,Payment,1770883089.684154,10717,10,1
4,Delivery,1770883089.685745,19564,6,1
2,Payment,1770883089.686074,11048,7,1
1,NewOrder,1770883089.686104,27726,19,1
1,NewOrder,1770883089.686908,22012,20,1
1,NewOrder,1770883089.689107,25711,18,1
2,Payment,1770883089.690212,7625,16,1
2,Payment,1770883089.691353,8136,14,1
4,Delivery,1770883089.691686,13582,9,1
1,NewOrder,1770883089.693325,28105,12,1
1,NewOrder,1770883089.694510,26067,5,1
2,Payment,1770883089.694887,6081,10,1
2,Payment,1770883089.696750,15191,17,1
2,Payment,1770883089.696796,6159,1,1
2,Payment,1770883089.696824,7240,22,1
2,Payment,1770883089.697042,11694,15,1
1,NewOrder,1770883089.697151,12790,7,1
2,Payment,1770883089.697854,20750,16,1
2,Payment,1770883089.698663,10537,21,1
1,NewOrder,1770883089.699505,22924,14,1
2,Payment,1770883089.700986,7288,10,1
2,Payment,1770883089.702973,8507,1,1
2,Payment,1770883089.704086,8412,22,1
1,NewOrder,1770883089.704489,39908,3,1
2,Payment,1770883089.704616,8470,4,1
1,NewOrder,1770883089.704660,29164,11,1
5,StockLevel,1770883089.705050,23284,8,1
1,NewOrder,1770883089.705287,26691,9,1
1,NewOrder,1770883089.705325,17956,6,1
2,Payment,1770883089.707132,9215,13,1
1,NewOrder,1770883089.708304,21539,10,1
1,NewOrder,1770883089.708314,17352,23,1
5,StockLevel,1770883089.708762,18580,15,1
1,NewOrder,1770883089.708934,34244,20,1
1,NewOrder,1770883089.709221,32837,21,1
1,NewOrder,1770883089.709961,31322,7,1
2,Payment,1770883089.711507,8063,1,1
2,Payment,1770883089.711965,14047,17,1
2,Payment,1770883089.712042,11254,2,1
1,NewOrder,1770883089.712512,23364,22,1
1,NewOrder,1770883089.713110,30804,4,1
1,NewOrder,1770883089.713846,20526,19,1
2,Payment,1770883089.714571,14924,0,1
2,Payment,1770883089.714845,6605,18,1
2,Payment,1770883089.716365,7684,13,1
3,OrderStatus,1770883089.718631,8509,16,1
2,Payment,1770883089.719598,7888,1,1
2,Payment,1770883089.720596,10307,5,1
1,NewOrder,1770883089.721457,30421,12,1
2,Payment,1770883089.721467,7507,18,1
4,Delivery,1770883089.722455,32758,14,1
5,StockLevel,1770883089.723300,19351,6,1
2,Payment,1770883089.723313,10920,2,1
2,Payment,1770883089.724064,6311,13,1
2,Payment,1770883089.725695,8713,23,1
1,NewOrder,1770883089.726040,18840,17,1
1,NewOrder,1770883089.727166,39672,16,1
1,NewOrder,1770883089.727358,23667,15,1
1,NewOrder,1770883089.727514,30667,1,1
1,NewOrder,1770883089.728351,34633,8,1
2,Payment,1770883089.729002,9484,18,1
2,Payment,1770883089.729515,7555,0,1
4,Delivery,1770883089.729870,52392,10,1
2,Payment,1770883089.730397,7069,13,1
2,Payment,1770883089.730920,8374,5,1
2,Payment,1770883089.732007,7260,9,1
1,NewOrder,1770883089.733850,27217,11,1
1,NewOrder,1770883089.734247,34422,2,1
2,Payment,1770883089.734399,6530,19,1
2,Payment,1770883089.734437,13970,23,1
1,NewOrder,1770883089.735897,32822,22,1
2,Payment,1770883089.737094,6650,0,1
1,NewOrder,1770883089.737493,38986,13,1
2,Payment,1770883089.738513,7804,18,1
1,NewOrder,1770883089.739293,20102,9,1
2,Payment,1770883089.739321,6607,5,1
2,Payment,1770883089.740956,11572,19,1
2,Payment,1770883089.741301,6713,7,1
1,NewOrder,1770883089.742073,34936,21,1
1,NewOrder,1770883089.742663,40410,6,1
3,OrderStatus,1770883089.743197,9774,20,1
3,OrderStatus,1770883089.743758,9252,0,1
1,NewOrder,1770883089.743942,25460,4,1
4,Delivery,1770883089.744414,42288,3,1
2,Payment,1770883089.744892,7661,17,1
1,NewOrder,1770883089.745949,19795,5,1
2,Payment,1770883089.746332,8112,18,1
1,NewOrder,1770883089.748037,16645,7,1
2,Payment,1770883089.748424,7528,23,1
3,OrderStatus,1770883089.751040,8100,15,1
2,Payment,1770883089.751895,9618,12,1
2,Payment,1770883089.752554,7268,19,1
2,Payment,1770883089.752576,7283,17,1
1,NewOrder,1770883089.752991,40196,20,1
1,NewOrder,1770883089.753032,22933,0,1
2,Payment,1770883089.754471,7454,18,1
1,NewOrder,1770883089.755229,24051,14,1
1,NewOrder,1770883089.755969,35170,23,1
1,NewOrder,1770883089.758199,28027,1,1
2,Payment,1770883089.759167,8376,15,1
2,Payment,1770883089.759422,8151,9,1
1,NewOrder,1770883089.759839,18283,19,1
2,Payment,1770883089.759888,9450,17,1
1,NewOrder,1770883089.761083,18235,11,1
1,NewOrder,1770883089.761531,28441,12,1
2,Payment,1770883089.761949,6796,18,1
2,Payment,1770883089.763013,9372,8,1
1,NewOrder,1770883089.764706,20370,7,1
2,Payment,1770883089.765775,9589,5,1
1,NewOrder,1770883089.766860,18784,16,1
1,NewOrder,1770883089.767563,28704,15,1
1,NewOrder,1770883089.767592,38131,9,1
5,StockLevel,1770883089.768685,20342,2,1
2,Payment,1770883089.768738,7710,22,1
4,Delivery,1770883089.768764,16313,18,1
1,NewOrder,1770883089.769357,22993,17,1
2,Payment,1770883089.769416,9515,4,1
1,NewOrder,1770883089.772402,32760,8,1
2,Payment,1770883089.775383,8828,5,1
2,Payment,1770883089.775978,10168,0,1
1,NewOrder,1770883089.776467,25596,22,1
1,NewOrder,1770883089.776492,26076,13,1
2,Payment,1770883089.777036,8654,21,1
2,Payment,1770883089.778140,9439,19,1
5,StockLevel,1770883089.778945,16539,4,1
1,NewOrder,1770883089.779298,37429,14,1
1,NewOrder,1770883089.779331,19800,11,1
2,Payment,1770883089.782282,7355,10,1
5,StockLevel,1770883089.783088,16195,6,1
1,NewOrder,1770883089.784226,23215,5,1
2,Payment,1770883089.785090,7257,7,1
2,Payment,1770883089.785105,7106,18,1
1,NewOrder,1770883089.785658,19644,16,1
4,Delivery,1770883089.785706,40254,21,1
1,NewOrder,1770883089.786160,26214,0,1
2,Payment,1770883089.786243,6607,1,1
1,NewOrder,1770883089.786729,19647,3,1
2,Payment,1770883089.787599,7538,19,1
2,Payment,1770883089.789042,6541,2,1
1,NewOrder,1770883089.789655,18101,10,1
1,NewOrder,1770883089.789988,30264,12,1
2,Payment,1770883089.791150,10523,23,1
1,NewOrder,1770883089.792229,32014,18,1
1,NewOrder,1770883089.792367,30319,17,1
1,NewOrder,1770883089.792368,42295,7,1
2,Payment,1770883089.792867,8271,1,1
2,Payment,1770883089.793210,10642,20,1
4,Delivery,1770883089.795153,31250,19,1
3,OrderStatus,1770883089.795498,8806,4,1
1,NewOrder,1770883089.795595,25105,2,1
1,NewOrder,1770883089.796283,34427,15,1
2,Payment,1770883089.799146,8673,11,1
2,Payment,1770883089.799293,10414,6,1
1,NewOrder,1770883089.801156,27030,1,1
2,Payment,1770883089.801683,7000,23,1
1,NewOrder,1770883089.802083,37007,22,1
2,Payment,1770883089.802584,10844,13,1
1,NewOrder,1770883089.803869,43949,20,1
1,NewOrder,1770883089.804318,31006,4,1
2,Payment,1770883089.805189,8645,8,1
1,NewOrder,1770883089.805322,32725,16,1
1,NewOrder,1770883089.805739,29852,9,1
1,NewOrder,1770883089.806391,23091,3,1
1,NewOrder,1770883089.807457,22832,5,1
1,NewOrder,1770883089.807768,31125,10,1
2,Payment,1770883089.807833,8355,11,1
1,NewOrder,1770883089.808699,24983,23,1
1,NewOrder,1770883089.809721,23193,6,1
2,Payment,1770883089.812389,8395,0,1
1,NewOrder,1770883089.813444,23585,13,1
1,NewOrder,1770883089.813853,34650,8,1
1,NewOrder,1770883089.816203,39797,11,1
1,NewOrder,1770883089.816738,19815,14,1
2,Payment,1770883089.820276,7933,12,1
5,StockLevel,1770883089.820715,23725,2,1
2,Payment,1770883089.820805,6584,0,1
2,Payment,1770883089.822702,9499,17,1
2,Payment,1770883089.824270,7531,18,1
1,NewOrder,1770883089.825976,36439,21,1
1,NewOrder,1770883089.826420,16449,19,1
2,Payment,1770883089.827416,14438,0,1
1,NewOrder,1770883089.828213,31515,1,1
2,Payment,1770883089.828229,7396,12,1
1,NewOrder,1770883089.829509,28668,3,1
1,NewOrder,1770883089.830318,24619,5,1
2,Payment,1770883089.830730,7193,15,1
1,NewOrder,1770883089.831818,23686,18,1
1,NewOrder,1770883089.832218,31657,17,1
2,Payment,1770883089.832942,9494,6,1
4,Delivery,1770883089.833701,65832,23,1
2,Payment,1770883089.834691,13600,7,1
3,OrderStatus,1770883089.835351,7359,4,1
5,StockLevel,1770883089.835619,23085,9,1
2,Payment,1770883089.835643,6839,12,1
2,Payment,1770883089.836572,8619,14,1
5,StockLevel,1770883089.837045,16772,13,1
2,Payment,1770883089.837950,10426,15,1
1,NewOrder,1770883089.838068,31485,16,1
2,Payment,1770883089.838912,11001,10,1
1,NewOrder,1770883089.839109,36030,22,1
1,NewOrder,1770883089.841883,24305,0,1
1,NewOrder,1770883089.842453,31588,6,1
5,StockLevel,1770883089.842510,18675,12,1
5,StockLevel,1770883089.842725,16883,4,1
2,Payment,1770883089.842886,10726,19,1
1,NewOrder,1770883089.844466,26722,2,1
2,Payment,1770883089.845211,7448,14,1
2,Payment,1770883089.847843,9214,20,1
2,Payment,1770883089.848320,7625,7,1
1,NewOrder,1770883089.848404,32394,15,1
2,Payment,1770883089.848522,9193,8,1
2,Payment,1770883089.849940,10039,10,1
3,OrderStatus,1770883089.852685,4893,14,1
2,Payment,1770883089.853627,9270,19,1
1,NewOrder,1770883089.853845,31253,13,1
1,NewOrder,1770883089.854965,25160,5,1
2,Payment,1770883089.855534,8850,18,1
2,Payment,1770883089.855963,15187,7,1
2,Payment,1770883089.856017,11050,11,1
4,Delivery,1770883089.857075,42952,20,1
2,Payment,1770883089.857596,8007,14,1
1,NewOrder,1770883089.857734,23096,8,1
2,Payment,1770883089.858205,8293,3,1
2,Payment,1770883089.858718,10862,9,1
1,NewOrder,1770883089.859633,41582,4,1
2,Payment,1770883089.859755,8339,1,1
2,Payment,1770883089.859994,5142,10,1
2,Payment,1770883089.861211,9597,12,1
3,OrderStatus,1770883089.862441,6332,21,1
2,Payment,1770883089.862925,5813,19,1
2,Payment,1770883089.863904,8674,17,1
1,NewOrder,1770883089.864413,19551,18,1
1,NewOrder,1770883089.865163,18274,10,1
1,NewOrder,1770883089.865630,30359,14,1
2,Payment,1770883089.866215,7293,0,1
1,NewOrder,1770883089.866525,18204,3,1
1,NewOrder,1770883089.867089,23913,11,1
2,Payment,1770883089.868112,7996,1,1
1,NewOrder,1770883089.868766,23376,19,1
2,Payment,1770883089.868793,8473,21,1
2,Payment,1770883089.869572,9733,16,1
2,Payment,1770883089.869607,6857,9,1
1,NewOrder,1770883089.870836,37322,12,1
1,NewOrder,1770883089.871169,29977,7,1
1,NewOrder,1770883089.871209,20960,2,1
2,Payment,1770883089.872605,8104,17,1
3,OrderStatus,1770883089.873526,6903,0,1
1,NewOrder,1770883089.874065,27647,6,1
5,StockLevel,1770883089.875160,16907,22,1
1,NewOrder,1770883089.876137,30429,1,1
2,Payment,1770883089.876483,7382,9,1
2,Payment,1770883089.877293,8003,21,1
1,NewOrder,1770883089.879328,26592,16,1
2,Payment,1770883089.880152,8002,5,1
1,NewOrder,1770883089.880457,18449,0,1
2,Payment,1770883089.880728,7397,17,1
4,Delivery,1770883089.880827,101872,15,1
2,Payment,1770883089.880849,7034,8,1
4,Delivery,1770883089.883457,55364,10,1
2,Payment,1770883089.883877,7565,9,1
1,NewOrder,1770883089.883992,35097,18,1
1,NewOrder,1770883089.884751,22349,3,1
2,Payment,1770883089.885125,6351,13,1
2,Payment,1770883089.885323,6180,21,1
1,NewOrder,1770883089.887910,26212,8,1
1,NewOrder,1770883089.888144,23724,17,1
2,Payment,1770883089.888181,7002,5,1
1,NewOrder,1770883089.891022,22809,11,1
1,NewOrder,1770883089.891463,30319,9,1
5,StockLevel,1770883089.891503,16889,13,1
2,Payment,1770883089.891530,6992,21,1
2,Payment,1770883089.892081,9533,22,1
4,Delivery,1770883089.892160,7892,19,1
1,NewOrder,1770883089.892185,44336,2,1
1,NewOrder,1770883089.895201,21522,5,1
2,Payment,1770883089.896016,5635,14,1
1,NewOrder,1770883089.898548,27646,21,1
2,Payment,1770883089.898934,8721,0,1
3,OrderStatus,1770883089.899561,9532,23,1
5,StockLevel,1770883089.900044,14681,20,1
2,Payment,1770883089.900070,3356,19,1
1,NewOrder,1770883089.901174,37658,7,1
1,NewOrder,1770883089.901236,46438,4,1
2,Payment,1770883089.901626,9778,22,1
1,NewOrder,1770883089.901668,19486,14,1
5,StockLevel,1770883089.901736,17223,6,1
2,Payment,1770883089.903453,10335,19,1
2,Payment,1770883089.905934,7502,16,1
2,Payment,1770883089.906595,7535,1,1
3,OrderStatus,1770883089.907127,7090,3,1
1,NewOrder,1770883089.907681,30796,0,1
2,Payment,1770883089.908171,7173,12,1
1,NewOrder,1770883089.908416,35655,13,1
5,StockLevel,1770883089.909119,23348,23,1
1,NewOrder,1770883089.911419,20686,22,1
1,NewOrder,1770883089.911894,46388,17,1
1,NewOrder,1770883089.913451,62301,16,1
1,NewOrder,1770883089.913813,22335,19,1
1,NewOrder,1770883089.913858,30329,11,1
1,NewOrder,1770883089.914148,27109,8,1
1,NewOrder,1770883089.914156,20096,1,1
2,Payment,1770883089.914245,7864,3,1
1,NewOrder,1770883089.914738,28997,20,1
1,NewOrder,1770883089.915385,38412,12,1
2,Payment,1770883089.916740,8747,5,1
2,Payment,1770883089.918984,7912,6,1
1,NewOrder,1770883089.919107,19746,18,1
2,Payment,1770883089.921180,7208,14,1
1,NewOrder,1770883089.921810,19778,9,1
1,NewOrder,1770883089.922136,34955,3,1
2,Payment,1770883089.925511,10226,5,1
2,Payment,1770883089.926222,9169,21,1
1,NewOrder,1770883089.926922,28832,6,1
1,NewOrder,1770883089.928415,45771,14,1
2,Payment,1770883089.932132,7198,22,1
2,Payment,1770883089.932493,11738,23,1
1,NewOrder,1770883089.934278,18519,1,1
1,NewOrder,1770883089.935402,54440,21,1
2,Payment,1770883089.935764,9240,5,1
1,NewOrder,1770883089.936163,41861,19,1
3,OrderStatus,1770883089.936548,10518,2,1
2,Payment,1770883089.938496,8848,0,1
1,NewOrder,1770883089.938834,44448,10,1
1,NewOrder,1770883089.938856,49501,7,1
2,Payment,1770883089.938888,7804,18,1
2,Payment,1770883089.939357,11518,22,1
1,NewOrder,1770883089.941285,45626,8,1
2,Payment,1770883089.941608,7296,9,1
1,NewOrder,1770883089.943751,56230,20,1
1,NewOrder,1770883089.944088,39227,13,1
1,NewOrder,1770883089.944203,39264,11,1
4,Delivery,1770883089.944250,88188,23,1
1,NewOrder,1770883089.945031,52099,5,1
1,NewOrder,1770883089.946717,42405,18,1
2,Payment,1770883089.947091,9025,2,1
2,Payment,1770883089.947357,7173,0,1
4,Delivery,1770883089.947686,70808,4,1
1,NewOrder,1770883089.948934,57351,9,1
3,OrderStatus,1770883089.950900,7386,22,1
5,StockLevel,1770883089.952820,25374,1,1
3,OrderStatus,1770883089.953825,21367,12,1
1,NewOrder,1770883089.954556,40998,0,1
1,NewOrder,1770883089.955781,31687,6,1
1,NewOrder,1770883089.956139,53866,2,1
2,Payment,1770883089.957111,21704,3,1
2,Payment,1770883089.958298,22690,17,1
2,Payment,1770883089.958305,25136,22,1
1,NewOrder,1770883089.974211,22268,14,1
1,NewOrder,1770883089.975222,20070,12,1
1,NewOrder,1770883089.975774,28257,16,1
1,NewOrder,1770883089.978040,12754,19,1
2,Payment,1770883089.978205,6970,1,1
1,NewOrder,1770883089.978835,25699,3,1
2,Payment,1770883089.981003,7748,17,1
2,Payment,1770883089.982719,14985,15,1
2,Payment,1770883089.983296,15488,10,1
2,Payment,1770883089.983328,15726,13,1
1,NewOrder,1770883089.983455,34542,22,1
2,Payment,1770883089.983477,10755,11,1
1,NewOrder,1770883089.985193,18491,1,1
2,Payment,1770883089.986938,13603,8,1
2,Payment,1770883089.987483,15207,6,1
1,NewOrder,1770883089.988386,22572,7,1
1,NewOrder,1770883089.988766,32341,17,1
1,NewOrder,1770883089.989147,27751,18,1
1,NewOrder,1770883089.989860,33332,21,1
2,Payment,1770883089.990821,3960,19,1
1,NewOrder,1770883089.994253,24229,11,1
2,Payment,1770883089.994809,4446,19,1
4,Delivery,1770883089.995316,12005,12,1
1,NewOrder,1770883089.995579,26996,0,1
2,Payment,1770883089.996497,4619,14,1
1,NewOrder,1770883089.997158,26010,5,1
2,Payment,1770883089.997731,8160,15,1
1,NewOrder,1770883089.998811,18104,10,1
1,NewOrder,1770883089.999071,25735,13,1
2,Payment,1770883089.999273,4826,19,1
1,NewOrder,1770883090.000006,26290,20,1
1,NewOrder,1770883090.000568,33607,8,1
4,Delivery,1770883090.001136,6547,14,1
2,Payment,1770883090.002718,5971,6,1
1,NewOrder,1770883090.003697,24253,1,1
1,NewOrder,1770883090.004050,24058,16,1
3,OrderStatus,1770883090.004129,6391,19,1
1,NewOrder,1770883090.004548,42077,3,1
2,Payment,1770883090.005918,11707,15,1
4,Delivery,1770883090.006311,26912,9,1
2,Payment,1770883090.007338,12468,12,1
5,StockLevel,1770883090.007699,12793,14,1
2,Payment,1770883090.008717,5462,6,1
2,Payment,1770883090.010020,7993,2,1
2,Payment,1770883090.010545,6340,19,1
2,Payment,1770883090.010974,7539,7,1
2,Payment,1770883090.014200,8811,6,1
2,Payment,1770883090.016906,8829,19,1
2,Payment,1770883090.016927,5152,18,1
2,Payment,1770883090.016934,11581,10,1
2,Payment,1770883090.017642,15087,15,1
2,Payment,1770883090.018015,9430,22,1
1,NewOrder,1770883090.018039,30343,2,1
5,StockLevel,1770883090.018507,30029,11,1
2,Payment,1770883090.018531,8501,4,1
2,Payment,1770883090.018534,12839,7,1
1,NewOrder,1770883090.019830,28017,12,1
1,NewOrder,1770883090.020506,25496,14,1
1,NewOrder,1770883090.021121,23858,17,1
2,Payment,1770883090.022105,7200,18,1
2,Payment,1770883090.022596,6274,0,1
1,NewOrder,1770883090.023024,33560,6,1
2,Payment,1770883090.023195,7448,5,1
1,NewOrder,1770883090.023220,23443,21,1
2,Payment,1770883090.024825,10263,13,1
1,NewOrder,1770883090.025782,25581,19,1
1,NewOrder,1770883090.026311,17608,20,1
1,NewOrder,1770883090.027051,21424,4,1
3,OrderStatus,1770883090.027471,5175,22,1
2,Payment,1770883090.027963,7544,1,1
2,Payment,1770883090.028137,13605,16,1
1,NewOrder,1770883090.028531,23985,10,1
2,Payment,1770883090.028896,8587,0,1
2,Payment,1770883090.029321,3928,18,1
2,Payment,1770883090.030662,8587,5,1
3,OrderStatus,1770883090.031397,11147,7,1
2,Payment,1770883090.032454,7677,23,1
4,Delivery,1770883090.032673,60645,22,1
2,Payment,1770883090.032753,13934,15,1
1,NewOrder,1770883090.033251,21909,9,1
1,NewOrder,1770883090.033267,23893,18,1
1,NewOrder,1770883090.034201,27405,8,1
1,NewOrder,1770883090.035102,35413,13,1
1,NewOrder,1770883090.035523,40559,1,1
2,Payment,1770883090.037497,6068,0,1
2,Payment,1770883090.039272,6769,5,1
2,Payment,1770883090.040147,7272,23,1
1,NewOrder,1770883090.041788,34208,16,1
1,NewOrder,1770883090.042572,34540,7,1
2,Payment,1770883090.043595,7536,0,1
1,NewOrder,1770883090.043937,24259,20,1
3,OrderStatus,1770883090.044996,8006,17,1
1,NewOrder,1770883090.046030,34804,14,1
2,Payment,1770883090.046067,6823,5,1
1,NewOrder,1770883090.046641,29391,3,1
1,NewOrder,1770883090.046680,33781,21,1
2,Payment,1770883090.046706,11542,15,1
1,NewOrder,1770883090.047445,37043,23,1
1,NewOrder,1770883090.047862,30061,12,1
1,NewOrder,1770883090.048411,28729,2,1
1,NewOrder,1770883090.048502,30675,4,1
2,Payment,1770883090.048562,6946,11,1
5,StockLevel,1770883090.051158,21258,0,1
1,NewOrder,1770883090.051384,26625,19,1
2,Payment,1770883090.052535,7662,10,1
2,Payment,1770883090.052902,6980,5,1
2,Payment,1770883090.053023,8919,17,1
1,NewOrder,1770883090.055188,21961,9,1
1,NewOrder,1770883090.055520,32641,11,1
2,Payment,1770883090.056610,10953,6,1
2,Payment,1770883090.057182,8230,18,1
1,NewOrder,1770883090.058272,31420,15,1
2,Payment,1770883090.059911,7168,5,1
3,OrderStatus,1770883090.060222,8017,10,1
2,Payment,1770883090.061633,14356,8,1
1,NewOrder,1770883090.061962,47293,17,1
2,Payment,1770883090.065439,7201,18,1
1,NewOrder,1770883090.067100,39745,5,1
1,NewOrder,1770883090.067591,22025,6,1
2,Payment,1770883090.068223,12135,20,1
3,OrderStatus,1770883090.068267,5815,10,1
1,NewOrder,1770883090.070532,13983,13,1
2,Payment,1770883090.072443,8289,0,1
1,NewOrder,1770883090.072659,31337,18,1
1,NewOrder,1770883090.074109,28307,10,1
2,Payment,1770883090.076010,4424,8,1
1,NewOrder,1770883090.076025,20616,16,1
1,NewOrder,1770883090.076060,13185,3,1
4,Delivery,1770883090.076109,42888,1,1
2,Payment,1770883090.077128,6869,7,1
1,NewOrder,1770883090.077174,32110,2,1
2,Payment,1770883090.077177,8598,9,1
1,NewOrder,1770883090.077951,32578,12,1
3,OrderStatus,1770883090.078023,5908,19,1
4,Delivery,1770883090.079201,40193,4,1
2,Payment,1770883090.080375,6428,20,1
5,StockLevel,1770883090.080461,17044,8,1
1,NewOrder,1770883090.080490,32286,21,1
2,Payment,1770883090.080760,6382,0,1
1,NewOrder,1770883090.080861,21532,14,1
1,NewOrder,1770883090.083956,20675,19,1
1,NewOrder,1770883090.084019,32523,7,1
2,Payment,1770883090.084504,6663,23,1
1,NewOrder,1770883090.084529,20733,13,1
3,OrderStatus,1770883090.085796,7380,9,1
2,Payment,1770883090.086828,7001,20,1
2,Payment,1770883090.087161,10060,0,1
2,Payment,1770883090.088188,8059,11,1
1,NewOrder,1770883090.089263,16656,3,1
1,NewOrder,1770883090.089633,32283,6,1
2,Payment,1770883090.089721,6170,15,1
2,Payment,1770883090.091195,13321,23,1
1,NewOrder,1770883090.093203,30509,9,1
2,Payment,1770883090.093337,7378,22,1
2,Payment,1770883090.093842,8490,20,1
1,NewOrder,1770883090.095912,20670,15,1
1,NewOrder,1770883090.096274,28102,11,1
2,Payment,1770883090.096659,8007,16,1
1,NewOrder,1770883090.097248,22230,0,1
1,NewOrder,1770883090.097521,31330,8,1
2,Payment,1770883090.100738,11036,22,1
2,Payment,1770883090.102358,5978,20,1
2,Payment,1770883090.102422,7299,14,1
2,Payment,1770883090.102433,7261,10,1
2,Payment,1770883090.104010,9349,18,1
1,NewOrder,1770883090.104543,24164,23,1
1,NewOrder,1770883090.104647,35703,19,1
3,OrderStatus,1770883090.104680,5175,16,1
1,NewOrder,1770883090.105287,17562,13,1
1,NewOrder,1770883090.105945,35661,3,1
5,StockLevel,1770883090.106872,16202,5,1
2,Payment,1770883090.108351,7495,20,1
1,NewOrder,1770883090.109282,17102,17,1
2,Payment,1770883090.109313,5312,2,1
2,Payment,1770883090.109719,5559,10,1
2,Payment,1770883090.109748,5565,14,1
2,Payment,1770883090.109872,8638,16,1
1,NewOrder,1770883090.110545,37715,12,1
1,NewOrder,1770883090.111800,26109,22,1
1,NewOrder,1770883090.112799,25073,21,1
2,Payment,1770883090.113377,6454,18,1
5,StockLevel,1770883090.114644,17179,2,1
1,NewOrder,1770883090.115301,31726,10,1
1,NewOrder,1770883090.115341,34594,14,1
1,NewOrder,1770883090.115873,29134,20,1
1,NewOrder,1770883090.116569,37126,7,1
2,Payment,1770883090.116602,8677,15,1
2,Payment,1770883090.118537,8331,16,1
1,NewOrder,1770883090.119010,24612,1,1
5,StockLevel,1770883090.119412,10003,4,1
3,OrderStatus,1770883090.119505,6013,0,1
4,Delivery,1770883090.119858,15595,18,1
1,NewOrder,1770883090.121944,30105,6,1
2,Payment,1770883090.122876,11410,13,1
1,NewOrder,1770883090.123101,24233,5,1
1,NewOrder,1770883090.123737,19909,9,1
1,NewOrder,1770883090.124400,18833,11,1
1,NewOrder,1770883090.125308,26463,15,1
2,Payment,1770883090.125540,9134,0,1
1,NewOrder,1770883090.126403,19885,17,1
1,NewOrder,1770883090.126895,24027,16,1
1,NewOrder,1770883090.128724,31884,23,1
2,Payment,1770883090.128863,8153,8,1
1,NewOrder,1770883090.129432,34999,4,1
1,NewOrder,1770883090.131849,31816,2,1
1,NewOrder,1770883090.134305,20493,13,1
2,Payment,1770883090.134692,6287,0,1
1,NewOrder,1770883090.135479,37745,18,1
2,Payment,1770883090.137043,8753,8,1
2,Payment,1770883090.137889,11511,21,1
2,Payment,1770883090.137929,7112,22,1
2,Payment,1770883090.140376,11660,19,1
1,NewOrder,1770883090.140998,26137,0,1
3,OrderStatus,1770883090.141626,7769,3,1
1,NewOrder,1770883090.143247,29946,11,1
3,OrderStatus,1770883090.143650,8921,1,1
1,NewOrder,1770883090.143674,36521,9,1
2,Payment,1770883090.145033,9563,20,1
2,Payment,1770883090.145069,11491,22,1
1,NewOrder,1770883090.145824,34449,8,1
2,Payment,1770883090.146304,6728,17,1
1,NewOrder,1770883090.147055,16200,10,1
2,Payment,1770883090.147362,7219,5,1
3,OrderStatus,1770883090.148283,8502,12,1
1,NewOrder,1770883090.149422,31290,3,1
2,Payment,1770883090.149431,9519,21,1
1,NewOrder,1770883090.149953,16829,14,1
1,NewOrder,1770883090.150935,28510,16,1
1,NewOrder,1770883090.151799,29273,15,1
2,Payment,1770883090.152066,8526,19,1
2,Payment,1770883090.152070,6489,6,1
2,Payment,1770883090.152597,12739,1,1
1,NewOrder,1770883090.153046,26096,17,1
2,Payment,1770883090.153725,6272,7,1
2,Payment,1770883090.154603,12580,5,1
1,NewOrder,1770883090.154624,31584,20,1
1,NewOrder,1770883090.154813,24032,13,1
1,NewOrder,1770883090.156589,14108,22,1
2,Payment,1770883090.156812,5912,12,1
2,Payment,1770883090.158574,6230,6,1
2,Payment,1770883090.158969,8141,21,1
2,Payment,1770883090.160012,7206,7,1
1,NewOrder,1770883090.160619,29371,19,1
2,Payment,1770883090.160629,10689,23,1
2,Payment,1770883090.162751,10407,12,1
4,Delivery,1770883090.163276,55108,10,1
1,NewOrder,1770883090.163689,41599,2,1
1,NewOrder,1770883090.164450,21886,4,1
2,Payment,1770883090.164821,8416,6,1
1,NewOrder,1770883090.165362,32277,1,1
2,Payment,1770883090.166798,9786,14,1
2,Payment,1770883090.167137,10171,21,1
2,Payment,1770883090.167154,5677,0,1
1,NewOrder,1770883090.167210,23146,5,1
1,NewOrder,1770883090.167244,19507,7,1
1,NewOrder,1770883090.170722,21302,22,1
4,Delivery,1770883090.171341,62547,23,1
1,NewOrder,1770883090.172850,25897,0,1
5,StockLevel,1770883090.173186,18368,12,1
2,Payment,1770883090.173219,13985,11,1
2,Payment,1770883090.173243,8633,18,1
2,Payment,1770883090.173253,11440,6,1
2,Payment,1770883090.176611,9100,14,1
2,Payment,1770883090.177335,7983,21,1
2,Payment,1770883090.178868,8689,13,1
1,NewOrder,1770883090.179168,23349,17,1
1,NewOrder,1770883090.179463,34549,16,1
1,NewOrder,1770883090.180210,33485,9,1
1,NewOrder,1770883090.180300,23343,8,1
1,NewOrder,1770883090.180738,38915,3,1
1,NewOrder,1770883090.181099,24146,15,1
4,Delivery,1770883090.181892,52543,18,1
1,NewOrder,1770883090.184720,35899,6,1
1,NewOrder,1770883090.185344,30527,21,1
2,Payment,1770883090.185731,8667,14,1
1,NewOrder,1770883090.186220,24902,20,1
2,Payment,1770883090.186385,7586,4,1
2,Payment,1770883090.186778,7653,7,1
1,NewOrder,1770883090.187231,33741,11,1
2,Payment,1770883090.187573,9384,13,1
2,Payment,1770883090.190019,6578,19,1
4,Delivery,1770883090.190373,66509,5,1
2,Payment,1770883090.191571,8026,12,1
1,NewOrder,1770883090.192038,28134,22,1
1,NewOrder,1770883090.193999,28725,4,1
1,NewOrder,1770883090.194414,27149,14,1
2,Payment,1770883090.194449,8024,7,1
1,NewOrder,1770883090.196632,28692,19,1
2,Payment,1770883090.196978,5075,13,1
1,NewOrder,1770883090.197652,28056,1,1
4,Delivery,1770883090.198760,58524,0,1
2,Payment,1770883090.199632,7930,12,1
3,OrderStatus,1770883090.202069,9584,13,1
1,NewOrder,1770883090.202503,18091,7,1
1,NewOrder,1770883090.202542,14669,17,1
1,NewOrder,1770883090.203657,19043,8,1
1,NewOrder,1770883090.205276,29630,15,1
2,Payment,1770883090.205314,6244,2,1
4,Delivery,1770883090.207580,14565,12,1
3,OrderStatus,1770883090.211142,4183,20,1
1,NewOrder,1770883090.211577,23772,2,1
3,OrderStatus,1770883090.211672,6944,13,1
1,NewOrder,1770883090.213723,24079,9,1
1,NewOrder,1770883090.214032,26968,16,1
1,NewOrder,1770883090.215350,18190,20,1
2,Payment,1770883090.215889,6905,21,1
5,StockLevel,1770883090.217241,18319,17,1
1,NewOrder,1770883090.218403,39068,10,1
2,Payment,1770883090.218643,7035,13,1
2,Payment,1770883090.219683,8093,3,1
4,Delivery,1770883090.220184,14219,22,1
1,NewOrder,1770883090.220621,35835,7,1
1,NewOrder,1770883090.220640,31839,6,1
1,NewOrder,1770883090.220992,32445,11,1
2,Payment,1770883090.221575,7276,14,1
2,Payment,1770883090.222160,9856,12,1
2,Payment,1770883090.222719,7331,8,1
1,NewOrder,1770883090.222748,24492,4,1
1,NewOrder,1770883090.222813,23381,21,1
1,NewOrder,1770883090.225338,14697,19,1
2,Payment,1770883090.225695,8297,13,1
2,Payment,1770883090.225730,5010,1,1
1,NewOrder,1770883090.227796,30935,3,1
1,NewOrder,1770883090.228878,35289,14,1
2,Payment,1770883090.230071,8328,8,1
1,NewOrder,1770883090.230754,35343,1,1
2,Payment,1770883090.232037,7596,12,1
2,Payment,1770883090.233557,9420,20,1
5,StockLevel,1770883090.233909,20862,23,1
2,Payment,1770883090.234010,7993,13,1
2,Payment,1770883090.234423,10984,22,1
1,NewOrder,1770883090.234453,15761,18,1
1,NewOrder,1770883090.234924,22016,15,1
1,NewOrder,1770883090.235365,23958,2,1
2,Payment,1770883090.235571,8813,17,1
1,NewOrder,1770883090.237820,34961,9,1
5,StockLevel,1770883090.238410,18585,8,1
2,Payment,1770883090.239659,9821,12,1
2,Payment,1770883090.240056,7666,19,1
4,Delivery,1770883090.241017,50548,16,1
2,Payment,1770883090.242020,10866,13,1
5,StockLevel,1770883090.243003,15712,20,1
1,NewOrder,1770883090.244401,41042,17,1
1,NewOrder,1770883090.245425,31309,22,1
4,Delivery,1770883090.246214,39760,21,1
2,Payment,1770883090.247254,7318,4,1
1,NewOrder,1770883090.247743,23219,19,1
1,NewOrder,1770883090.249507,42537,12,1
1,NewOrder,1770883090.250230,20467,18,1
3,OrderStatus,1770883090.252505,7891,6,1
2,Payment,1770883090.252902,3964,13,1
1,NewOrder,1770883090.253451,26753,11,1
1,NewOrder,1770883090.254584,22201,4,1
2,Payment,1770883090.254799,6069,23,1
1,NewOrder,1770883090.256474,26639,7,1
2,Payment,1770883090.256891,9172,13,1
2,Payment,1770883090.256905,5687,5,1
2,Payment,1770883090.256964,6530,15,1
1,NewOrder,1770883090.257022,40791,8,1
2,Payment,1770883090.257301,8705,0,1
1,NewOrder,1770883090.257498,33404,10,1
1,NewOrder,1770883090.258731,23535,20,1
2,Payment,1770883090.258758,9008,3,1
1,NewOrder,1770883090.259349,22373,2,1
1,NewOrder,1770883090.260421,38300,6,1
2,Payment,1770883090.260884,7601,23,1
1,NewOrder,1770883090.262608,33813,5,1
1,NewOrder,1770883090.263518,29098,15,1
2,Payment,1770883090.264193,8324,14,1
1,NewOrder,1770883090.266026,44948,0,1
1,NewOrder,1770883090.266089,19865,13,1
1,NewOrder,1770883090.266122,20957,1,1
1,NewOrder,1770883090.267791,38109,3,1
2,Payment,1770883090.268513,7790,23,1
5,StockLevel,1770883090.270722,19267,18,1
2,Payment,1770883090.270978,7210,19,1
1,NewOrder,1770883090.272542,33202,14,1
1,NewOrder,1770883090.272795,23198,9,1
2,Payment,1770883090.276329,11940,23,1
1,NewOrder,1770883090.276745,16792,22,1
3,OrderStatus,1770883090.276812,8649,4,1
1,NewOrder,1770883090.278214,29232,19,1
3,OrderStatus,1770883090.280230,7547,11,1
2,Payment,1770883090.281740,8460,2,1
1,NewOrder,1770883090.282282,31553,20,1
1,NewOrder,1770883090.283140,36770,7,1
1,NewOrder,1770883090.285469,25875,17,1
1,NewOrder,1770883090.285490,31722,4,1
1,NewOrder,1770883090.285980,23796,13,1
2,Payment,1770883090.285997,5939,21,1
3,OrderStatus,1770883090.287093,7060,1,1
1,NewOrder,1770883090.287795,30671,11,1
2,Payment,1770883090.288304,8088,23,1
1,NewOrder,1770883090.290014,33998,18,1
1,NewOrder,1770883090.290223,26163,2,1
1,NewOrder,1770883090.290927,35782,10,1
2,Payment,1770883090.291593,7056,16,1
2,Payment,1770883090.291952,6677,21,1
1,NewOrder,1770883090.292060,37459,12,1
2,Payment,1770883090.292634,7638,15,1
5,StockLevel,1770883090.293563,16882,22,1
2,Payment,1770883090.294179,10730,1,1
1,NewOrder,1770883090.296016,21799,9,1
2,Payment,1770883090.296407,9308,23,1
2,Payment,1770883090.296439,10729,5,1
2,Payment,1770883090.297842,7941,8,1
2,Payment,1770883090.298663,8749,21,1
2,Payment,1770883090.298667,6770,16,1
5,StockLevel,1770883090.298736,19842,6,1
5,StockLevel,1770883090.300298,16707,15,1
1,NewOrder,1770883090.304926,30539,1,1
2,Payment,1770883090.305466,6835,16,1
2,Payment,1770883090.305741,5636,23,1
5,StockLevel,1770883090.305786,16499,14,1
2,Payment,1770883090.305803,7626,8,1
1,NewOrder,1770883090.305927,36477,3,1
4,Delivery,1770883090.307194,66159,5,1
1,NewOrder,1770883090.307429,15423,21,1
1,NewOrder,1770883090.307462,17338,19,1
1,NewOrder,1770883090.309809,17436,13,1
1,NewOrder,1770883090.310471,26898,22,1
2,Payment,1770883090.310989,8363,0,1
2,Payment,1770883090.311363,9065,17,1
1,NewOrder,1770883090.311390,19304,23,1
5,StockLevel,1770883090.312320,17387,16,1
1,NewOrder,1770883090.313443,24522,8,1
1,NewOrder,1770883090.313851,17728,20,1
2,Payment,1770883090.316412,7510,2,1
1,NewOrder,1770883090.317032,31539,15,1
3,OrderStatus,1770883090.317239,8385,4,1
1,NewOrder,1770883090.317841,24512,9,1
1,NewOrder,1770883090.318492,22235,11,1
2,Payment,1770883090.318598,7245,6,1
2,Payment,1770883090.319369,7291,0,1
2,Payment,1770883090.319933,9211,7,1
1,NewOrder,1770883090.320451,39782,17,1
2,Payment,1770883090.322311,10341,14,1
1,NewOrder,1770883090.322866,26622,21,1
1,NewOrder,1770883090.323938,28464,2,1
1,NewOrder,1770883090.324031,27201,18,1
1,NewOrder,1770883090.324825,17178,19,1
1,NewOrder,1770883090.325650,34152,4,1
5,StockLevel,1770883090.325866,17549,6,1
1,NewOrder,1770883090.326686,42880,0,1
1,NewOrder,1770883090.326743,25274,10,1
1,NewOrder,1770883090.327267,17177,13,1
3,OrderStatus,1770883090.329160,9512,7,1
1,NewOrder,1770883090.329547,41722,12,1
2,Payment,1770883090.329720,10618,16,1
3,OrderStatus,1770883090.330709,8486,23,1
2,Payment,1770883090.331593,6405,20,1
1,NewOrder,1770883090.332671,17678,14,1
2,Payment,1770883090.335491,6955,1,1
1,NewOrder,1770883090.337395,32627,22,1
2,Payment,1770883090.337992,7239,8,1
2,Payment,1770883090.338025,6781,20,1
1,NewOrder,1770883090.338698,26580,7,1
1,NewOrder,1770883090.339208,33951,23,1
1,NewOrder,1770883090.340349,35208,16,1
2,Payment,1770883090.340753,6294,11,1
2,Payment,1770883090.342030,6974,19,1
1,NewOrder,1770883090.342378,18843,9,1
1,NewOrder,1770883090.342419,37527,3,1
1,NewOrder,1770883090.342472,33045,1,1
1,NewOrder,1770883090.343440,26156,6,1
2,Payment,1770883090.344471,7879,13,1
1,NewOrder,1770883090.344827,35183,20,1
1,NewOrder,1770883090.345252,24820,8,1
2,Payment,1770883090.347072,7871,11,1
2,Payment,1770883090.348589,10499,15,1
1,NewOrder,1770883090.349031,25385,19,1
1,NewOrder,1770883090.349511,24388,21,1
2,Payment,1770883090.350365,13072,14,1
1,NewOrder,1770883090.351247,22680,18,1
2,Payment,1770883090.352040,8457,10,1
1,NewOrder,1770883090.352372,19764,13,1
2,Payment,1770883090.352428,7636,2,1
1,NewOrder,1770883090.354969,25566,11,1
1,NewOrder,1770883090.359114,29012,15,1
1,NewOrder,1770883090.359822,26205,4,1
1,NewOrder,1770883090.360091,32387,2,1
2,Payment,1770883090.360259,7901,17,1
4,Delivery,1770883090.360515,54618,10,1
2,Payment,1770883090.361237,8749,9,1
3,OrderStatus,1770883090.363462,7650,14,1
2,Payment,1770883090.365298,7189,7,1
2,Payment,1770883090.368186,6936,17,1
2,Payment,1770883090.369592,5688,0,1
2,Payment,1770883090.369623,7440,6,1
1,NewOrder,1770883090.370012,27058,9,1
2,Payment,1770883090.370048,6182,22,1
2,Payment,1770883090.370100,5249,8,1
1,NewOrder,1770883090.371136,29776,14,1
2,Payment,1770883090.371286,7632,12,1
1,NewOrder,1770883090.372162,30607,13,1
2,Payment,1770883090.372510,6817,7,1
2,Payment,1770883090.373175,6736,23,1
2,Payment,1770883090.373379,7820,5,1
1,NewOrder,1770883090.373914,23997,21,1
2,Payment,1770883090.373946,7631,18,1
1,NewOrder,1770883090.374431,26868,19,1
2,Payment,1770883090.375148,8648,17,1
2,Payment,1770883090.375306,9399,0,1
2,Payment,1770883090.375365,8905,8,1
2,Payment,1770883090.375534,7080,1,1
2,Payment,1770883090.375572,6058,16,1
1,NewOrder,1770883090.376244,16642,22,1
1,NewOrder,1770883090.377081,39933,6,1
1,NewOrder,1770883090.378937,39591,12,1
2,Payment,1770883090.379354,9523,7,1
2,Payment,1770883090.379926,13044,23,1
1,NewOrder,1770883090.379962,44345,3,1
2,Payment,1770883090.380035,11263,20,1
2,Payment,1770883090.380550,12309,11,1
2,Payment,1770883090.381213,12660,5,1
2,Payment,1770883090.381594,5968,18,1
1,NewOrder,1770883090.381650,19674,16,1
1,NewOrder,1770883090.382628,24735,1,1
1,NewOrder,1770883090.383812,19386,17,1
1,NewOrder,1770883090.384280,25055,8,1
1,NewOrder,1770883090.384733,29895,0,1
1,NewOrder,1770883090.386044,28269,4,1
1,NewOrder,1770883090.387577,19748,18,1
1,NewOrder,1770883090.388149,25284,15,1
1,NewOrder,1770883090.388902,33815,7,1
5,StockLevel,1770883090.391317,16466,20,1
1,NewOrder,1770883090.392495,42946,2,1
1,NewOrder,1770883090.392875,27490,11,1
3,OrderStatus,1770883090.392916,5868,22,1
2,Payment,1770883090.392990,9032,23,1
1,NewOrder,1770883090.393899,38605,5,1
2,Payment,1770883090.397085,6666,9,1
1,NewOrder,1770883090.397939,30481,21,1
3,OrderStatus,1770883090.398808,6535,22,1
1,NewOrder,1770883090.400939,28748,14,1
2,Payment,1770883090.401322,6571,19,1
2,Payment,1770883090.401343,5518,16,1
5,StockLevel,1770883090.402042,18561,23,1
1,NewOrder,1770883090.402794,21172,13,1
2,Payment,1770883090.403225,10002,17,1
2,Payment,1770883090.403778,6641,9,1
1,NewOrder,1770883090.405360,18630,22,1
5,StockLevel,1770883090.406887,13036,16,1
1,NewOrder,1770883090.407347,20595,18,1
1,NewOrder,1770883090.407390,26660,1,1
3,OrderStatus,1770883090.407801,6273,20,1
2,Payment,1770883090.407908,9632,19,1
2,Payment,1770883090.409349,10529,8,1
1,NewOrder,1770883090.410432,23241,9,1
1,NewOrder,1770883090.413253,37141,17,1
2,Payment,1770883090.413453,6792,15,1
5,StockLevel,1770883090.414086,16397,20,1
1,NewOrder,1770883090.414323,34166,4,1
2,Payment,1770883090.414651,7730,0,1
2,Payment,1770883090.415149,8512,10,1
5,StockLevel,1770883090.417040,20279,6,1
2,Payment,1770883090.417562,7638,19,1
2,Payment,1770883090.418555,9948,12,1
1,NewOrder,1770883090.419900,22889,8,1
1,NewOrder,1770883090.419940,21595,16,1
2,Payment,1770883090.420260,9984,15,1
1,NewOrder,1770883090.420392,28082,11,1
2,Payment,1770883090.420630,7753,23,1
2,Payment,1770883090.422417,6922,0,1
1,NewOrder,1770883090.422734,28060,7,1
1,NewOrder,1770883090.423687,38029,10,1
1,NewOrder,1770883090.423993,17175,13,1
1,NewOrder,1770883090.424005,24498,22,1
1,NewOrder,1770883090.424319,24203,3,1
5,StockLevel,1770883090.425223,16455,19,1
1,NewOrder,1770883090.427955,21269,18,1
1,NewOrder,1770883090.428409,19210,23,1
1,NewOrder,1770883090.428447,22018,21,1
1,NewOrder,1770883090.428529,34998,12,1
1,NewOrder,1770883090.429353,38053,0,1
1,NewOrder,1770883090.429713,21155,14,1
2,Payment,1770883090.430260,6217,15,1
1,NewOrder,1770883090.430496,19248,20,1
2,Payment,1770883090.432522,12781,5,1
1,NewOrder,1770883090.433699,18246,9,1
2,Payment,1770883090.434068,14454,1,1
5,StockLevel,1770883090.435469,18530,2,1
1,NewOrder,1770883090.436494,16310,15,1
2,Payment,1770883090.437346,8977,6,1
2,Payment,1770883090.441194,10640,13,1
2,Payment,1770883090.441561,11907,16,1
2,Payment,1770883090.441693,7558,19,1
3,OrderStatus,1770883090.442817,7805,8,1
1,NewOrder,1770883090.445329,20710,5,1
4,Delivery,1770883090.446350,17832,6,1
1,NewOrder,1770883090.447645,34913,23,1
2,Payment,1770883090.448496,5774,11,1
1,NewOrder,1770883090.448515,32175,4,1
3,OrderStatus,1770883090.448520,4101,22,1
2,Payment,1770883090.448541,8383,1,1
2,Payment,1770883090.448560,6615,3,1
2,Payment,1770883090.449249,6470,18,1
1,NewOrder,1770883090.449274,19345,19,1
2,Payment,1770883090.449791,7821,20,1
2,Payment,1770883090.450419,8118,17,1
4,Delivery,1770883090.450491,35784,21,1
2,Payment,1770883090.450636,10409,8,1
2,Payment,1770883090.450810,8436,7,1
1,NewOrder,1770883090.450890,26482,14,1
2,Payment,1770883090.451847,8719,13,1
4,Delivery,1770883090.451958,12672,9,1
2,Payment,1770883090.452646,7507,22,1
1,NewOrder,1770883090.452818,25164,15,1
1,NewOrder,1770883090.453488,20603,16,1
2,Payment,1770883090.454012,9004,2,1
1,NewOrder,1770883090.454297,35794,11,1
1,NewOrder,1770883090.455202,34972,3,1
5,StockLevel,1770883090.455744,14801,18,1
4,Delivery,1770883090.456950,36304,1,1
2,Payment,1770883090.457629,7087,20,1
1,NewOrder,1770883090.458564,32569,17,1
1,NewOrder,1770883090.459260,26601,7,1
2,Payment,1770883090.460180,6242,22,1
1,NewOrder,1770883090.460578,15236,13,1
4,Delivery,1770883090.461059,3591,8,1
2,Payment,1770883090.461742,7607,10,1
1,NewOrder,1770883090.463030,36447,2,1
1,NewOrder,1770883090.463553,23295,12,1
1,NewOrder,1770883090.464203,25099,6,1
2,Payment,1770883090.464650,10178,9,1
2,Payment,1770883090.464664,6568,8,1
1,NewOrder,1770883090.464734,27553,20,1
2,Payment,1770883090.466051,8744,5,1
2,Payment,1770883090.466436,6175,22,1
1,NewOrder,1770883090.467433,32921,0,1
1,NewOrder,1770883090.468635,27100,19,1
1,NewOrder,1770883090.469366,37755,10,1
1,NewOrder,1770883090.470576,19231,18,1
1,NewOrder,1770883090.471258,18886,8,1
2,Payment,1770883090.472629,6977,22,1
2,Payment,1770883090.474108,6919,16,1
1,NewOrder,1770883090.474808,36853,5,1
2,Payment,1770883090.474847,6151,9,1
1,NewOrder,1770883090.475841,19865,13,1
4,Delivery,1770883090.477387,36207,14,1
4,Delivery,1770883090.478008,35981,15,1
2,Payment,1770883090.479632,7996,22,1
4,Delivery,1770883090.480716,12926,4,1
1,NewOrder,1770883090.481014,26407,9,1
1,NewOrder,1770883090.481044,16910,16,1
1,NewOrder,1770883090.482585,24840,23,1
2,Payment,1770883090.485888,6882,7,1
3,OrderStatus,1770883090.486300,6405,21,1
2,Payment,1770883090.486874,8468,12,1
1,NewOrder,1770883090.487662,26131,22,1
1,NewOrder,1770883090.489323,28535,6,1
2,Payment,1770883090.489834,5920,18,1
2,Payment,1770883090.490116,8521,11,1
1,NewOrder,1770883090.490170,23783,8,1
2,Payment,1770883090.490194,7148,3,1
1,NewOrder,1770883090.491156,41193,17,1
1,NewOrder,1770883090.492312,15796,20,1
1,NewOrder,1770883090.492721,30656,21,1
2,Payment,1770883090.492797,8592,7,1
2,Payment,1770883090.493279,6851,1,1
1,NewOrder,1770883090.493657,31683,4,1
2,Payment,1770883090.495368,8069,12,1
1,NewOrder,1770883090.495721,28164,13,1
4,Delivery,1770883090.495760,27220,19,1
2,Payment,1770883090.495772,6105,18,1
1,NewOrder,1770883090.497359,29347,3,1
1,NewOrder,1770883090.497973,25942,16,1
5,StockLevel,1770883090.498650,15852,11,1
2,Payment,1770883090.499495,9322,2,1
5,StockLevel,1770883090.500157,14514,1,1
2,Payment,1770883090.500366,7089,0,1
1,NewOrder,1770883090.501415,38085,7,1
1,NewOrder,1770883090.501900,40483,18,1
1,NewOrder,1770883090.503451,36996,12,1
1,NewOrder,1770883090.507147,39749,10,1
2,Payment,1770883090.507447,4925,9,1
4,Delivery,1770883090.507454,16031,23,1
1,NewOrder,1770883090.507482,18460,0,1
2,Payment,1770883090.508122,5065,20,1
2,Payment,1770883090.508835,6105,2,1
2,Payment,1770883090.511677,8724,5,1
1,NewOrder,1770883090.512399,30424,9,1
2,Payment,1770883090.513199,6743,20,1
2,Payment,1770883090.513620,6818,14,1
2,Payment,1770883090.513816,8139,22,1
1,NewOrder,1770883090.513967,31003,8,1
1,NewOrder,1770883090.514011,15929,15,1
1,NewOrder,1770883090.514528,28630,11,1
1,NewOrder,1770883090.514697,33419,1,1
1,NewOrder,1770883090.514959,36711,2,1
2,Payment,1770883090.517884,7061,6,1
1,NewOrder,1770883090.519969,18658,20,1
1,NewOrder,1770883090.520420,24962,5,1
1,NewOrder,1770883090.520462,20609,14,1
5,StockLevel,1770883090.521977,16582,22,1
1,NewOrder,1770883090.522997,32354,19,1
2,Payment,1770883090.523392,8033,21,1
2,Payment,1770883090.523500,1803,23,1
2,Payment,1770883090.523900,7165,13,1
1,NewOrder,1770883090.523927,25750,16,1
4,Delivery,1770883090.524964,17391,6,1
2,Payment,1770883090.525321,7873,23,1
2,Payment,1770883090.525356,12596,4,1
2,Payment,1770883090.525962,14049,0,1
5,StockLevel,1770883090.526719,21592,3,1
1,NewOrder,1770883090.529968,27806,15,1
1,NewOrder,1770883090.531082,18966,13,1
2,Payment,1770883090.531440,7158,21,1
2,Payment,1770883090.532375,9609,17,1
3,OrderStatus,1770883090.533212,8901,23,1
1,NewOrder,1770883090.537973,22417,4,1
2,Payment,1770883090.538575,8530,22,1
5,StockLevel,1770883090.538611,16100,21,1
2,Payment,1770883090.538653,4540,20,1
3,OrderStatus,1770883090.539512,6341,7,1
1,NewOrder,1770883090.540026,23053,0,1
2,Payment,1770883090.540473,7055,12,1
1,NewOrder,1770883090.541086,27633,14,1
2,Payment,1770883090.542008,7634,17,1
2,Payment,1770883090.542126,7841,23,1
1,NewOrder,1770883090.542380,33838,6,1
2,Payment,1770883090.542396,10313,18,1
1,NewOrder,1770883090.542834,14200,9,1
2,Payment,1770883090.543175,5596,11,1
2,Payment,1770883090.543217,11781,20,1
2,Payment,1770883090.544983,9361,8,1
2,Payment,1770883090.545408,6982,5,1
2,Payment,1770883090.545870,13620,7,1
2,Payment,1770883090.546911,16470,10,1
1,NewOrder,1770883090.547131,15458,22,1
2,Payment,1770883090.547556,8805,12,1
5,StockLevel,1770883090.548142,14401,1,1
3,OrderStatus,1770883090.548326,12181,3,1
2,Payment,1770883090.548789,13039,11,1
2,Payment,1770883090.549670,8771,17,1
2,Payment,1770883090.549703,13266,16,1
1,NewOrder,1770883090.549994,26702,23,1
2,Payment,1770883090.550061,10983,13,1
1,NewOrder,1770883090.551696,20904,2,1
2,Payment,1770883090.552414,9374,5,1
1,NewOrder,1770883090.552728,23939,18,1
1,NewOrder,1770883090.554356,27175,8,1
2,Payment,1770883090.554737,5693,21,1
2,Payment,1770883090.555015,7595,20,1
1,NewOrder,1770883090.555367,31252,19,1
1,NewOrder,1770883090.556372,38101,12,1
1,NewOrder,1770883090.557052,28525,9,1
2,Payment,1770883090.557787,7879,15,1
2,Payment,1770883090.558463,11107,17,1
2,Payment,1770883090.559516,7702,7,1
1,NewOrder,1770883090.560414,23003,4,1
1,NewOrder,1770883090.560455,29460,21,1
2,Payment,1770883090.560534,13606,3,1
1,NewOrder,1770883090.561059,20162,13,1
1,NewOrder,1770883090.561808,37652,5,1
2,Payment,1770883090.561842,7160,11,1
2,Payment,1770883090.562558,14133,1,1
2,Payment,1770883090.562606,6422,22,1
1,NewOrder,1770883090.562623,34358,20,1
1,NewOrder,1770883090.562982,28967,16,1
1,NewOrder,1770883090.563093,26458,0,1
1,NewOrder,1770883090.563395,37147,10,1
1,NewOrder,1770883090.565680,18291,15,1
3,OrderStatus,1770883090.567244,7265,7,1
2,Payment,1770883090.568745,8702,14,1
2,Payment,1770883090.569019,5780,11,1
3,OrderStatus,1770883090.569043,5813,22,1
1,NewOrder,1770883090.569586,21942,17,1
1,NewOrder,1770883090.572627,28598,2,1
1,NewOrder,1770883090.574154,30664,3,1
1,NewOrder,1770883090.574526,31558,7,1
2,Payment,1770883090.574817,5976,11,1
2,Payment,1770883090.574876,7396,22,1
2,Payment,1770883090.576235,8770,6,1
3,OrderStatus,1770883090.576684,5624,18,1
2,Payment,1770883090.576704,5535,1,1
1,NewOrder,1770883090.576722,35042,23,1
2,Payment,1770883090.577472,7970,14,1
1,NewOrder,1770883090.580812,26867,11,1
2,Payment,1770883090.581241,7510,13,1
1,NewOrder,1770883090.581546,33044,8,1
1,NewOrder,1770883090.582254,16221,1,1
2,Payment,1770883090.582290,5585,22,1
1,NewOrder,1770883090.582328,27819,18,1
1,NewOrder,1770883090.583443,28725,4,1
1,NewOrder,1770883090.583986,19389,15,1
4,Delivery,1770883090.585031,14048,6,1
2,Payment,1770883090.585470,9726,14,1
2,Payment,1770883090.585592,8204,9,1
1,NewOrder,1770883090.586636,34371,19,1
2,Payment,1770883090.587888,5508,22,1
2,Payment,1770883090.588763,8558,13,1
1,NewOrder,1770883090.589575,30960,0,1
2,Payment,1770883090.589937,7408,21,1
2,Payment,1770883090.591554,10124,17,1
1,NewOrder,1770883090.591963,16261,16,1
5,StockLevel,1770883090.593419,16066,22,1
2,Payment,1770883090.593815,10046,9,1
2,Payment,1770883090.594501,10202,12,1
2,Payment,1770883090.595223,17409,14,1
2,Payment,1770883090.596998,8401,20,1
4,Delivery,1770883090.597346,21184,13,1
1,NewOrder,1770883090.597359,16295,21,1
2,Payment,1770883090.598501,7993,1,1
2,Payment,1770883090.599105,15081,6,1
2,Payment,1770883090.599473,8722,5,1
1,NewOrder,1770883090.600571,35868,10,1
2,Payment,1770883090.601238,9272,2,1
1,NewOrder,1770883090.601706,26552,17,1
2,Payment,1770883090.603400,7573,15,1
2,Payment,1770883090.603886,8351,9,1
1,NewOrder,1770883090.604722,28675,12,1
1,NewOrder,1770883090.604845,36962,3,1
1,NewOrder,1770883090.605413,27957,20,1
1,NewOrder,1770883090.606116,38263,7,1
1,NewOrder,1770883090.606520,31157,1,1
1,NewOrder,1770883090.607705,20164,11,1
1,NewOrder,1770883090.608221,41676,5,1
1,NewOrder,1770883090.608242,25230,16,1
1,NewOrder,1770883090.609503,28072,22,1
1,NewOrder,1770883090.610164,30476,18,1
2,Payment,1770883090.610528,10036,2,1
1,NewOrder,1770883090.610999,26683,15,1
1,NewOrder,1770883090.611790,21674,23,1
1,NewOrder,1770883090.612180,31447,4,1
1,NewOrder,1770883090.612251,16899,9,1
1,NewOrder,1770883090.612658,39133,14,1
2,Payment,1770883090.613670,6274,21,1
2,Payment,1770883090.614212,6858,6,1
2,Payment,1770883090.614604,8131,8,1
1,NewOrder,1770883090.618555,21494,13,1
2,Payment,1770883090.619964,7127,21,1
1,NewOrder,1770883090.620559,40122,0,1
2,Payment,1770883090.620582,8225,2,1
1,NewOrder,1770883090.621033,23316,19,1
2,Payment,1770883090.621092,11628,6,1
5,StockLevel,1770883090.622753,19345,8,1
2,Payment,1770883090.627116,6477,21,1
1,NewOrder,1770883090.627897,19510,11,1
2,Payment,1770883090.628277,7557,17,1
2,Payment,1770883090.628820,15457,2,1
2,Payment,1770883090.629164,6213,9,1
1,NewOrder,1770883090.632747,38463,6,1
2,Payment,1770883090.633383,3383,20,1
1,NewOrder,1770883090.633421,26751,12,1
1,NewOrder,1770883090.633492,49787,23,1
1,NewOrder,1770883090.633499,27156,16,1
2,Payment,1770883090.633605,8975,21,1
1,NewOrder,1770883090.635403,31136,9,1
1,NewOrder,1770883090.635862,30010,17,1
1,NewOrder,1770883090.636458,23302,10,1
1,NewOrder,1770883090.636779,21483,20,1
1,NewOrder,1770883090.637593,31103,22,1
2,Payment,1770883090.637692,8195,1,1
1,NewOrder,1770883090.637709,22307,15,1
1,NewOrder,1770883090.640075,33027,13,1
4,Delivery,1770883090.640666,16817,18,1
1,NewOrder,1770883090.641835,28429,3,1
2,Payment,1770883090.642115,8346,8,1
1,NewOrder,1770883090.642607,33304,21,1
1,NewOrder,1770883090.643653,20747,4,1
1,NewOrder,1770883090.644290,33042,2,1
2,Payment,1770883090.644368,7443,19,1
5,StockLevel,1770883090.644405,21369,7,1
1,NewOrder,1770883090.645905,32874,1,1
3,OrderStatus,1770883090.647433,7580,11,1
2,Payment,1770883090.649924,9796,5,1
1,NewOrder,1770883090.650494,20278,8,1
2,Payment,1770883090.651817,7911,14,1
2,Payment,1770883090.651838,6480,19,1
1,NewOrder,1770883090.655031,22685,11,1
1,NewOrder,1770883090.657509,24551,18,1
1,NewOrder,1770883090.658276,26364,20,1
2,Payment,1770883090.658343,6482,19,1
1,NewOrder,1770883090.659747,25593,5,1
2,Payment,1770883090.659756,8482,14,1
1,NewOrder,1770883090.659788,33075,10,1
5,StockLevel,1770883090.660042,14930,15,1
1,NewOrder,1770883090.660195,20503,12,1
4,Delivery,1770883090.660671,46865,16,1
2,Payment,1770883090.660694,7243,0,1
1,NewOrder,1770883090.664428,34454,4,1
1,NewOrder,1770883090.664839,20551,19,1
1,NewOrder,1770883090.665801,37555,7,1
2,Payment,1770883090.665897,9548,17,1
1,NewOrder,1770883090.666566,18740,9,1
1,NewOrder,1770883090.667964,26729,0,1
3,OrderStatus,1770883090.668265,5632,14,1
1,NewOrder,1770883090.668712,22864,22,1
1,NewOrder,1770883090.670290,34995,3,1
1,NewOrder,1770883090.670799,23183,8,1
2,Payment,1770883090.671238,8211,6,1
1,NewOrder,1770883090.673128,24933,13,1
2,Payment,1770883090.673918,8593,14,1
1,NewOrder,1770883090.674994,32511,15,1
2,Payment,1770883090.675456,13035,17,1
2,Payment,1770883090.675921,6704,21,1
2,Payment,1770883090.677349,7997,2,1
1,NewOrder,1770883090.677742,19833,11,1
2,Payment,1770883090.678806,7971,1,1
1,NewOrder,1770883090.679463,29764,6,1
1,NewOrder,1770883090.680716,33227,12,1
2,Payment,1770883090.682072,7365,18,1
1,NewOrder,1770883090.682537,30994,14,1
2,Payment,1770883090.682646,5339,21,1
2,Payment,1770883090.683307,17741,23,1
1,NewOrder,1770883090.684660,26950,20,1
2,Payment,1770883090.685321,6621,9,1
2,Payment,1770883090.685369,7912,5,1
4,Delivery,1770883090.685373,43792,2,1
1,NewOrder,1770883090.685408,31249,19,1
1,NewOrder,1770883090.686792,31483,1,1
2,Payment,1770883090.688010,7435,21,1
1,NewOrder,1770883090.688505,18531,17,1
3,OrderStatus,1770883090.689463,5625,18,1
2,Payment,1770883090.691601,10728,22,1
2,Payment,1770883090.691962,7672,9,1
2,Payment,1770883090.692889,8899,10,1
2,Payment,1770883090.693295,6062,5,1
1,NewOrder,1770883090.694008,25965,8,1
1,NewOrder,1770883090.694707,18131,0,1
1,NewOrder,1770883090.695114,29766,18,1
1,NewOrder,1770883090.695463,21925,21,1
2,Payment,1770883090.697598,8299,11,1
1,NewOrder,1770883090.698088,42016,13,1
2,Payment,1770883090.698909,8923,4,1
4,Delivery,1770883090.699384,30182,5,1
1,NewOrder,1770883090.699650,36146,9,1
5,StockLevel,1770883090.701065,25967,23,1
4,Delivery,1770883090.701803,39580,10,1
1,NewOrder,1770883090.702347,22993,22,1
4,Delivery,1770883090.703381,38451,7,1
1,NewOrder,1770883090.705312,22092,3,1
1,NewOrder,1770883090.705922,25747,11,1
1,NewOrder,1770883090.707062,17261,17,1
1,NewOrder,1770883090.707519,34066,15,1
5,StockLevel,1770883090.707552,13399,16,1
4,Delivery,1770883090.707859,21800,4,1
4,Delivery,1770883090.709252,32473,6,1
2,Payment,1770883090.711632,13736,20,1
1,NewOrder,1770883090.712864,23498,0,1
1,NewOrder,1770883090.713558,11801,14,1
1,NewOrder,1770883090.713969,26974,12,1
1,NewOrder,1770883090.716672,28221,19,1
1,NewOrder,1770883090.717415,20733,21,1
1,NewOrder,1770883090.718288,28118,1,1
1,NewOrder,1770883090.719995,24795,8,1
1,NewOrder,1770883090.720977,29606,16,1
1,NewOrder,1770883090.724349,14539,17,1
1,NewOrder,1770883090.724906,19277,18,1
2,Payment,1770883090.725357,6222,22,1
2,Payment,1770883090.725385,5798,14,1
2,Payment,1770883090.725395,7812,20,1
1,NewOrder,1770883090.727051,31044,23,1
2,Payment,1770883090.727431,6635,3,1
2,Payment,1770883090.729190,9613,2,1
3,OrderStatus,1770883090.729582,2850,5,1
4,Delivery,1770883090.729675,46604,4,1
2,Payment,1770883090.731213,7657,14,1
2,Payment,1770883090.731605,8136,22,1
2,Payment,1770883090.731692,7073,11,1
1,NewOrder,1770883090.732449,35347,5,1
1,NewOrder,1770883090.733223,17767,20,1
1,NewOrder,1770883090.734094,34331,3,1
1,NewOrder,1770883090.735814,23040,9,1
1,NewOrder,1770883090.736389,33690,0,1
3,OrderStatus,1770883090.738174,8960,21,1
2,Payment,1770883090.738781,6026,11,1
2,Payment,1770883090.738821,10494,2,1
5,StockLevel,1770883090.738898,13858,14,1
2,Payment,1770883090.738915,7377,17,1
2,Payment,1770883090.739754,7053,22,1
1,NewOrder,1770883090.740118,29441,13,1
2,Payment,1770883090.740956,13039,12,1
4,Delivery,1770883090.741409,52070,10,1
1,NewOrder,1770883090.741618,37892,15,1
1,NewOrder,1770883090.741748,19220,6,1
1,NewOrder,1770883090.741847,12537,7,1
2,Payment,1770883090.744196,10323,18,1
1,NewOrder,1770883090.744805,38657,8,1
2,Payment,1770883090.744834,7155,11,1
2,Payment,1770883090.744920,11049,19,1
1,NewOrder,1770883090.746316,37542,17,1
1,NewOrder,1770883090.746425,29176,1,1
1,NewOrder,1770883090.746820,37074,22,1
1,NewOrder,1770883090.747161,25193,21,1
1,NewOrder,1770883090.749342,28763,2,1
1,NewOrder,1770883090.750609,25527,16,1
2,Payment,1770883090.751001,7825,20,1
2,Payment,1770883090.752006,6953,11,1
1,NewOrder,1770883090.752774,32600,14,1
2,Payment,1770883090.754022,7856,12,1
2,Payment,1770883090.754411,10654,7,1
1,NewOrder,1770883090.754535,36486,18,1
1,NewOrder,1770883090.755995,17533,19,1
1,NewOrder,1770883090.758122,29497,23,1
3,OrderStatus,1770883090.758851,5883,20,1
3,OrderStatus,1770883090.758869,7020,9,1
2,Payment,1770883090.758987,10983,11,1
2,Payment,1770883090.760984,11867,6,1
1,NewOrder,1770883090.761904,24325,12,1
1,NewOrder,1770883090.764760,23701,20,1
2,Payment,1770883090.765091,13915,7,1
1,NewOrder,1770883090.765905,27162,9,1
1,NewOrder,1770883090.767818,46084,5,1
2,Payment,1770883090.768453,10086,3,1
1,NewOrder,1770883090.769584,17552,13,1
2,Payment,1770883090.769994,6833,11,1
1,NewOrder,1770883090.770098,21533,0,1
2,Payment,1770883090.772381,9708,21,1
2,Payment,1770883090.772874,8266,6,1
1,NewOrder,1770883090.773554,26305,19,1
1,NewOrder,1770883090.775627,14016,1,1
2,Payment,1770883090.776162,7757,16,1
2,Payment,1770883090.776305,8500,4,1
1,NewOrder,1770883090.776854,25550,11,1
2,Payment,1770883090.778120,9521,2,1
1,NewOrder,1770883090.778567,29211,3,1
2,Payment,1770883090.779020,7126,7,1
1,NewOrder,1770883090.779527,23655,15,1
1,NewOrder,1770883090.781160,17114,6,1
1,NewOrder,1770883090.782115,31373,21,1
2,Payment,1770883090.783482,9951,8,1
1,NewOrder,1770883090.783879,19358,17,1
1,NewOrder,1770883090.783910,35986,22,1
2,Payment,1770883090.783931,10067,16,1
2,Payment,1770883090.784827,7276,4,1
2,Payment,1770883090.785387,10434,14,1
1,NewOrder,1770883090.786173,36375,7,1
1,NewOrder,1770883090.786242,22251,12,1
2,Payment,1770883090.787151,10226,13,1
1,NewOrder,1770883090.787647,36559,23,1
1,NewOrder,1770883090.787667,32043,2,1
2,Payment,1770883090.788477,6953,20,1
3,OrderStatus,1770883090.789661,7981,1,1
1,NewOrder,1770883090.791039,20788,18,1
2,Payment,1770883090.791642,9476,0,1
2,Payment,1770883090.792131,7279,4,1
2,Payment,1770883090.793091,8513,9,1
1,NewOrder,1770883090.793452,25110,8,1
3,OrderStatus,1770883090.793505,7733,10,1
1,NewOrder,1770883090.794033,28505,16,1
1,NewOrder,1770883090.795442,24430,20,1
1,NewOrder,1770883090.795841,28456,14,1
2,Payment,1770883090.797403,5801,13,1
3,OrderStatus,1770883090.797667,6099,1,1
2,Payment,1770883090.798290,7138,6,1
1,NewOrder,1770883090.799436,22652,4,1
3,OrderStatus,1770883090.799875,6321,19,1
2,Payment,1770883090.801131,4765,0,1
2,Payment,1770883090.801266,9194,10,1
2,Payment,1770883090.801623,10557,9,1
1,NewOrder,1770883090.802431,18502,11,1
1,NewOrder,1770883090.803195,20678,15,1
2,Payment,1770883090.803221,7383,13,1
4,Delivery,1770883090.803264,66348,17,1
1,NewOrder,1770883090.803790,19987,1,1
1,NewOrder,1770883090.805445,18949,6,1
1,NewOrder,1770883090.805922,36834,0,1
1,NewOrder,1770883090.806221,18273,19,1
2,Payment,1770883090.807805,9054,3,1
1,NewOrder,1770883090.808508,20969,12,1
2,Payment,1770883090.810475,6892,10,1
2,Payment,1770883090.810630,5031,13,1
2,Payment,1770883090.811849,8508,18,1
2,Payment,1770883090.812206,8094,9,1
4,Delivery,1770883090.813514,38732,21,1
1,NewOrder,1770883090.813927,36453,5,1
1,NewOrder,1770883090.815687,25035,13,1
2,Payment,1770883090.816885,7452,3,1
2,Payment,1770883090.817385,6768,10,1
2,Payment,1770883090.818589,7488,8,1
1,NewOrder,1770883090.819738,26564,2,1
2,Payment,1770883090.819884,4403,20,1
2,Payment,1770883090.819915,8071,22,1
1,NewOrder,1770883090.820311,18578,9,1
2,Payment,1770883090.820378,9640,18,1
1,NewOrder,1770883090.820950,19740,11,1
1,NewOrder,1770883090.822102,16775,4,1
1,NewOrder,1770883090.822566,19019,16,1
1,NewOrder,1770883090.822568,26575,7,1
2,Payment,1770883090.823793,9843,1,1
2,Payment,1770883090.823900,15183,15,1
1,NewOrder,1770883090.824160,20013,10,1
2,Payment,1770883090.824222,7927,23,1
5,StockLevel,1770883090.824299,15755,20,1
2,Payment,1770883090.824313,17391,14,1
1,NewOrder,1770883090.824363,32131,3,1
2,Payment,1770883090.824400,9467,6,1
2,Payment,1770883090.824505,10507,19,1
2,Payment,1770883090.826094,11696,8,1
2,Payment,1770883090.828005,10914,22,1
2,Payment,1770883090.829494,13937,12,1
2,Payment,1770883090.830042,13472,18,1
1,NewOrder,1770883090.832171,29572,23,1
5,StockLevel,1770883090.833650,16951,1,1
1,NewOrder,1770883090.833881,24604,6,1
1,NewOrder,1770883090.835033,32993,19,1
2,Payment,1770883090.837813,7662,8,1
2,Payment,1770883090.838888,8202,4,1
2,Payment,1770883090.838915,8598,9,1
1,NewOrder,1770883090.838939,34211,22,1
2,Payment,1770883090.839110,7311,15,1
1,NewOrder,1770883090.840080,22732,20,1
2,Payment,1770883090.840710,8806,11,1
2,Payment,1770883090.840738,7224,13,1
5,StockLevel,1770883090.841599,18843,16,1
3,OrderStatus,1770883090.841722,5069,14,1
1,NewOrder,1770883090.842783,17827,0,1
2,Payment,1770883090.843448,8137,12,1
2,Payment,1770883090.843529,6072,18,1
1,NewOrder,1770883090.844197,24804,10,1
1,NewOrder,1770883090.845487,28710,8,1
2,Payment,1770883090.846318,7028,2,1
1,NewOrder,1770883090.846446,20242,15,1
2,Payment,1770883090.846815,6909,14,1
2,Payment,1770883090.847114,8124,4,1
2,Payment,1770883090.847538,6085,9,1
2,Payment,1770883090.847981,7735,13,1
1,NewOrder,1770883090.849164,42439,7,1
2,Payment,1770883090.849541,6977,11,1
2,Payment,1770883090.849627,7470,18,1
1,NewOrder,1770883090.850393,34303,5,1
2,Payment,1770883090.850615,9172,1,1
1,NewOrder,1770883090.851600,27796,12,1
1,NewOrder,1770883090.852269,21847,21,1
1,NewOrder,1770883090.853371,22960,2,1
2,Payment,1770883090.853642,8526,9,1
2,Payment,1770883090.853750,8463,14,1
3,OrderStatus,1770883090.855264,5457,4,1
4,Delivery,1770883090.855731,14322,13,1
2,Payment,1770883090.856511,8345,3,1
5,StockLevel,1770883090.856544,16941,11,1
2,Payment,1770883090.857123,6098,18,1
5,StockLevel,1770883090.858496,16443,6,1
2,Payment,1770883090.859814,7309,1,1
1,NewOrder,1770883090.860457,17452,16,1
5,StockLevel,1770883090.860621,17621,0,1
1,NewOrder,1770883090.860747,36839,4,1
1,NewOrder,1770883090.861787,19841,23,1
1,NewOrder,1770883090.862187,31678,9,1
1,NewOrder,1770883090.862229,19512,14,1
2,Payment,1770883090.862837,5893,20,1
2,Payment,1770883090.863234,10780,18,1
2,Payment,1770883090.864871,9146,3,1
3,OrderStatus,1770883090.866713,6732,15,1
2,Payment,1770883090.867148,9709,1,1
1,NewOrder,1770883090.868053,22906,19,1
1,NewOrder,1770883090.868756,22177,20,1
1,NewOrder,1770883090.869017,23996,10,1
2,Payment,1770883090.869623,5804,17,1
5,StockLevel,1770883090.870069,12628,13,1
2,Payment,1770883090.873164,9779,22,1
5,StockLevel,1770883090.873470,17854,15,1
1,NewOrder,1770883090.873510,24136,11,1
1,NewOrder,1770883090.874025,33432,18,1
2,Payment,1770883090.874035,7564,3,1
2,Payment,1770883090.874143,7405,21,1
2,Payment,1770883090.874224,4593,8,1
1,NewOrder,1770883090.874952,24692,6,1
1,NewOrder,1770883090.875436,22115,17,1
3,OrderStatus,1770883090.876346,5462,2,1
4,Delivery,1770883090.876884,31142,1,1
2,Payment,1770883090.877922,9770,16,1
2,Payment,1770883090.878251,7205,0,1
1,NewOrder,1770883090.878836,20476,8,1
1,NewOrder,1770883090.879412,24455,12,1
1,NewOrder,1770883090.881574,21673,21,1
2,Payment,1770883090.881625,7033,3,1
1,NewOrder,1770883090.881656,22015,23,1
4,Delivery,1770883090.881755,32479,14,1
2,Payment,1770883090.881823,8859,2,1
1,NewOrder,1770883090.882714,31830,13,1
2,Payment,1770883090.882961,7379,22,1
1,NewOrder,1770883090.884717,26428,5,1
1,NewOrder,1770883090.885473,34053,0,1
2,Payment,1770883090.887707,6561,16,1
1,NewOrder,1770883090.888676,20452,3,1
2,Payment,1770883090.890357,10862,22,1
2,Payment,1770883090.890700,6358,2,1
2,Payment,1770883090.890946,8726,20,1
2,Payment,1770883090.890974,6551,19,1
2,Payment,1770883090.891336,8431,15,1
1,NewOrder,1770883090.891620,17613,7,1
2,Payment,1770883090.893031,7668,10,1
1,NewOrder,1770883090.893893,26985,9,1
1,NewOrder,1770883090.894285,22740,16,1
5,StockLevel,1770883090.897075,14908,2,1
1,NewOrder,1770883090.897552,39166,19,1
2,Payment,1770883090.897567,6979,17,1
2,Payment,1770883090.897612,7098,4,1
2,Payment,1770883090.897667,11358,11,1
5,StockLevel,1770883090.899339,15588,8,1
2,Payment,1770883090.899657,12884,6,1
2,Payment,1770883090.899691,5874,20,1
1,NewOrder,1770883090.899793,22412,15,1
2,Payment,1770883090.900711,13433,10,1
1,NewOrder,1770883090.901236,20837,22,1
2,Payment,1770883090.903266,7989,21,1
1,NewOrder,1770883090.903683,31184,23,1
2,Payment,1770883090.903887,6028,12,1
2,Payment,1770883090.904560,7135,17,1
2,Payment,1770883090.904736,5142,4,1
1,NewOrder,1770883090.905591,32817,20,1
1,NewOrder,1770883090.907474,41085,18,1
1,NewOrder,1770883090.908046,22720,1,1
2,Payment,1770883090.909043,12998,11,1
1,NewOrder,1770883090.909145,19940,3,1
1,NewOrder,1770883090.909251,16039,7,1
1,NewOrder,1770883090.909893,30410,4,1
2,Payment,1770883090.909929,6465,12,1
1,NewOrder,1770883090.911159,33330,5,1
2,Payment,1770883090.911270,6147,21,1
2,Payment,1770883090.911714,10108,17,1
1,NewOrder,1770883090.911997,20629,2,1
2,Payment,1770883090.912553,7852,6,1
3,OrderStatus,1770883090.914160,7012,10,1
1,NewOrder,1770883090.914250,17021,14,1
2,Payment,1770883090.914561,9210,13,1
2,Payment,1770883090.914943,9575,8,1
1,NewOrder,1770883090.916415,22497,12,1
1,NewOrder,1770883090.917040,20696,16,1
2,Payment,1770883090.917433,6707,21,1
2,Payment,1770883090.919554,7277,0,1
3,OrderStatus,1770883090.920420,7691,6,1
1,NewOrder,1770883090.920893,31030,9,1
2,Payment,1770883090.921197,10951,10,1
2,Payment,1770883090.921838,8714,17,1
2,Payment,1770883090.922054,7648,11,1
1,NewOrder,1770883090.922088,22567,22,1
2,Payment,1770883090.922221,10309,15,1
2,Payment,1770883090.923786,11505,13,1
2,Payment,1770883090.924152,6161,21,1
2,Payment,1770883090.924531,9414,8,1
1,NewOrder,1770883090.925299,24114,7,1
2,Payment,1770883090.926853,7931,0,1
2,Payment,1770883090.928137,7632,6,1
1,NewOrder,1770883090.929098,35372,3,1
3,OrderStatus,1770883090.929718,6736,11,1
1,NewOrder,1770883090.930332,36500,21,1
2,Payment,1770883090.930567,7895,17,1
1,NewOrder,1770883090.930785,36605,1,1
2,Payment,1770883090.931284,12480,14,1
2,Payment,1770883090.932174,9260,10,1
1,NewOrder,1770883090.932544,21798,15,1
2,Payment,1770883090.932651,6860,2,1
1,NewOrder,1770883090.933960,23621,8,1
5,StockLevel,1770883090.934809,16460,0,1
2,Payment,1770883090.934895,7019,23,1
2,Payment,1770883090.935307,6567,13,1
2,Payment,1770883090.935782,7555,6,1
1,NewOrder,1770883090.936470,30954,11,1
2,Payment,1770883090.936728,7866,19,1
1,NewOrder,1770883090.937778,22601,16,1
1,NewOrder,1770883090.938425,27053,20,1
1,NewOrder,1770883090.938478,32156,17,1
2,Payment,1770883090.938926,9546,12,1
2,Payment,1770883090.939525,8223,2,1
1,NewOrder,1770883090.940315,31755,4,1
1,NewOrder,1770883090.941449,20583,10,1
2,Payment,1770883090.941893,7978,13,1
1,NewOrder,1770883090.941930,29663,23,1
2,Payment,1770883090.943350,7966,6,1
1,NewOrder,1770883090.943779,36187,14,1
5,StockLevel,1770883090.944504,16167,5,1
2,Payment,1770883090.944609,7296,19,1
1,NewOrder,1770883090.944682,39772,22,1
1,NewOrder,1770883090.947764,37988,2,1
2,Payment,1770883090.948482,7531,12,1
1,NewOrder,1770883090.948575,35377,18,1
2,Payment,1770883090.949428,7328,7,1
1,NewOrder,1770883090.949892,21739,13,1
1,NewOrder,1770883090.951285,35388,0,1
2,Payment,1770883090.951333,7350,6,1
2,Payment,1770883090.951932,8031,19,1
2,Payment,1770883090.951937,9044,9,1
1,NewOrder,1770883090.954370,22662,15,1
1,NewOrder,1770883090.956038,29691,12,1
2,Payment,1770883090.956782,8631,7,1
1,NewOrder,1770883090.957610,38234,8,1
2,Payment,1770883090.958701,9183,6,1
3,OrderStatus,1770883090.959988,7086,19,1
1,NewOrder,1770883090.960394,17551,16,1
2,Payment,1770883090.960687,11288,5,1
2,Payment,1770883090.961009,8267,9,1
1,NewOrder,1770883090.962049,26833,10,1
2,Payment,1770883090.964558,9978,3,1
2,Payment,1770883090.965448,12371,7,1
2,Payment,1770883090.965514,8785,20,1
2,Payment,1770883090.966852,9131,21,1
2,Payment,1770883090.967099,11213,19,1
4,Delivery,1770883090.967405,23917,1,1
1,NewOrder,1770883090.967439,17847,11,1
1,NewOrder,1770883090.967905,36723,6,1
2,Payment,1770883090.969290,11528,9,1
1,NewOrder,1770883090.970660,31383,17,1
4,Delivery,1770883090.971611,64043,23,1
4,Delivery,1770883090.971656,21342,13,1
2,Payment,1770883090.971992,7662,5,1
1,NewOrder,1770883090.972097,27656,4,1
2,Payment,1770883090.974319,7356,20,1
1,NewOrder,1770883090.974552,33812,3,1
2,Payment,1770883090.976009,8317,21,1
1,NewOrder,1770883090.977046,35545,15,1
2,Payment,1770883090.977835,6508,7,1
1,NewOrder,1770883090.977971,22444,16,1
2,Payment,1770883090.978338,7734,19,1
4,Delivery,1770883090.979670,12099,5,1
2,Payment,1770883090.979991,8319,14,1
1,NewOrder,1770883090.980844,27053,9,1
1,NewOrder,1770883090.981701,22022,20,1
1,NewOrder,1770883090.983967,19099,18,1
1,NewOrder,1770883090.984349,34408,21,1
4,Delivery,1770883090.984357,49308,7,1
1,NewOrder,1770883090.984480,31010,22,1
2,Payment,1770883090.985319,8607,11,1
1,NewOrder,1770883090.985741,38564,12,1
2,Payment,1770883090.985785,8552,2,1
2,Payment,1770883090.986105,6173,19,1
1,NewOrder,1770883090.986688,33042,0,1
2,Payment,1770883090.988326,8103,14,1
1,NewOrder,1770883090.988909,23500,10,1
3,OrderStatus,1770883090.991347,7589,1,1
2,Payment,1770883090.991791,4615,5,1
2,Payment,1770883090.992305,8199,19,1
1,NewOrder,1770883090.993014,17371,13,1
1,NewOrder,1770883090.993943,24224,11,1
1,NewOrder,1770883090.994356,19956,2,1
2,Payment,1770883090.995866,7234,8,1
1,NewOrder,1770883090.996426,28917,5,1
2,Payment,1770883090.996450,6111,14,1
1,NewOrder,1770883090.998958,33655,1,1
1,NewOrder,1770883090.999780,34397,4,1
1,NewOrder,1770883091.000441,16733,16,1
4,Delivery,1770883091.000529,35569,19,1
2,Payment,1770883091.002059,7260,17,1
2,Payment,1770883091.002587,8542,14,1
2,Payment,1770883091.003079,8938,18,1
2,Payment,1770883091.003117,6109,8,1
1,NewOrder,1770883091.003739,29951,20,1
2,Payment,1770883091.004652,7854,6,1
1,NewOrder,1770883091.007917,36411,9,1
2,Payment,1770883091.008389,10221,3,1
3,OrderStatus,1770883091.009239,8611,8,1
1,NewOrder,1770883091.009336,24348,17,1
1,NewOrder,1770883091.010396,25176,13,1
2,Payment,1770883091.011156,5477,14,1
1,NewOrder,1770883091.012038,39079,18,1
2,Payment,1770883091.012435,7754,10,1
1,NewOrder,1770883091.012531,37434,6,1
1,NewOrder,1770883091.012616,29208,15,1
1,NewOrder,1770883091.014339,42208,2,1
1,NewOrder,1770883091.015507,37164,22,1
2,Payment,1770883091.016648,6986,14,1
2,Payment,1770883091.017202,8683,16,1
1,NewOrder,1770883091.017875,22465,8,1
2,Payment,1770883091.018185,7144,11,1
2,Payment,1770883091.018623,7088,3,1
1,NewOrder,1770883091.018773,29348,21,1
2,Payment,1770883091.019758,7590,0,1
2,Payment,1770883091.020216,6816,10,1
2,Payment,1770883091.023647,11878,14,1
2,Payment,1770883091.024326,15164,12,1
1,NewOrder,1770883091.025357,20536,11,1
1,NewOrder,1770883091.025370,22029,5,1
2,Payment,1770883091.025724,9769,3,1
1,NewOrder,1770883091.025901,26739,16,1
1,NewOrder,1770883091.027059,38297,10,1
1,NewOrder,1770883091.027363,32976,0,1
3,OrderStatus,1770883091.032646,7072,1,1
5,StockLevel,1770883091.033691,17719,7,1
1,NewOrder,1770883091.033704,18897,17,1
2,Payment,1770883091.033717,5288,20,1
4,Delivery,1770883091.034204,52277,4,1
2,Payment,1770883091.035518,8038,3,1
1,NewOrder,1770883091.035551,34406,14,1
2,Payment,1770883091.035586,8842,13,1
2,Payment,1770883091.035683,9502,23,1
1,NewOrder,1770883091.036120,25024,19,1
1,NewOrder,1770883091.039032,20899,20,1
2,Payment,1770883091.039517,6931,12,1
2,Payment,1770883091.039734,8345,1,1
2,Payment,1770883091.040366,8201,8,1
5,StockLevel,1770883091.041850,17590,15,1
1,NewOrder,1770883091.043583,21810,3,1
1,NewOrder,1770883091.044355,28998,9,1
2,Payment,1770883091.044454,6222,13,1
2,Payment,1770883091.045199,7031,23,1
1,NewOrder,1770883091.045920,34018,11,1
1,NewOrder,1770883091.046473,18483,12,1
1,NewOrder,1770883091.047417,28362,5,1
2,Payment,1770883091.048090,9131,1,1
2,Payment,1770883091.048142,6631,21,1
1,NewOrder,1770883091.048579,38952,8,1
3,OrderStatus,1770883091.049991,8384,6,1
1,NewOrder,1770883091.050692,18601,13,1
1,NewOrder,1770883091.051143,28278,18,1
1,NewOrder,1770883091.051436,26652,7,1
2,Payment,1770883091.052256,7364,23,1
2,Payment,1770883091.052636,7676,17,1
2,Payment,1770883091.052666,9054,16,1
3,OrderStatus,1770883091.052687,6207,22,1
1,NewOrder,1770883091.054787,35755,21,1
2,Payment,1770883091.056574,15230,2,1
1,NewOrder,1770883091.057234,31514,1,1
1,NewOrder,1770883091.058392,25035,6,1
2,Payment,1770883091.058920,8026,22,1
2,Payment,1770883091.059455,9692,15,1
1,NewOrder,1770883091.059646,34369,23,1
1,NewOrder,1770883091.059947,29796,20,1
3,OrderStatus,1770883091.060326,8582,17,1
1,NewOrder,1770883091.060365,36975,0,1
2,Payment,1770883091.061157,13199,19,1
2,Payment,1770883091.061736,9484,16,1
1,NewOrder,1770883091.064977,32018,12,1
4,Delivery,1770883091.065368,49447,10,1
1,NewOrder,1770883091.065420,23744,3,1
2,Payment,1770883091.066962,9183,22,1
2,Payment,1770883091.068934,10843,17,1
2,Payment,1770883091.069160,12059,15,1
1,NewOrder,1770883091.069304,31699,13,1
1,NewOrder,1770883091.069983,32908,14,1
2,Payment,1770883091.071236,11874,16,1
1,NewOrder,1770883091.071825,38135,2,1
1,NewOrder,1770883091.073368,30177,9,1
5,StockLevel,1770883091.074369,21413,19,1
2,Payment,1770883091.075793,9625,5,1
1,NewOrder,1770883091.076170,26255,22,1
1,NewOrder,1770883091.078115,19205,7,1
1,NewOrder,1770883091.079447,22383,18,1
4,Delivery,1770883091.079804,64331,17,1
5,StockLevel,1770883091.079966,17973,11,1
1,NewOrder,1770883091.081235,28753,15,1
1,NewOrder,1770883091.083127,37663,16,1
1,NewOrder,1770883091.083447,24990,6,1
1,NewOrder,1770883091.085439,29845,5,1
1,NewOrder,1770883091.086506,29341,4,1
1,NewOrder,1770883091.087556,26189,8,1
2,Payment,1770883091.088774,9202,1,1
1,NewOrder,1770883091.089185,34092,3,1
2,Payment,1770883091.089786,7526,20,1
1,NewOrder,1770883091.090557,32741,21,1
2,Payment,1770883091.094041,8329,23,1
1,NewOrder,1770883091.095808,26163,19,1
2,Payment,1770883091.097022,10017,12,1
3,OrderStatus,1770883091.097330,6819,20,1
3,OrderStatus,1770883091.097347,6769,7,1
2,Payment,1770883091.097364,9703,0,1
2,Payment,1770883091.097958,8300,11,1
3,OrderStatus,1770883091.097991,7703,1,1
2,Payment,1770883091.101029,8292,13,1
2,Payment,1770883091.101865,11236,18,1
2,Payment,1770883091.102397,9098,23,1
1,NewOrder,1770883091.102451,30031,22,1
1,NewOrder,1770883091.102906,22116,14,1
1,NewOrder,1770883091.103561,25638,9,1
2,Payment,1770883091.104143,8055,7,1
1,NewOrder,1770883091.104174,19581,20,1
1,NewOrder,1770883091.105717,36840,1,1
2,Payment,1770883091.106273,8908,11,1
1,NewOrder,1770883091.107058,15328,12,1
2,Payment,1770883091.107093,5511,0,1
1,NewOrder,1770883091.108464,21263,6,1
1,NewOrder,1770883091.109348,34361,13,1
2,Payment,1770883091.109979,8329,2,1
2,Payment,1770883091.110005,9334,15,1
2,Payment,1770883091.111512,10841,23,1
1,NewOrder,1770883091.112219,23777,7,1
1,NewOrder,1770883091.112647,20233,0,1
2,Payment,1770883091.113126,7471,18,1
2,Payment,1770883091.113791,6905,8,1
2,Payment,1770883091.114841,13594,10,1
2,Payment,1770883091.115200,11373,11,1
1,NewOrder,1770883091.115310,16255,5,1
1,NewOrder,1770883091.115874,15037,4,1
5,StockLevel,1770883091.118326,18797,2,1
2,Payment,1770883091.119357,7948,15,1
2,Payment,1770883091.120608,7376,18,1
1,NewOrder,1770883091.120713,30272,8,1
2,Payment,1770883091.120802,8838,16,1
1,NewOrder,1770883091.121986,22413,19,1
2,Payment,1770883091.122381,7595,23,1
2,Payment,1770883091.122407,9064,12,1
1,NewOrder,1770883091.123293,18247,3,1
5,StockLevel,1770883091.123311,16430,21,1
1,NewOrder,1770883091.123781,35697,20,1
2,Payment,1770883091.125047,8171,14,1
1,NewOrder,1770883091.126587,57667,11,1
1,NewOrder,1770883091.127332,21202,15,1
1,NewOrder,1770883091.128011,31430,18,1
1,NewOrder,1770883091.128461,34879,10,1
2,Payment,1770883091.129217,7763,9,1
2,Payment,1770883091.129656,12269,16,1
2,Payment,1770883091.129754,8913,6,1
2,Payment,1770883091.129988,5638,23,1
2,Payment,1770883091.130927,8516,4,1
1,NewOrder,1770883091.131494,34882,12,1
2,Payment,1770883091.131586,10311,5,1
2,Payment,1770883091.132502,5663,22,1
1,NewOrder,1770883091.132896,38900,0,1
5,StockLevel,1770883091.133233,19031,14,1
2,Payment,1770883091.135653,6262,23,1
1,NewOrder,1770883091.136013,21937,7,1
2,Payment,1770883091.136994,14361,9,1
1,NewOrder,1770883091.137134,16748,2,1
1,NewOrder,1770883091.138185,33077,22,1
1,NewOrder,1770883091.138677,22025,6,1
4,Delivery,1770883091.139460,53725,4,1
1,NewOrder,1770883091.139756,42634,21,1
2,Payment,1770883091.141558,7440,3,1
2,Payment,1770883091.141911,9712,5,1
1,NewOrder,1770883091.141928,27773,23,1
2,Payment,1770883091.141946,11323,16,1
1,NewOrder,1770883091.142573,23464,1,1
5,StockLevel,1770883091.143723,15527,13,1
1,NewOrder,1770883091.144150,22326,17,1
1,NewOrder,1770883091.144419,24682,19,1
1,NewOrder,1770883091.148548,25367,15,1
2,Payment,1770883091.149013,7895,3,1
1,NewOrder,1770883091.151010,31239,8,1
2,Payment,1770883091.151373,6117,9,1
2,Payment,1770883091.151643,7459,5,1
2,Payment,1770883091.152293,8717,14,1
3,OrderStatus,1770883091.153289,11820,16,1
1,NewOrder,1770883091.153892,27417,2,1
2,Payment,1770883091.156923,7779,3,1
1,NewOrder,1770883091.157516,18924,9,1
1,NewOrder,1770883091.157959,22032,7,1
1,NewOrder,1770883091.159119,20549,5,1
4,Delivery,1770883091.159264,17748,13,1
2,Payment,1770883091.159451,8237,18,1
2,Payment,1770883091.159504,6362,20,1
1,NewOrder,1770883091.160728,21069,6,1
2,Payment,1770883091.161026,6006,14,1
1,NewOrder,1770883091.163365,20924,10,1
2,Payment,1770883091.164730,15291,3,1
1,NewOrder,1770883091.165127,35224,16,1
1,NewOrder,1770883091.165890,20048,20,1
2,Payment,1770883091.166046,17802,1,1
1,NewOrder,1770883091.166394,33887,12,1
1,NewOrder,1770883091.166504,25870,17,1
2,Payment,1770883091.167057,7549,14,1
1,NewOrder,1770883091.167705,34418,18,1
1,NewOrder,1770883091.169117,28034,19,1
1,NewOrder,1770883091.169731,20936,23,1
1,NewOrder,1770883091.171277,31953,22,1
2,Payment,1770883091.171823,13430,0,1
2,Payment,1770883091.173942,6244,15,1
5,StockLevel,1770883091.174623,13841,14,1
1,NewOrder,1770883091.176453,19202,9,1
2,Payment,1770883091.177023,7181,13,1
2,Payment,1770883091.179694,7025,5,1
1,NewOrder,1770883091.180017,20220,7,1
1,NewOrder,1770883091.180046,17599,3,1
3,OrderStatus,1770883091.180211,7044,15,1
1,NewOrder,1770883091.181323,33819,2,1
1,NewOrder,1770883091.181813,40968,6,1
2,Payment,1770883091.182276,7082,8,1
2,Payment,1770883091.182401,7894,21,1
2,Payment,1770883091.183874,7475,1,1
1,NewOrder,1770883091.184221,27999,13,1
2,Payment,1770883091.184277,9425,11,1
1,NewOrder,1770883091.184305,27975,10,1
1,NewOrder,1770883091.185267,22168,0,1
4,Delivery,1770883091.185953,56130,20,1
2,Payment,1770883091.186746,6924,5,1
2,Payment,1770883091.187287,8011,15,1
2,Payment,1770883091.188479,8616,14,1
2,Payment,1770883091.189376,7182,8,1
1,NewOrder,1770883091.190307,21442,21,1
1,NewOrder,1770883091.190689,18498,23,1
2,Payment,1770883091.191366,8347,1,1
1,NewOrder,1770883091.192394,21072,17,1
2,Payment,1770883091.193221,10875,4,1
2,Payment,1770883091.193693,7676,5,1
1,NewOrder,1770883091.193715,39985,11,1
1,NewOrder,1770883091.195324,36110,15,1
1,NewOrder,1770883091.195680,17049,9,1
2,Payment,1770883091.196573,9030,8,1
1,NewOrder,1770883091.197120,45756,14,1
1,NewOrder,1770883091.197178,36937,19,1
2,Payment,1770883091.197657,9374,3,1
2,Payment,1770883091.199725,9914,1,1
1,NewOrder,1770883091.200248,23690,7,1
1,NewOrder,1770883091.200306,39206,12,1
1,NewOrder,1770883091.200378,23584,16,1
2,Payment,1770883091.201381,10800,5,1
1,NewOrder,1770883091.202149,17766,18,1
2,Payment,1770883091.203255,6410,22,1
3,OrderStatus,1770883091.204114,7588,4,1
3,OrderStatus,1770883091.205618,8831,8,1
1,NewOrder,1770883091.207056,29773,3,1
2,Payment,1770883091.207461,8355,0,1
2,Payment,1770883091.209212,7391,23,1
1,NewOrder,1770883091.209660,9450,1,1
2,Payment,1770883091.209683,8871,22,1
1,NewOrder,1770883091.211727,28733,4,1
1,NewOrder,1770883091.211777,33542,21,1
2,Payment,1770883091.212199,5917,5,1
2,Payment,1770883091.212237,6358,13,1
2,Payment,1770883091.212302,7628,10,1
2,Payment,1770883091.212750,9673,9,1
1,NewOrder,1770883091.213478,20561,17,1
1,NewOrder,1770883091.214474,32366,8,1
2,Payment,1770883091.215160,10083,2,1
2,Payment,1770883091.215828,7760,0,1
1,NewOrder,1770883091.216628,36296,23,1
1,NewOrder,1770883091.218131,34162,5,1
2,Payment,1770883091.218581,5553,22,1
1,NewOrder,1770883091.218612,33174,13,1
3,OrderStatus,1770883091.219127,9481,1,1
2,Payment,1770883091.219944,7808,18,1
1,NewOrder,1770883091.219948,32369,10,1
2,Payment,1770883091.222441,6417,9,1
2,Payment,1770883091.222799,8568,6,1
1,NewOrder,1770883091.223598,37498,0,1
1,NewOrder,1770883091.223965,31480,7,1
2,Payment,1770883091.223975,6973,16,1
2,Payment,1770883091.224163,7237,22,1
5,StockLevel,1770883091.225255,16649,2,1
1,NewOrder,1770883091.227768,24049,18,1
2,Payment,1770883091.228633,8552,1,1
1,NewOrder,1770883091.228884,32677,9,1
2,Payment,1770883091.230973,10779,16,1
1,NewOrder,1770883091.231379,31642,6,1
1,NewOrder,1770883091.231428,25503,22,1
2,Payment,1770883091.231452,12323,15,1
2,Payment,1770883091.233726,7575,11,1
2,Payment,1770883091.234051,13624,17,1
5,StockLevel,1770883091.234141,15405,19,1
5,StockLevel,1770883091.236846,18758,3,1
1,NewOrder,1770883091.237201,20251,1,1
3,OrderStatus,1770883091.239539,5573,12,1
1,NewOrder,1770883091.240486,32099,4,1
1,NewOrder,1770883091.241326,25857,11,1
2,Payment,1770883091.241795,8257,16,1
3,OrderStatus,1770883091.241920,5620,2,1
2,Payment,1770883091.242111,7383,20,1
2,Payment,1770883091.242903,10995,14,1
2,Payment,1770883091.243801,8630,15,1
1,NewOrder,1770883091.245130,21418,12,1
3,OrderStatus,1770883091.245341,7765,21,1
2,Payment,1770883091.246866,9412,8,1
1,NewOrder,1770883091.247565,37079,2,1
1,NewOrder,1770883091.247702,23785,17,1
1,NewOrder,1770883091.249519,34177,20,1
2,Payment,1770883091.249560,7776,19,1
2,Payment,1770883091.250067,8134,16,1
2,Payment,1770883091.251808,8265,13,1
2,Payment,1770883091.251843,7401,18,1
2,Payment,1770883091.252319,8813,5,1
1,NewOrder,1770883091.252336,29302,10,1
1,NewOrder,1770883091.252441,35823,15,1
1,NewOrder,1770883091.252943,19937,23,1
1,NewOrder,1770883091.253120,37702,21,1
1,NewOrder,1770883091.253924,35945,14,1
2,Payment,1770883091.255458,9223,7,1
2,Payment,1770883091.255618,10183,3,1
1,NewOrder,1770883091.256290,20402,8,1
1,NewOrder,1770883091.256941,33859,22,1
2,Payment,1770883091.257363,7755,19,1
1,NewOrder,1770883091.257466,31523,1,1
2,Payment,1770883091.258220,7297,16,1
2,Payment,1770883091.259260,7618,18,1
2,Payment,1770883091.260100,6744,13,1
2,Payment,1770883091.261109,9660,0,1
2,Payment,1770883091.261159,7734,5,1
1,NewOrder,1770883091.261573,42649,9,1
2,Payment,1770883091.263048,8804,6,1
2,Payment,1770883091.264706,8498,7,1
1,NewOrder,1770883091.265142,34602,19,1
2,Payment,1770883091.265543,6894,16,1
1,NewOrder,1770883091.265814,18914,3,1
1,NewOrder,1770883091.266564,37575,12,1
4,Delivery,1770883091.266871,19979,13,1
1,NewOrder,1770883091.266893,18561,18,1
2,Payment,1770883091.267210,10730,11,1
1,NewOrder,1770883091.268912,26502,5,1
1,NewOrder,1770883091.270796,36870,0,1
2,Payment,1770883091.271513,8220,17,1
1,NewOrder,1770883091.271868,17929,6,1
2,Payment,1770883091.272464,10399,16,1
1,NewOrder,1770883091.272597,27632,4,1
1,NewOrder,1770883091.272896,32441,23,1
1,NewOrder,1770883091.273222,28185,7,1
5,StockLevel,1770883091.276707,18024,8,1
5,StockLevel,1770883091.277963,16500,11,1
1,NewOrder,1770883091.279748,29661,17,1
1,NewOrder,1770883091.281664,25628,10,1
2,Payment,1770883091.282890,7255,16,1
3,OrderStatus,1770883091.283714,6711,20,1
1,NewOrder,1770883091.284670,24427,2,1
2,Payment,1770883091.284749,6705,3,1
2,Payment,1770883091.285479,7347,18,1
1,NewOrder,1770883091.286864,36931,13,1
2,Payment,1770883091.288283,8149,15,1
1,NewOrder,1770883091.289016,28840,1,1
2,Payment,1770883091.289814,7205,6,1
1,NewOrder,1770883091.289894,25352,14,1
1,NewOrder,1770883091.290163,34355,16,1
2,Payment,1770883091.290438,7661,20,1
1,NewOrder,1770883091.290816,30902,22,1
2,Payment,1770883091.290836,9251,21,1
1,NewOrder,1770883091.291465,31762,3,1
1,NewOrder,1770883091.292839,17098,18,1
2,Payment,1770883091.294483,7390,11,1
1,NewOrder,1770883091.294744,22709,8,1
2,Payment,1770883091.295432,7683,5,1
2,Payment,1770883091.296458,7386,15,1
2,Payment,1770883091.297034,6771,6,1
2,Payment,1770883091.298118,8186,20,1
1,NewOrder,1770883091.299761,36890,19,1
4,Delivery,1770883091.300115,38757,21,1
2,Payment,1770883091.300256,7132,4,1
2,Payment,1770883091.301433,8027,7,1
2,Payment,1770883091.301897,11601,11,1
4,Delivery,1770883091.303141,64782,5,1
1,NewOrder,1770883091.303821,32946,6,1
1,NewOrder,1770883091.303870,26262,15,1
1,NewOrder,1770883091.304164,24919,12,1
2,Payment,1770883091.304242,13574,9,1
2,Payment,1770883091.305352,7241,23,1
2,Payment,1770883091.306324,8803,20,1
2,Payment,1770883091.307308,8517,10,1
2,Payment,1770883091.307414,7287,4,1
2,Payment,1770883091.307685,8659,0,1
1,NewOrder,1770883091.309111,31947,2,1
1,NewOrder,1770883091.309423,34927,17,1
1,NewOrder,1770883091.309471,22292,7,1
2,Payment,1770883091.309965,7461,18,1
2,Payment,1770883091.312619,7314,23,1
3,OrderStatus,1770883091.313518,7599,11,1
2,Payment,1770883091.314727,7389,4,1
1,NewOrder,1770883091.315145,27903,20,1
1,NewOrder,1770883091.315273,17665,14,1
1,NewOrder,1770883091.315843,32440,10,1
1,NewOrder,1770883091.316370,19697,0,1
1,NewOrder,1770883091.317453,18198,18,1
2,Payment,1770883091.317479,6616,8,1
1,NewOrder,1770883091.317837,34531,9,1
2,Payment,1770883091.317872,7881,1,1
1,NewOrder,1770883091.319948,36391,23,1
2,Payment,1770883091.321132,8346,11,1
1,NewOrder,1770883091.321745,26676,22,1
1,NewOrder,1770883091.322130,30292,4,1
5,StockLevel,1770883091.323253,16059,3,1
2,Payment,1770883091.323821,9160,13,1
1,NewOrder,1770883091.324121,40260,8,1
1,NewOrder,1770883091.324542,34373,16,1
1,NewOrder,1770883091.325788,22262,1,1
1,NewOrder,1770883091.329109,24890,12,1
2,Payment,1770883091.329495,7100,11,1
1,NewOrder,1770883091.330145,34158,15,1
2,Payment,1770883091.331790,8149,7,1
5,StockLevel,1770883091.332964,16958,14,1
1,NewOrder,1770883091.333008,15436,13,1
2,Payment,1770883091.335666,8740,18,1
1,NewOrder,1770883091.336093,31457,0,1
1,NewOrder,1770883091.336622,19122,11,1
1,NewOrder,1770883091.336678,32550,19,1
1,NewOrder,1770883091.336793,23157,6,1
2,Payment,1770883091.338894,7692,21,1
1,NewOrder,1770883091.339330,21920,3,1
1,NewOrder,1770883091.339957,35272,7,1
1,NewOrder,1770883091.341085,20277,2,1
1,NewOrder,1770883091.343066,37728,20,1
1,NewOrder,1770883091.344376,24366,17,1
4,Delivery,1770883091.344434,16620,18,1
1,NewOrder,1770883091.346601,35650,21,1
2,Payment,1770883091.348075,7553,1,1
1,NewOrder,1770883091.348310,25272,10,1
2,Payment,1770883091.348448,7205,22,1
2,Payment,1770883091.348463,6594,13,1
1,NewOrder,1770883091.349939,19141,14,1
1,NewOrder,1770883091.352384,30931,9,1
2,Payment,1770883091.352441,8558,4,1
1,NewOrder,1770883091.354026,26057,12,1
5,StockLevel,1770883091.355082,14626,13,1
5,StockLevel,1770883091.355646,17904,1,1
1,NewOrder,1770883091.355670,33354,22,1
1,NewOrder,1770883091.355770,27175,11,1
2,Payment,1770883091.356355,6561,23,1
5,StockLevel,1770883091.358941,14258,16,1
2,Payment,1770883091.359984,6797,6,1
1,NewOrder,1770883091.361025,25366,4,1
1,NewOrder,1770883091.361079,26984,18,1
2,Payment,1770883091.361265,8220,3,1
2,Payment,1770883091.361378,6569,2,1
1,NewOrder,1770883091.362933,18226,23,1
2,Payment,1770883091.364318,7021,15,1
4,Delivery,1770883091.364408,33905,8,1
2,Payment,1770883091.366808,7557,6,1
1,NewOrder,1770883091.367563,34330,0,1
2,Payment,1770883091.367950,7321,5,1
1,NewOrder,1770883091.367960,18906,2,1
2,Payment,1770883091.368768,8453,17,1
1,NewOrder,1770883091.369095,28290,14,1
1,NewOrder,1770883091.369243,33223,19,1
1,NewOrder,1770883091.369511,34993,3,1
2,Payment,1770883091.369728,13560,13,1
1,NewOrder,1770883091.371353,36928,15,1
2,Payment,1770883091.373224,8667,16,1
1,NewOrder,1770883091.373578,23013,1,1
3,OrderStatus,1770883091.373599,7827,10,1
1,NewOrder,1770883091.374380,36825,6,1
5,StockLevel,1770883091.375256,17611,7,1
2,Payment,1770883091.375298,14712,5,1
2,Payment,1770883091.377234,8743,17,1
4,Delivery,1770883091.380095,14776,12,1
1,NewOrder,1770883091.380820,24028,20,1
2,Payment,1770883091.381179,6531,23,1
1,NewOrder,1770883091.381452,17084,10,1
1,NewOrder,1770883091.381917,20080,16,1
1,NewOrder,1770883091.382274,19515,21,1
4,Delivery,1770883091.382957,16487,11,1
1,NewOrder,1770883091.383317,28941,13,1
1,NewOrder,1770883091.383341,28566,9,1
1,NewOrder,1770883091.386003,36796,17,1
1,NewOrder,1770883091.386412,27496,4,1
2,Payment,1770883091.386893,7678,2,1
2,Payment,1770883091.387739,8517,23,1
1,NewOrder,1770883091.388089,39367,18,1
1,NewOrder,1770883091.389036,28431,22,1
4,Delivery,1770883091.390036,62237,5,1
2,Payment,1770883091.392894,8468,7,1
1,NewOrder,1770883091.394595,40384,2,1
2,Payment,1770883091.394886,9654,12,1
3,OrderStatus,1770883091.396281,7846,23,1
2,Payment,1770883091.396619,7522,1,1
5,StockLevel,1770883091.397403,16046,14,1
2,Payment,1770883091.398341,6677,8,1
1,NewOrder,1770883091.398552,36928,10,1
2,Payment,1770883091.399466,8700,11,1
3,OrderStatus,1770883091.401388,8044,7,1
1,NewOrder,1770883091.401804,21905,21,1
1,NewOrder,1770883091.401922,25487,0,1
1,NewOrder,1770883091.402012,28354,16,1
1,NewOrder,1770883091.402482,24114,19,1
1,NewOrder,1770883091.404154,19592,23,1
1,NewOrder,1770883091.404169,35829,1,1
1,NewOrder,1770883091.404530,19318,3,1
5,StockLevel,1770883091.404566,18767,12,1
1,NewOrder,1770883091.404866,36100,20,1
1,NewOrder,1770883091.405037,28321,8,1
5,StockLevel,1770883091.408191,14487,11,1
2,Payment,1770883091.408302,7956,15,1
1,NewOrder,1770883091.409448,23280,7,1
1,NewOrder,1770883091.411215,19536,6,1
1,NewOrder,1770883091.411933,31178,9,1
1,NewOrder,1770883091.412273,36667,13,1
5,StockLevel,1770883091.413462,14475,14,1
4,Delivery,1770883091.413934,38861,4,1
5,StockLevel,1770883091.416284,16733,15,1
2,Payment,1770883091.417493,9856,22,1
2,Payment,1770883091.422703,6725,11,1
1,NewOrder,1770883091.422825,26863,17,1
4,Delivery,1770883091.423345,15954,12,1
2,Payment,1770883091.423726,8600,21,1
5,StockLevel,1770883091.423774,15063,23,1
1,NewOrder,1770883091.423875,35186,3,1
1,NewOrder,1770883091.426622,37558,19,1
1,NewOrder,1770883091.427375,34995,22,1
2,Payment,1770883091.427423,5887,0,1
3,OrderStatus,1770883091.427476,5343,18,1
1,NewOrder,1770883091.427949,16869,14,1
2,Payment,1770883091.429454,7545,11,1
1,NewOrder,1770883091.430386,15748,16,1
2,Payment,1770883091.430777,8543,6,1
2,Payment,1770883091.432352,6582,21,1
2,Payment,1770883091.432745,9318,7,1
1,NewOrder,1770883091.432837,21969,18,1
2,Payment,1770883091.433043,6840,15,1
3,OrderStatus,1770883091.433323,3568,0,1
1,NewOrder,1770883091.433384,27780,8,1
2,Payment,1770883091.434995,6678,2,1
2,Payment,1770883091.435506,7982,10,1
1,NewOrder,1770883091.436916,21556,0,1
1,NewOrder,1770883091.437015,33965,11,1
1,NewOrder,1770883091.438855,36687,23,1
2,Payment,1770883091.438961,8022,21,1
4,Delivery,1770883091.439315,13819,12,1
1,NewOrder,1770883091.439339,15509,6,1
2,Payment,1770883091.439894,6672,15,1
1,NewOrder,1770883091.440023,27202,1,1
2,Payment,1770883091.440994,8061,20,1
1,NewOrder,1770883091.441691,30609,2,1
1,NewOrder,1770883091.442084,16952,7,1
2,Payment,1770883091.443127,8552,9,1
2,Payment,1770883091.443507,5451,10,1
2,Payment,1770883091.444833,7524,14,1
2,Payment,1770883091.446149,8186,16,1
1,NewOrder,1770883091.446582,29918,15,1
1,NewOrder,1770883091.446995,20657,21,1
3,OrderStatus,1770883091.448968,9914,13,1
1,NewOrder,1770883091.448978,31651,10,1
1,NewOrder,1770883091.449082,28044,20,1
1,NewOrder,1770883091.449702,36723,17,1
1,NewOrder,1770883091.451694,19691,9,1
1,NewOrder,1770883091.452288,34547,5,1
1,NewOrder,1770883091.452374,22672,14,1
2,Payment,1770883091.452817,2333,4,1
2,Payment,1770883091.453154,8561,12,1
1,NewOrder,1770883091.454349,36140,16,1
1,NewOrder,1770883091.454832,16876,18,1
2,Payment,1770883091.454874,7535,6,1
1,NewOrder,1770883091.455167,20639,4,1
3,OrderStatus,1770883091.458499,6940,0,1
4,Delivery,1770883091.458905,20504,13,1
2,Payment,1770883091.459053,5990,7,1
1,NewOrder,1770883091.459076,15941,3,1
1,NewOrder,1770883091.461175,35395,8,1
1,NewOrder,1770883091.461728,25799,12,1
1,NewOrder,1770883091.462387,30524,22,1
2,Payment,1770883091.462428,11510,6,1
1,NewOrder,1770883091.464195,26330,19,1
2,Payment,1770883091.465053,7161,7,1
1,NewOrder,1770883091.465455,25119,0,1
2,Payment,1770883091.467241,8268,1,1
1,NewOrder,1770883091.467672,32254,21,1
3,OrderStatus,1770883091.470994,6120,11,1
2,Payment,1770883091.471410,10647,9,1
1,NewOrder,1770883091.471723,18744,18,1
2,Payment,1770883091.472231,8042,7,1
1,NewOrder,1770883091.472320,37499,2,1
1,NewOrder,1770883091.473954,13481,6,1
1,NewOrder,1770883091.475034,22494,3,1
1,NewOrder,1770883091.475065,21617,14,1
2,Payment,1770883091.475522,7361,1,1
1,NewOrder,1770883091.475556,36565,23,1
1,NewOrder,1770883091.475824,24594,4,1
1,NewOrder,1770883091.476513,17533,15,1
1,NewOrder,1770883091.477131,35049,11,1
2,Payment,1770883091.477143,10806,20,1
3,OrderStatus,1770883091.479423,7030,13,1
1,NewOrder,1770883091.480288,20576,7,1
2,Payment,1770883091.480649,7220,10,1
2,Payment,1770883091.482072,8799,9,1
2,Payment,1770883091.482909,10490,1,1
1,NewOrder,1770883091.486443,27795,17,1
2,Payment,1770883091.486470,7617,13,1
2,Payment,1770883091.486852,8907,5,1
2,Payment,1770883091.487447,5988,6,1
2,Payment,1770883091.487539,8664,12,1
2,Payment,1770883091.487886,10179,10,1
2,Payment,1770883091.487977,10316,20,1
2,Payment,1770883091.490481,12512,18,1
2,Payment,1770883091.490509,7467,16,1
2,Payment,1770883091.490543,10341,19,1
3,OrderStatus,1770883091.490599,3348,0,1
2,Payment,1770883091.490883,5347,9,1
2,Payment,1770883091.492937,12313,22,1
1,NewOrder,1770883091.493419,19615,1,1
1,NewOrder,1770883091.493449,27502,6,1
3,OrderStatus,1770883091.493973,5829,0,1
3,OrderStatus,1770883091.494058,7052,15,1
1,NewOrder,1770883091.494101,18038,13,1
2,Payment,1770883091.495786,8162,5,1
2,Payment,1770883091.496217,7310,12,1
5,StockLevel,1770883091.496248,17201,9,1
1,NewOrder,1770883091.496596,32029,8,1
5,StockLevel,1770883091.496698,14417,14,1
1,NewOrder,1770883091.497544,37152,3,1
1,NewOrder,1770883091.498002,35785,16,1
2,Payment,1770883091.498078,5953,10,1
5,StockLevel,1770883091.498307,13445,20,1
1,NewOrder,1770883091.499815,21965,0,1
2,Payment,1770883091.499941,9017,21,1
2,Payment,1770883091.500433,6860,4,1
1,NewOrder,1770883091.500877,16655,7,1
2,Payment,1770883091.500911,11770,19,1
2,Payment,1770883091.501128,8352,15,1
2,Payment,1770883091.503011,13079,18,1
1,NewOrder,1770883091.503538,27981,12,1
2,Payment,1770883091.503966,7664,5,1
3,OrderStatus,1770883091.504044,6130,10,1
2,Payment,1770883091.505276,8950,22,1
1,NewOrder,1770883091.507306,22324,4,1
2,Payment,1770883091.508971,8965,21,1
2,Payment,1770883091.509497,4379,15,1
2,Payment,1770883091.509844,5479,2,1
2,Payment,1770883091.510187,7002,10,1
2,Payment,1770883091.511128,7142,14,1
2,Payment,1770883091.511644,7989,5,1
2,Payment,1770883091.511776,11977,20,1
2,Payment,1770883091.512148,10020,23,1
1,NewOrder,1770883091.512153,30568,13,1
2,Payment,1770883091.512206,7778,11,1
1,NewOrder,1770883091.512709,36848,19,1
1,NewOrder,1770883091.513047,31132,1,1
1,NewOrder,1770883091.513475,19787,9,1
2,Payment,1770883091.513887,8240,15,1
2,Payment,1770883091.514243,10939,22,1
3,OrderStatus,1770883091.514253,10359,17,1
2,Payment,1770883091.515337,6938,2,1
1,NewOrder,1770883091.516117,39587,18,1
1,NewOrder,1770883091.517215,26010,10,1
2,Payment,1770883091.517547,8563,7,1
1,NewOrder,1770883091.517952,27795,21,1
4,Delivery,1770883091.518291,29986,14,1
2,Payment,1770883091.519645,7560,5,1
1,NewOrder,1770883091.520009,27329,11,1
2,Payment,1770883091.520969,10005,6,1
4,Delivery,1770883091.521791,14896,0,1
1,NewOrder,1770883091.522140,28037,15,1
2,Payment,1770883091.522192,9290,23,1
1,NewOrder,1770883091.522291,35834,2,1
1,NewOrder,1770883091.523768,32807,20,1
3,OrderStatus,1770883091.524638,6539,17,1
1,NewOrder,1770883091.525198,29142,22,1
4,Delivery,1770883091.526127,37380,7,1
2,Payment,1770883091.527222,6593,5,1
3,OrderStatus,1770883091.528652,6976,8,1
2,Payment,1770883091.529644,6448,4,1
2,Payment,1770883091.531000,7675,6,1
4,Delivery,1770883091.531202,17538,17,1
1,NewOrder,1770883091.531500,30924,23,1
2,Payment,1770883091.531534,6299,12,1
2,Payment,1770883091.533283,7650,9,1
2,Payment,1770883091.533801,6382,16,1
2,Payment,1770883091.533831,5254,5,1
2,Payment,1770883091.534720,6682,3,1
1,NewOrder,1770883091.535639,30239,8,1
2,Payment,1770883091.536102,8558,4,1
2,Payment,1770883091.536701,9502,0,1
2,Payment,1770883091.537854,6770,12,1
1,NewOrder,1770883091.538693,30506,6,1
2,Payment,1770883091.539098,9398,5,1
1,NewOrder,1770883091.540196,24955,16,1
3,OrderStatus,1770883091.540955,7782,9,1
2,Payment,1770883091.541418,9093,3,1
2,Payment,1770883091.542747,11545,13,1
1,NewOrder,1770883091.543241,33720,10,1
2,Payment,1770883091.544196,8582,1,1
2,Payment,1770883091.544637,11981,12,1
2,Payment,1770883091.544676,9572,4,1
5,StockLevel,1770883091.545777,16602,21,1
1,NewOrder,1770883091.546217,21261,0,1
1,NewOrder,1770883091.547356,38227,11,1
3,OrderStatus,1770883091.548298,5161,14,1
2,Payment,1770883091.548506,8078,5,1
2,Payment,1770883091.548746,7940,9,1
1,NewOrder,1770883091.548758,17500,17,1
1,NewOrder,1770883091.549571,25424,19,1
5,StockLevel,1770883091.550198,13110,15,1
1,NewOrder,1770883091.550528,28738,3,1
2,Payment,1770883091.552805,6886,1,1
2,Payment,1770883091.553474,9694,14,1
1,NewOrder,1770883091.554275,34610,4,1
2,Payment,1770883091.554305,14429,13,1
2,Payment,1770883091.554367,5864,22,1
1,NewOrder,1770883091.555730,28978,18,1
1,NewOrder,1770883091.556593,31735,20,1
2,Payment,1770883091.556612,7565,5,1
1,NewOrder,1770883091.556636,32565,12,1
1,NewOrder,1770883091.556698,16713,9,1
2,Payment,1770883091.558137,8102,2,1
1,NewOrder,1770883091.559706,28706,1,1
2,Payment,1770883091.560247,8863,22,1
2,Payment,1770883091.562393,8291,21,1
1,NewOrder,1770883091.562451,27586,23,1
2,Payment,1770883091.563195,7999,14,1
1,NewOrder,1770883091.563319,34149,15,1
2,Payment,1770883091.563517,6525,7,1
1,NewOrder,1770883091.564187,25045,5,1
1,NewOrder,1770883091.565179,28956,16,1
2,Payment,1770883091.565896,8176,8,1
1,NewOrder,1770883091.566253,19969,2,1
2,Payment,1770883091.566284,7744,17,1
2,Payment,1770883091.567492,6680,0,1
4,Delivery,1770883091.568750,19544,13,1
1,NewOrder,1770883091.569131,24082,22,1
2,Payment,1770883091.569216,12621,6,1
2,Payment,1770883091.570055,9844,7,1
1,NewOrder,1770883091.570701,31157,21,1
1,NewOrder,1770883091.571217,27423,14,1
2,Payment,1770883091.573426,21164,9,1
2,Payment,1770883091.574037,7503,17,1
1,NewOrder,1770883091.574090,24583,8,1
1,NewOrder,1770883091.574186,17598,0,1
2,Payment,1770883091.575012,6879,19,1
1,NewOrder,1770883091.576976,26424,10,1
1,NewOrder,1770883091.579280,27887,3,1
2,Payment,1770883091.579916,12723,7,1
1,NewOrder,1770883091.581560,15344,17,1
2,Payment,1770883091.581855,15585,6,1
2,Payment,1770883091.581910,5831,19,1
2,Payment,1770883091.584722,5877,18,1
1,NewOrder,1770883091.585596,30647,11,1
3,OrderStatus,1770883091.586237,4093,2,1
1,NewOrder,1770883091.587768,23790,19,1
3,OrderStatus,1770883091.588309,5206,13,1
2,Payment,1770883091.588355,5441,20,1
2,Payment,1770883091.588427,6924,1,1
2,Payment,1770883091.588897,9873,4,1
1,NewOrder,1770883091.589222,25590,12,1
2,Payment,1770883091.589250,11180,5,1
2,Payment,1770883091.590050,8150,23,1
2,Payment,1770883091.590356,13675,2,1
1,NewOrder,1770883091.590613,35957,18,1
2,Payment,1770883091.591800,10178,0,1
1,NewOrder,1770883091.592667,19111,7,1
2,Payment,1770883091.593235,6640,22,1
1,NewOrder,1770883091.593529,26374,13,1
1,NewOrder,1770883091.593806,19269,20,1
2,Payment,1770883091.594157,7426,16,1
1,NewOrder,1770883091.594613,40814,9,1
4,Delivery,1770883091.595362,22873,1,1
1,NewOrder,1770883091.596926,29384,17,1
2,Payment,1770883091.597462,4423,6,1
2,Payment,1770883091.597484,6159,15,1
2,Payment,1770883091.598227,8136,23,1
3,OrderStatus,1770883091.598653,5033,14,1
2,Payment,1770883091.598692,8950,8,1
2,Payment,1770883091.598787,8767,4,1
1,NewOrder,1770883091.599894,35834,22,1
2,Payment,1770883091.600446,8692,5,1
1,NewOrder,1770883091.601598,33892,16,1
2,Payment,1770883091.601875,8882,21,1
1,NewOrder,1770883091.601902,23848,6,1
1,NewOrder,1770883091.601991,31011,0,1
1,NewOrder,1770883091.603417,28138,10,1
2,Payment,1770883091.603658,7803,15,1
1,NewOrder,1770883091.603699,37608,14,1
1,NewOrder,1770883091.604049,22124,2,1
1,NewOrder,1770883091.606376,22474,23,1
1,NewOrder,1770883091.607182,19113,3,1
1,NewOrder,1770883091.607564,25466,4,1
1,NewOrder,1770883091.607652,18605,8,1
1,NewOrder,1770883091.609156,35108,5,1
1,NewOrder,1770883091.610774,29229,21,1
2,Payment,1770883091.611473,7432,15,1
1,NewOrder,1770883091.611584,23213,19,1
2,Payment,1770883091.611791,9471,7,1
1,NewOrder,1770883091.613089,27797,20,1
1,NewOrder,1770883091.614827,32098,12,1
1,NewOrder,1770883091.616262,19206,11,1
4,Delivery,1770883091.618252,20378,1,1
1,NewOrder,1770883091.618923,21937,15,1
1,NewOrder,1770883091.619921,36718,13,1
2,Payment,1770883091.621273,11765,7,1
2,Payment,1770883091.625795,10341,6,1
1,NewOrder,1770883091.626187,35798,2,1
2,Payment,1770883091.626276,12980,8,1
1,NewOrder,1770883091.626324,43839,3,1
2,Payment,1770883091.626325,8774,17,1
1,NewOrder,1770883091.626585,25921,18,1
1,NewOrder,1770883091.628866,18380,23,1
2,Payment,1770883091.631574,9634,10,1
2,Payment,1770883091.633019,8976,0,1
3,OrderStatus,1770883091.633048,5612,4,1
2,Payment,1770883091.633065,9922,7,1
2,Payment,1770883091.634811,5702,19,1
2,Payment,1770883091.635124,4929,17,1
1,NewOrder,1770883091.635442,37516,9,1
1,NewOrder,1770883091.635487,23033,11,1
1,NewOrder,1770883091.635517,33467,16,1
1,NewOrder,1770883091.635739,32848,22,1
2,Payment,1770883091.636156,10255,6,1
1,NewOrder,1770883091.638646,35207,1,1
2,Payment,1770883091.638680,6219,4,1
2,Payment,1770883091.639276,8573,8,1
2,Payment,1770883091.640020,8774,21,1
1,NewOrder,1770883091.640070,30762,17,1
2,Payment,1770883091.640526,6758,19,1
1,NewOrder,1770883091.640870,28413,15,1
1,NewOrder,1770883091.640911,23099,20,1
1,NewOrder,1770883091.641220,24504,10,1
2,Payment,1770883091.641318,5970,14,1
1,NewOrder,1770883091.642008,31483,0,1
1,NewOrder,1770883091.643003,16368,7,1
2,Payment,1770883091.644281,7074,5,1
2,Payment,1770883091.644913,8044,4,1
2,Payment,1770883091.646432,7505,6,1
5,StockLevel,1770883091.646951,16391,12,1
2,Payment,1770883091.647266,7444,23,1
1,NewOrder,1770883091.647298,33533,19,1
2,Payment,1770883091.647315,10124,14,1
1,NewOrder,1770883091.647866,16888,8,1
3,OrderStatus,1770883091.648808,5706,21,1
2,Payment,1770883091.651370,7481,5,1
3,OrderStatus,1770883091.652522,6988,18,1
2,Payment,1770883091.652974,7533,4,1
2,Payment,1770883091.653950,10096,6,1
1,NewOrder,1770883091.654534,26279,21,1
1,NewOrder,1770883091.654721,23422,23,1
1,NewOrder,1770883091.656650,26270,13,1
2,Payment,1770883091.657466,5499,14,1
2,Payment,1770883091.658539,9043,11,1
1,NewOrder,1770883091.658876,30731,5,1
2,Payment,1770883091.659383,9969,7,1
2,Payment,1770883091.659529,7003,18,1
1,NewOrder,1770883091.660523,19645,4,1
2,Payment,1770883091.661999,7309,2,1
1,NewOrder,1770883091.662990,26085,14,1
1,NewOrder,1770883091.663357,34429,12,1
2,Payment,1770883091.664019,7209,20,1
1,NewOrder,1770883091.664065,20200,6,1
1,NewOrder,1770883091.664781,17447,8,1
2,Payment,1770883091.665741,9421,10,1
1,NewOrder,1770883091.666552,19268,18,1
1,NewOrder,1770883091.667598,30722,11,1
2,Payment,1770883091.668613,7969,22,1
2,Payment,1770883091.668999,7958,16,1
1,NewOrder,1770883091.669302,16488,15,1
1,NewOrder,1770883091.669323,27301,2,1
1,NewOrder,1770883091.669364,27309,7,1
1,NewOrder,1770883091.670176,30377,3,1
2,Payment,1770883091.670851,7654,17,1
2,Payment,1770883091.671240,7258,20,1
1,NewOrder,1770883091.672979,26975,9,1
1,NewOrder,1770883091.673504,22309,0,1
1,NewOrder,1770883091.673872,23866,1,1
1,NewOrder,1770883091.675177,19754,10,1
1,NewOrder,1770883091.676597,31640,22,1
2,Payment,1770883091.676976,6721,16,1
2,Payment,1770883091.678157,6467,23,1
1,NewOrder,1770883091.678516,38184,20,1
2,Payment,1770883091.678521,6656,17,1
2,Payment,1770883091.680182,7898,4,1
2,Payment,1770883091.680840,6631,21,1
2,Payment,1770883091.680844,8559,19,1
2,Payment,1770883091.682255,7322,8,1
2,Payment,1770883091.682933,8461,13,1
2,Payment,1770883091.683715,9995,16,1
1,NewOrder,1770883091.684282,37149,6,1
2,Payment,1770883091.684640,8621,23,1
1,NewOrder,1770883091.685191,31996,17,1
2,Payment,1770883091.685808,12228,15,1
1,NewOrder,1770883091.685832,35554,18,1
4,Delivery,1770883091.687484,42556,21,1
2,Payment,1770883091.688108,6298,4,1
2,Payment,1770883091.689101,7616,14,1
5,StockLevel,1770883091.689417,17890,19,1
1,NewOrder,1770883091.689593,33320,8,1
1,NewOrder,1770883091.689625,37221,5,1
1,NewOrder,1770883091.691407,30000,13,1
1,NewOrder,1770883091.693279,18318,23,1
2,Payment,1770883091.693728,6740,16,1
1,NewOrder,1770883091.694418,28982,4,1
1,NewOrder,1770883091.694958,30166,10,1
1,NewOrder,1770883091.695827,19648,0,1
1,NewOrder,1770883091.696640,34902,2,1
2,Payment,1770883091.696699,5118,7,1
2,Payment,1770883091.696731,6536,14,1
1,NewOrder,1770883091.697752,23616,1,1
3,OrderStatus,1770883091.697799,6954,12,1
1,NewOrder,1770883091.698047,24151,15,1
2,Payment,1770883091.698338,7896,11,1
1,NewOrder,1770883091.699964,20886,9,1
2,Payment,1770883091.700487,6587,16,1
2,Payment,1770883091.700567,8027,3,1
4,Delivery,1770883091.701834,35900,7,1
1,NewOrder,1770883091.703280,26735,14,1
1,NewOrder,1770883091.704768,21763,12,1
2,Payment,1770883091.706247,8226,11,1
2,Payment,1770883091.707100,6950,16,1
2,Payment,1770883091.707321,8727,19,1
1,NewOrder,1770883091.708247,24032,22,1
3,OrderStatus,1770883091.708610,7675,3,1
1,NewOrder,1770883091.711611,23000,23,1
1,NewOrder,1770883091.714066,21719,16,1
2,Payment,1770883091.714490,7860,11,1
1,NewOrder,1770883091.715489,27071,0,1
2,Payment,1770883091.716057,6002,19,1
2,Payment,1770883091.716311,9238,3,1
2,Payment,1770883091.716714,7346,20,1
4,Delivery,1770883091.717198,59329,17,1
5,StockLevel,1770883091.720868,17621,9,1
1,NewOrder,1770883091.721395,34341,1,1
2,Payment,1770883091.721408,6791,18,1
2,Payment,1770883091.721423,6343,13,1
1,NewOrder,1770883091.721443,41979,6,1
1,NewOrder,1770883091.722071,41377,19,1
2,Payment,1770883091.722235,7351,15,1
1,NewOrder,1770883091.722366,39052,11,1
1,NewOrder,1770883091.722930,42802,8,1
1,NewOrder,1770883091.723418,27983,4,1
2,Payment,1770883091.724073,5876,20,1
2,Payment,1770883091.725139,7538,10,1
2,Payment,1770883091.725564,10333,3,1
1,NewOrder,1770883091.726544,35891,12,1
1,NewOrder,1770883091.726860,33343,5,1
2,Payment,1770883091.727793,7186,13,1
2,Payment,1770883091.728220,7530,18,1
1,NewOrder,1770883091.729601,31467,15,1
2,Payment,1770883091.729965,7389,20,1
2,Payment,1770883091.730027,6617,14,1
1,NewOrder,1770883091.730052,26206,21,1
2,Payment,1770883091.731554,7155,2,1
2,Payment,1770883091.732298,6884,22,1
1,NewOrder,1770883091.732689,39036,10,1
2,Payment,1770883091.734627,17010,23,1
2,Payment,1770883091.734995,16223,13,1
2,Payment,1770883091.735769,22307,18,1
2,Payment,1770883091.735803,20345,16,1
2,Payment,1770883091.735923,5269,3,1
2,Payment,1770883091.736656,22865,14,1
2,Payment,1770883091.737370,29707,20,1
2,Payment,1770883091.737749,13529,7,1
5,StockLevel,1770883091.738506,18798,9,1
1,NewOrder,1770883091.738726,38885,2,1
1,NewOrder,1770883091.739201,27487,22,1
2,Payment,1770883091.741206,14146,3,1
1,NewOrder,1770883091.742576,24994,0,1
2,Payment,1770883091.751244,10580,13,1
1,NewOrder,1770883091.751309,26363,7,1
1,NewOrder,1770883091.751410,11045,4,1
3,OrderStatus,1770883091.751661,6250,23,1
1,NewOrder,1770883091.755370,18778,3,1
2,Payment,1770883091.755761,7372,1,1
1,NewOrder,1770883091.756160,24431,16,1
1,NewOrder,1770883091.756275,39969,21,1
2,Payment,1770883091.757320,8069,9,1
2,Payment,1770883091.757924,7033,23,1
2,Payment,1770883091.758089,10908,18,1
2,Payment,1770883091.759541,12416,14,1
1,NewOrder,1770883091.760214,14714,5,1
2,Payment,1770883091.761084,11740,15,1
1,NewOrder,1770883091.761441,38556,11,1
2,Payment,1770883091.761838,12657,13,1
2,Payment,1770883091.762454,16174,12,1
1,NewOrder,1770883091.762470,35374,4,1
2,Payment,1770883091.763147,5495,1,1
1,NewOrder,1770883091.763443,30223,6,1
2,Payment,1770883091.763471,7827,19,1
2,Payment,1770883091.764976,14788,23,1
2,Payment,1770883091.765403,9482,9,1
2,Payment,1770883091.765749,12847,8,1
2,Payment,1770883091.766702,11514,22,1
4,Delivery,1770883091.767093,37791,20,1
1,NewOrder,1770883091.767584,20590,0,1
1,NewOrder,1770883091.768654,8982,1,1
4,Delivery,1770883091.769023,36307,18,1
1,NewOrder,1770883091.771324,28588,19,1
2,Payment,1770883091.771744,9185,10,1
1,NewOrder,1770883091.771974,31608,14,1
2,Payment,1770883091.772851,11218,15,1
2,Payment,1770883091.774164,3040,3,1
1,NewOrder,1770883091.774511,34017,13,1
2,Payment,1770883091.774917,11586,9,1
1,NewOrder,1770883091.774946,14613,5,1
2,Payment,1770883091.776539,5608,17,1
1,NewOrder,1770883091.777233,22667,3,1
2,Payment,1770883091.777627,11606,2,1
2,Payment,1770883091.777652,8365,1,1
1,NewOrder,1770883091.777690,39180,7,1
1,NewOrder,1770883091.778233,18863,22,1
1,NewOrder,1770883091.778622,20864,8,1
2,Payment,1770883091.778641,7758,12,1
1,NewOrder,1770883091.779790,36632,23,1
1,NewOrder,1770883091.780606,24287,16,1
2,Payment,1770883091.780949,11705,10,1
2,Payment,1770883091.782161,9768,17,1
1,NewOrder,1770883091.784084,45204,15,1
2,Payment,1770883091.786051,14928,1,1
1,NewOrder,1770883091.786430,43398,12,1
1,NewOrder,1770883091.786530,41325,9,1
3,OrderStatus,1770883091.788193,3777,0,1
2,Payment,1770883091.789246,13116,2,1
4,Delivery,1770883091.789577,34213,5,1
2,Payment,1770883091.791945,5052,17,1
3,OrderStatus,1770883091.791987,3086,0,1
1,NewOrder,1770883091.792671,24146,10,1
1,NewOrder,1770883091.793692,31676,6,1
2,Payment,1770883091.795088,9772,0,1
2,Payment,1770883091.796278,10448,21,1
5,StockLevel,1770883091.797012,6291,17,1
2,Payment,1770883091.797122,11735,22,1
2,Payment,1770883091.797869,17599,4,1
2,Payment,1770883091.799511,2339,8,1
1,NewOrder,1770883091.799915,12565,3,1
1,NewOrder,1770883091.799933,27939,19,1
2,Payment,1770883091.800023,6765,11,1
2,Payment,1770883091.801004,15855,1,1
1,NewOrder,1770883091.801869,11211,8,1
4,Delivery,1770883091.802380,21873,2,1
2,Payment,1770883091.803330,4657,17,1
1,NewOrder,1770883091.803595,26236,14,1
1,NewOrder,1770883091.804876,25531,0,1
1,NewOrder,1770883091.804910,31368,20,1
1,NewOrder,1770883091.804912,24214,16,1
1,NewOrder,1770883091.805347,31781,18,1
1,NewOrder,1770883091.806754,23110,21,1
2,Payment,1770883091.806803,5299,11,1
1,NewOrder,1770883091.808004,24942,17,1
2,Payment,1770883091.808542,8294,13,1
1,NewOrder,1770883091.808874,19534,22,1
4,Delivery,1770883091.812116,48787,11,1
4,Delivery,1770883091.812497,11770,3,1
2,Payment,1770883091.813092,4187,8,1
1,NewOrder,1770883091.815495,41275,4,1
1,NewOrder,1770883091.816440,41644,23,1
2,Payment,1770883091.816831,9750,10,1
2,Payment,1770883091.816848,9315,13,1
2,Payment,1770883091.816885,8598,1,1
1,NewOrder,1770883091.816897,27405,7,1
1,NewOrder,1770883091.817305,13532,8,1
1,NewOrder,1770883091.823810,27138,5,1
3,OrderStatus,1770883091.824276,1706,2,1
1,NewOrder,1770883091.824290,20269,3,1
2,Payment,1770883091.825390,7015,6,1
1,NewOrder,1770883091.825510,35439,1,1
2,Payment,1770883091.826001,6898,2,1
1,NewOrder,1770883091.826180,41067,13,1
2,Payment,1770883091.826608,7839,10,1
2,Payment,1770883091.827882,9738,9,1
1,NewOrder,1770883091.827887,32531,19,1
3,OrderStatus,1770883091.828433,2730,22,1
1,NewOrder,1770883091.829144,31793,16,1
1,NewOrder,1770883091.829314,20538,15,1
2,Payment,1770883091.829854,8707,14,1
1,NewOrder,1770883091.829857,33899,12,1
2,Payment,1770883091.829876,9035,21,1
1,NewOrder,1770883091.830418,16321,0,1
2,Payment,1770883091.830850,9149,8,1
2,Payment,1770883091.831181,11157,22,1
4,Delivery,1770883091.832432,28836,6,1
2,Payment,1770883091.832912,4619,2,1
2,Payment,1770883091.832974,7692,17,1
1,NewOrder,1770883091.834472,32073,10,1
1,NewOrder,1770883091.836303,24553,20,1
5,StockLevel,1770883091.837146,19599,18,1
2,Payment,1770883091.837558,9614,2,1
3,OrderStatus,1770883091.837633,7364,9,1
2,Payment,1770883091.838582,10274,14,1
1,NewOrder,1770883091.838928,29772,21,1
1,NewOrder,1770883091.840025,17231,8,1
3,OrderStatus,1770883091.840683,5193,17,1
2,Payment,1770883091.842356,4855,22,1
1,NewOrder,1770883091.844318,25538,7,1
1,NewOrder,1770883091.844586,19819,3,1
5,StockLevel,1770883091.845014,20075,9,1
2,Payment,1770883091.845903,7741,17,1
5,StockLevel,1770883091.846756,14074,0,1
1,NewOrder,1770883091.847188,26698,2,1
3,OrderStatus,1770883091.847239,4203,22,1
1,NewOrder,1770883091.848882,20501,14,1
2,Payment,1770883091.849868,8582,15,1
1,NewOrder,1770883091.850973,16032,5,1
1,NewOrder,1770883091.851455,26566,22,1
2,Payment,1770883091.853672,7185,17,1
1,NewOrder,1770883091.856758,50088,18,1
1,NewOrder,1770883091.856796,38992,4,1
1,NewOrder,1770883091.857283,21626,8,1
2,Payment,1770883091.858110,8410,23,1
1,NewOrder,1770883091.858466,38562,15,1
1,NewOrder,1770883091.860438,28381,19,1
1,NewOrder,1770883091.860856,29044,0,1
1,NewOrder,1770883091.860885,19008,20,1
1,NewOrder,1770883091.860888,12947,17,1
1,NewOrder,1770883091.860929,17536,11,1
2,Payment,1770883091.860962,5188,16,1
2,Payment,1770883091.860964,9663,1,1
1,NewOrder,1770883091.861284,39817,6,1
3,OrderStatus,1770883091.863782,7490,12,1
2,Payment,1770883091.864431,9306,3,1
2,Payment,1770883091.865105,6501,9,1
2,Payment,1770883091.866167,4887,16,1
2,Payment,1770883091.866536,6513,23,1
2,Payment,1770883091.866562,7256,10,1
2,Payment,1770883091.867020,9520,5,1
2,Payment,1770883091.867274,8032,13,1
2,Payment,1770883091.868712,7368,21,1
2,Payment,1770883091.869401,7514,14,1
2,Payment,1770883091.869870,7155,7,1
1,NewOrder,1770883091.870638,21870,1,1
2,Payment,1770883091.871064,12553,16,1
2,Payment,1770883091.871305,10806,12,1
2,Payment,1770883091.871628,11193,9,1
2,Payment,1770883091.873069,9254,23,1
5,StockLevel,1770883091.873749,12503,3,1
2,Payment,1770883091.873835,6582,10,1
1,NewOrder,1770883091.873862,37643,17,1
1,NewOrder,1770883091.873912,27206,2,1
2,Payment,1770883091.875324,11334,13,1
2,Payment,1770883091.876104,10080,21,1
5,StockLevel,1770883091.876555,14434,5,1
2,Payment,1770883091.876928,11298,14,1
1,NewOrder,1770883091.877052,32819,7,1
5,StockLevel,1770883091.878044,12899,22,1
4,Delivery,1770883091.878481,50782,11,1
1,NewOrder,1770883091.878921,24348,8,1
2,Payment,1770883091.879909,10892,20,1
4,Delivery,1770883091.880427,49726,10,1
2,Payment,1770883091.882124,9004,12,1
2,Payment,1770883091.882349,11015,23,1
1,NewOrder,1770883091.882833,29137,9,1
1,NewOrder,1770883091.883638,12527,16,1
2,Payment,1770883091.886210,10262,21,1
2,Payment,1770883091.886268,4930,3,1
3,OrderStatus,1770883091.886686,7028,13,1
2,Payment,1770883091.888250,6025,14,1
4,Delivery,1770883091.888840,28369,19,1
4,Delivery,1770883091.889919,8856,0,1
2,Payment,1770883091.890815,11091,20,1
2,Payment,1770883091.890970,14478,22,1
2,Payment,1770883091.891017,4473,5,1
2,Payment,1770883091.891142,7102,12,1
4,Delivery,1770883091.891219,7964,3,1
2,Payment,1770883091.892520,6172,1,1
2,Payment,1770883091.893389,10361,23,1
2,Payment,1770883091.893735,7017,13,1
2,Payment,1770883091.894302,10354,14,1
1,NewOrder,1770883091.895508,16353,5,1
2,Payment,1770883091.895804,5346,4,1
2,Payment,1770883091.896179,6554,16,1
2,Payment,1770883091.896495,11000,21,1
1,NewOrder,1770883091.897049,41460,15,1
1,NewOrder,1770883091.898260,27680,12,1
2,Payment,1770883091.898702,7158,1,1
1,NewOrder,1770883091.898800,20754,0,1
2,Payment,1770883091.899201,8767,3,1
1,NewOrder,1770883091.900778,25842,13,1
2,Payment,1770883091.901118,9443,6,1
1,NewOrder,1770883091.901133,19981,2,1
5,StockLevel,1770883091.901177,19827,4,1
3,OrderStatus,1770883091.901923,6352,20,1
1,NewOrder,1770883091.902760,28612,16,1
1,NewOrder,1770883091.903281,32032,8,1
1,NewOrder,1770883091.903770,18801,23,1
2,Payment,1770883091.904681,7257,14,1
1,NewOrder,1770883091.905471,27703,22,1
1,NewOrder,1770883091.905886,25113,1,1
1,NewOrder,1770883091.906861,34862,18,1
4,Delivery,1770883091.907514,10148,21,1
3,OrderStatus,1770883091.907984,4020,3,1
2,Payment,1770883091.908290,7816,20,1
1,NewOrder,1770883091.909885,29171,7,1
2,Payment,1770883091.910574,9004,6,1
2,Payment,1770883091.911519,6163,17,1
2,Payment,1770883091.911889,5396,5,1
1,NewOrder,1770883091.911955,22890,14,1
1,NewOrder,1770883091.911987,37165,9,1
2,Payment,1770883091.912020,6975,3,1
1,NewOrder,1770883091.916122,27340,20,1
2,Payment,1770883091.917225,10394,19,1
1,NewOrder,1770883091.917298,26173,5,1
1,NewOrder,1770883091.917680,11535,21,1
2,Payment,1770883091.917697,6960,17,1
1,NewOrder,1770883091.919009,31481,3,1
2,Payment,1770883091.919572,9258,0,1
1,NewOrder,1770883091.919597,23889,6,1
2,Payment,1770883091.921021,10528,4,1
1,NewOrder,1770883091.921129,24967,2,1
1,NewOrder,1770883091.922595,49061,23,1
2,Payment,1770883091.924675,5756,17,1
1,NewOrder,1770883091.925957,24698,12,1
2,Payment,1770883091.926636,9961,13,1
1,NewOrder,1770883091.927631,37426,19,1
3,OrderStatus,1770883091.928850,3350,0,1
3,OrderStatus,1770883091.929229,9331,21,1
1,NewOrder,1770883091.929289,20820,11,1
1,NewOrder,1770883091.930174,27301,10,1
2,Payment,1770883091.930446,8505,17,1
2,Payment,1770883091.931013,6022,1,1
1,NewOrder,1770883091.931382,24307,16,1
5,StockLevel,1770883091.931565,15502,4,1
2,Payment,1770883091.932216,7101,0,1
2,Payment,1770883091.933185,6767,22,1
2,Payment,1770883091.934861,9252,14,1
2,Payment,1770883091.935328,6832,8,1
1,NewOrder,1770883091.936613,20756,13,1
2,Payment,1770883091.937050,7873,1,1
3,OrderStatus,1770883091.938535,8081,15,1
2,Payment,1770883091.938587,8417,21,1
2,Payment,1770883091.938968,6634,17,1
2,Payment,1770883091.939071,7957,7,1
1,NewOrder,1770883091.939330,27826,0,1
1,NewOrder,1770883091.939971,30553,22,1
1,NewOrder,1770883091.941735,21874,18,1
1,NewOrder,1770883091.942174,20139,8,1
1,NewOrder,1770883091.943480,28208,20,1
2,Payment,1770883091.943501,5988,5,1
1,NewOrder,1770883091.943502,25040,6,1
4,Delivery,1770883091.944129,38948,14,1
1,NewOrder,1770883091.944937,26394,1,1
5,StockLevel,1770883091.945616,13289,17,1
2,Payment,1770883091.946112,7080,2,1
2,Payment,1770883091.946631,8643,15,1
4,Delivery,1770883091.947018,45998,21,1
1,NewOrder,1770883091.947042,31370,7,1
4,Delivery,1770883091.947077,61572,4,1
2,Payment,1770883091.949166,8277,9,1
1,NewOrder,1770883091.949508,14506,5,1
2,Payment,1770883091.950122,9101,11,1
2,Payment,1770883091.950502,7022,3,1
2,Payment,1770883091.950670,8083,12,1
1,NewOrder,1770883091.953209,26630,2,1
2,Payment,1770883091.955290,8898,15,1
1,NewOrder,1770883091.955704,18304,16,1
2,Payment,1770883091.957390,9134,13,1
3,OrderStatus,1770883091.957456,6209,9,1
1,NewOrder,1770883091.957497,26986,10,1
3,OrderStatus,1770883091.957547,4633,3,1
2,Payment,1770883091.958767,10099,12,1
1,NewOrder,1770883091.958918,19013,17,1
1,NewOrder,1770883091.959238,17814,11,1
1,NewOrder,1770883091.962195,22908,3,1
1,NewOrder,1770883091.962326,19993,8,1
1,NewOrder,1770883091.963623,26298,18,1
1,NewOrder,1770883091.963679,38373,9,1
1,NewOrder,1770883091.964030,19519,5,1
2,Payment,1770883091.964199,10535,15,1
1,NewOrder,1770883091.965067,24246,19,1
4,Delivery,1770883091.966543,17214,13,1
1,NewOrder,1770883091.967183,22688,0,1
2,Payment,1770883091.968558,7278,6,1
1,NewOrder,1770883091.968884,33190,12,1
1,NewOrder,1770883091.970550,19306,22,1
4,Delivery,1770883091.971344,37745,1,1
1,NewOrder,1770883091.971677,25894,23,1
1,NewOrder,1770883091.971700,38231,20,1
1,NewOrder,1770883091.974020,14934,16,1
2,Payment,1770883091.974752,8285,15,1
1,NewOrder,1770883091.975858,32138,6,1
1,NewOrder,1770883091.977073,15887,11,1
1,NewOrder,1770883091.977944,13478,17,1
1,NewOrder,1770883091.978426,21873,7,1
2,Payment,1770883091.979865,5621,2,1
3,OrderStatus,1770883091.982345,5617,8,1
3,OrderStatus,1770883091.983054,8152,15,1
1,NewOrder,1770883091.983091,39333,14,1
2,Payment,1770883091.983572,5799,5,1
1,NewOrder,1770883091.983781,34157,13,1
2,Payment,1770883091.984500,9681,10,1
1,NewOrder,1770883091.985131,24560,3,1
3,OrderStatus,1770883091.985513,3019,2,1
2,Payment,1770883091.987977,8019,8,1
2,Payment,1770883091.988557,3907,2,1
1,NewOrder,1770883091.988979,15406,16,1
1,NewOrder,1770883091.989342,42530,19,1
2,Payment,1770883091.989396,5268,5,1
1,NewOrder,1770883091.989882,22571,22,1
2,Payment,1770883091.989888,8236,0,1
1,NewOrder,1770883091.989947,22304,18,1
1,NewOrder,1770883091.991220,44168,15,1
2,Payment,1770883091.991447,6787,17,1
2,Payment,1770883091.992478,11719,2,1
1,NewOrder,1770883091.992986,26975,11,1
1,NewOrder,1770883091.993042,31615,21,1
2,Payment,1770883091.994196,9626,10,1
2,Payment,1770883091.994690,6944,5,1
2,Payment,1770883091.996012,10652,8,1
2,Payment,1770883091.997586,9063,23,1
2,Payment,1770883091.998145,7796,0,1
5,StockLevel,1770883091.998261,13469,17,1
2,Payment,1770883092.000324,8688,7,1
1,NewOrder,1770883092.001648,21343,5,1
4,Delivery,1770883092.002079,49003,9,1
4,Delivery,1770883092.002089,15210,12,1
1,NewOrder,1770883092.003842,23260,10,1
1,NewOrder,1770883092.004210,15031,2,1
2,Payment,1770883092.004412,7483,16,1
2,Payment,1770883092.005956,5608,0,1
1,NewOrder,1770883092.006675,26417,23,1
2,Payment,1770883092.006691,6170,8,1
1,NewOrder,1770883092.008015,25413,6,1
2,Payment,1770883092.008676,9209,4,1
2,Payment,1770883092.009029,8890,7,1
4,Delivery,1770883092.009109,13854,1,1
1,NewOrder,1770883092.009703,18871,3,1
1,NewOrder,1770883092.009945,41109,20,1
2,Payment,1770883092.011590,9703,0,1
2,Payment,1770883092.011755,8173,17,1
2,Payment,1770883092.011910,5976,16,1
5,StockLevel,1770883092.012277,17825,18,1
2,Payment,1770883092.012466,5385,22,1
3,OrderStatus,1770883092.012875,3860,8,1
1,NewOrder,1770883092.016752,16663,8,1
2,Payment,1770883092.017318,14509,12,1
2,Payment,1770883092.017868,5722,22,1
1,NewOrder,1770883092.017904,26994,4,1
4,Delivery,1770883092.017906,42873,16,1
1,NewOrder,1770883092.017940,25702,7,1
2,Payment,1770883092.017952,8396,13,1
1,NewOrder,1770883092.019256,21971,2,1
2,Payment,1770883092.019939,9100,17,1
2,Payment,1770883092.019975,5235,11,1
2,Payment,1770883092.021309,5995,0,1
1,NewOrder,1770883092.022439,35803,14,1
1,NewOrder,1770883092.022982,24053,1,1
2,Payment,1770883092.023005,8417,5,1
2,Payment,1770883092.023615,6395,22,1
1,NewOrder,1770883092.024670,26007,21,1
5,StockLevel,1770883092.025225,14788,11,1
1,NewOrder,1770883092.026360,28649,13,1
2,Payment,1770883092.027127,8573,10,1
2,Payment,1770883092.027316,6061,0,1
5,StockLevel,1770883092.028592,13421,3,1
2,Payment,1770883092.029055,8110,17,1
1,NewOrder,1770883092.030026,29032,22,1
2,Payment,1770883092.030115,8793,18,1
1,NewOrder,1770883092.031436,31391,5,1
1,NewOrder,1770883092.031842,23597,12,1
2,Payment,1770883092.031899,8643,19,1
2,Payment,1770883092.033119,10836,23,1
2,Payment,1770883092.033393,6190,0,1
2,Payment,1770883092.033427,15424,8,1
2,Payment,1770883092.033444,13155,6,1
1,NewOrder,1770883092.035402,46623,15,1
5,StockLevel,1770883092.035714,19769,10,1
1,NewOrder,1770883092.037178,27907,17,1
5,StockLevel,1770883092.038919,14828,18,1
4,Delivery,1770883092.039601,13074,0,1
3,OrderStatus,1770883092.040026,5501,11,1
1,NewOrder,1770883092.040569,26879,19,1
1,NewOrder,1770883092.041245,26963,2,1
1,NewOrder,1770883092.042027,26802,3,1
1,NewOrder,1770883092.043657,32456,7,1
2,Payment,1770883092.043980,8285,23,1
1,NewOrder,1770883092.044914,31722,4,1
2,Payment,1770883092.045543,7575,11,1
2,Payment,1770883092.046611,8781,6,1
5,StockLevel,1770883092.047044,16827,1,1
1,NewOrder,1770883092.048866,32056,8,1
2,Payment,1770883092.050696,8051,21,1
5,StockLevel,1770883092.051068,15923,20,1
2,Payment,1770883092.051102,12763,9,1
2,Payment,1770883092.052287,8843,23,1
2,Payment,1770883092.052701,6919,0,1
2,Payment,1770883092.053137,8763,11,1
2,Payment,1770883092.053775,9742,18,1
1,NewOrder,1770883092.055027,22506,13,1
1,NewOrder,1770883092.055402,28555,6,1
1,NewOrder,1770883092.055455,41880,12,1
2,Payment,1770883092.055498,10654,10,1
1,NewOrder,1770883092.058269,40849,14,1
1,NewOrder,1770883092.058760,33829,21,1
3,OrderStatus,1770883092.059065,4010,22,1
1,NewOrder,1770883092.059636,19503,0,1
1,NewOrder,1770883092.060792,14212,16,1
1,NewOrder,1770883092.061146,34563,23,1
2,Payment,1770883092.061922,5931,11,1
1,NewOrder,1770883092.062854,17039,5,1
2,Payment,1770883092.063098,5760,22,1
1,NewOrder,1770883092.063543,35227,18,1
1,NewOrder,1770883092.063885,20492,1,1
2,Payment,1770883092.063893,8296,9,1
3,OrderStatus,1770883092.065099,5268,17,1
2,Payment,1770883092.066165,7733,10,1
1,NewOrder,1770883092.067007,32991,20,1
2,Payment,1770883092.067462,9201,19,1
1,NewOrder,1770883092.067879,22172,11,1
4,Delivery,1770883092.068224,32499,2,1
1,NewOrder,1770883092.068841,15508,3,1
1,NewOrder,1770883092.068870,31771,22,1
2,Payment,1770883092.070389,6288,17,1
1,NewOrder,1770883092.072202,25923,9,1
4,Delivery,1770883092.073912,60972,10,1
1,NewOrder,1770883092.075021,25874,16,1
1,NewOrder,1770883092.076131,31685,7,1
2,Payment,1770883092.076655,9305,4,1
1,NewOrder,1770883092.076681,41159,19,1
1,NewOrder,1770883092.076692,13798,17,1
2,Payment,1770883092.077546,9624,13,1
1,NewOrder,1770883092.079156,26800,0,1
1,NewOrder,1770883092.079908,20827,5,1
2,Payment,1770883092.080933,6129,8,1
2,Payment,1770883092.082039,9221,15,1
5,StockLevel,1770883092.083971,19340,6,1
2,Payment,1770883092.084366,6098,3,1
1,NewOrder,1770883092.084395,16757,1,1
2,Payment,1770883092.085973,8620,4,1
1,NewOrder,1770883092.087078,26435,8,1
1,NewOrder,1770883092.087187,35360,13,1
1,NewOrder,1770883092.090065,26245,11,1
2,Payment,1770883092.090478,6169,3,1
2,Payment,1770883092.090506,5742,17,1
1,NewOrder,1770883092.091278,34426,15,1
3,OrderStatus,1770883092.092601,6937,21,1
1,NewOrder,1770883092.094619,22623,4,1
2,Payment,1770883092.095727,7425,23,1
2,Payment,1770883092.096263,5037,17,1
4,Delivery,1770883092.096657,4456,3,1
2,Payment,1770883092.097361,7818,12,1
2,Payment,1770883092.098152,8305,9,1
2,Payment,1770883092.098782,9386,18,1
2,Payment,1770883092.099133,9943,14,1
1,NewOrder,1770883092.099557,25452,21,1
2,Payment,1770883092.100015,13374,20,1
2,Payment,1770883092.100656,9372,22,1
1,NewOrder,1770883092.100740,15685,2,1
1,NewOrder,1770883092.100751,16400,5,1
2,Payment,1770883092.100922,10005,16,1
1,NewOrder,1770883092.101128,12427,3,1
2,Payment,1770883092.101165,4460,1,1
3,OrderStatus,1770883092.101311,3965,17,1
5,StockLevel,1770883092.103166,20534,23,1
1,NewOrder,1770883092.103325,59497,6,1
3,OrderStatus,1770883092.105197,9791,12,1
2,Payment,1770883092.105290,8453,17,1
2,Payment,1770883092.105638,6275,1,1
3,OrderStatus,1770883092.105970,2196,0,1
2,Payment,1770883092.106485,8695,9,1
1,NewOrder,1770883092.107843,45562,7,1
4,Delivery,1770883092.108189,13967,18,1
2,Payment,1770883092.108195,7454,0,1
1,NewOrder,1770883092.109102,25810,14,1
2,Payment,1770883092.110045,7560,22,1
2,Payment,1770883092.110945,6694,16,1
2,Payment,1770883092.111926,6385,1,1
1,NewOrder,1770883092.113413,32814,20,1
1,NewOrder,1770883092.113530,16716,8,1
1,NewOrder,1770883092.113584,17837,3,1
1,NewOrder,1770883092.113789,31374,17,1
2,Payment,1770883092.115010,7576,12,1
3,OrderStatus,1770883092.115198,6923,9,1
1,NewOrder,1770883092.115666,18851,0,1
1,NewOrder,1770883092.116325,31091,11,1
1,NewOrder,1770883092.116438,32080,2,1
1,NewOrder,1770883092.117180,23908,5,1
1,NewOrder,1770883092.117264,29802,4,1
2,Payment,1770883092.117617,5329,22,1
2,Payment,1770883092.117653,6650,16,1
4,Delivery,1770883092.117865,4732,19,1
2,Payment,1770883092.118330,5595,1,1
2,Payment,1770883092.122149,6729,9,1
2,Payment,1770883092.122174,7069,18,1
2,Payment,1770883092.122558,7048,13,1
2,Payment,1770883092.122602,8378,12,1
3,OrderStatus,1770883092.122619,5157,19,1
2,Payment,1770883092.122960,7640,22,1
1,NewOrder,1770883092.123718,28273,23,1
2,Payment,1770883092.123943,6270,1,1
3,OrderStatus,1770883092.124324,5604,16,1
2,Payment,1770883092.125022,8161,21,1
1,NewOrder,1770883092.125732,35537,15,1
1,NewOrder,1770883092.127802,23439,19,1
2,Payment,1770883092.128894,6055,9,1
1,NewOrder,1770883092.129262,32029,18,1
2,Payment,1770883092.129621,7106,13,1
2,Payment,1770883092.129955,10342,16,1
1,NewOrder,1770883092.130226,32490,1,1
1,NewOrder,1770883092.130261,19103,8,1
2,Payment,1770883092.130613,6794,22,1
2,Payment,1770883092.130997,7211,12,1
2,Payment,1770883092.131433,6850,3,1
1,NewOrder,1770883092.133196,39115,21,1
1,NewOrder,1770883092.134535,19760,0,1
1,NewOrder,1770883092.134898,37819,10,1
1,NewOrder,1770883092.134926,19901,14,1
1,NewOrder,1770883092.134976,29619,9,1
1,NewOrder,1770883092.136757,19036,13,1
4,Delivery,1770883092.137433,47561,22,1
2,Payment,1770883092.138222,6578,12,1
2,Payment,1770883092.138306,5584,3,1
2,Payment,1770883092.140325,6371,16,1
1,NewOrder,1770883092.141102,18772,5,1
1,NewOrder,1770883092.143908,26999,3,1
2,Payment,1770883092.144829,8182,12,1
1,NewOrder,1770883092.145178,22084,17,1
1,NewOrder,1770883092.146246,34541,20,1
4,Delivery,1770883092.146715,44599,16,1
1,NewOrder,1770883092.147080,32429,4,1
1,NewOrder,1770883092.147428,39902,11,1
1,NewOrder,1770883092.148531,20565,2,1
2,Payment,1770883092.149377,6864,8,1
2,Payment,1770883092.151258,7701,19,1
1,NewOrder,1770883092.152001,37785,23,1
1,NewOrder,1770883092.153025,25646,12,1
5,StockLevel,1770883092.153428,17035,7,1
2,Payment,1770883092.154311,6889,0,1
2,Payment,1770883092.154844,10157,14,1
2,Payment,1770883092.155806,10704,13,1
2,Payment,1770883092.156253,6085,8,1
1,NewOrder,1770883092.158975,34438,19,1
3,OrderStatus,1770883092.159900,6126,5,1
2,Payment,1770883092.161229,5732,0,1
1,NewOrder,1770883092.161295,26853,15,1
2,Payment,1770883092.161306,7288,18,1
2,Payment,1770883092.162356,6701,8,1
4,Delivery,1770883092.162733,18054,1,1
3,OrderStatus,1770883092.162843,8078,6,1
1,NewOrder,1770883092.164612,36110,9,1
2,Payment,1770883092.165014,7664,14,1
1,NewOrder,1770883092.166043,31707,5,1
3,OrderStatus,1770883092.166536,5547,13,1
1,NewOrder,1770883092.166976,26349,0,1
1,NewOrder,1770883092.167288,24510,17,1
2,Payment,1770883092.168606,7354,18,1
1,NewOrder,1770883092.169072,33123,8,1
2,Payment,1770883092.169115,6170,2,1
2,Payment,1770883092.170482,7954,7,1
2,Payment,1770883092.170921,6760,3,1
1,NewOrder,1770883092.170938,20961,6,1
2,Payment,1770883092.172095,20058,13,1
1,NewOrder,1770883092.172326,18558,21,1
1,NewOrder,1770883092.172692,25141,14,1
1,NewOrder,1770883092.172732,17426,10,1
1,NewOrder,1770883092.175302,20152,2,1
4,Delivery,1770883092.175976,11105,18,1
1,NewOrder,1770883092.177706,40950,3,1
2,Payment,1770883092.178635,9143,7,1
3,OrderStatus,1770883092.178759,5086,12,1
1,NewOrder,1770883092.179526,34458,4,1
1,NewOrder,1770883092.180935,19131,1,1
4,Delivery,1770883092.180936,6142,20,1
2,Payment,1770883092.184039,10212,12,1
2,Payment,1770883092.185019,8637,22,1
5,StockLevel,1770883092.187100,9288,20,1
2,Payment,1770883092.187102,8896,18,1
1,NewOrder,1770883092.187354,17367,11,1
2,Payment,1770883092.187813,9015,7,1
3,OrderStatus,1770883092.188170,3252,15,1
1,NewOrder,1770883092.189830,28132,23,1
2,Payment,1770883092.190172,8374,10,1
1,NewOrder,1770883092.190905,30472,21,1
2,Payment,1770883092.191346,11995,16,1
2,Payment,1770883092.191438,9942,15,1
4,Delivery,1770883092.191823,59838,17,1
1,NewOrder,1770883092.191945,25680,6,1
1,NewOrder,1770883092.192175,24261,13,1
1,NewOrder,1770883092.193351,24598,0,1
1,NewOrder,1770883092.193439,38881,19,1
1,NewOrder,1770883092.193666,15100,22,1
2,Payment,1770883092.194269,10757,12,1
2,Payment,1770883092.195487,4151,2,1
3,OrderStatus,1770883092.196020,4787,18,1
2,Payment,1770883092.196414,6575,20,1
2,Payment,1770883092.196855,7923,7,1
2,Payment,1770883092.197775,6504,5,1
2,Payment,1770883092.197853,8570,14,1
1,NewOrder,1770883092.198562,37188,10,1
5,StockLevel,1770883092.199649,18664,2,1
1,NewOrder,1770883092.200101,19122,1,1
2,Payment,1770883092.200735,9379,9,1
2,Payment,1770883092.200835,8842,18,1
2,Payment,1770883092.201397,8623,15,1
1,NewOrder,1770883092.202223,16487,8,1
1,NewOrder,1770883092.203000,33907,20,1
1,NewOrder,1770883092.203357,20319,16,1
1,NewOrder,1770883092.204293,22404,5,1
2,Payment,1770883092.204740,17204,11,1
2,Payment,1770883092.204791,19683,7,1
2,Payment,1770883092.205055,8382,12,1
1,NewOrder,1770883092.206439,36953,14,1
1,NewOrder,1770883092.208780,18367,22,1
5,StockLevel,1770883092.209704,18670,18,1
2,Payment,1770883092.210035,7897,15,1
3,OrderStatus,1770883092.210131,5361,9,1
1,NewOrder,1770883092.213458,27592,12,1
1,NewOrder,1770883092.214011,36798,4,1
1,NewOrder,1770883092.215519,19143,9,1
1,NewOrder,1770883092.216454,26968,13,1
1,NewOrder,1770883092.217641,36950,6,1
3,OrderStatus,1770883092.217948,3261,15,1
1,NewOrder,1770883092.217976,27476,0,1
2,Payment,1770883092.217980,9009,23,1
2,Payment,1770883092.218329,7133,2,1
1,NewOrder,1770883092.218667,32117,3,1
1,NewOrder,1770883092.218736,18625,8,1
2,Payment,1770883092.219250,7859,1,1
1,NewOrder,1770883092.221223,20194,15,1
5,StockLevel,1770883092.221390,18638,21,1
1,NewOrder,1770883092.221961,27499,11,1
1,NewOrder,1770883092.223702,27429,16,1
5,StockLevel,1770883092.224499,13318,7,1
4,Delivery,1770883092.225489,30243,2,1
1,NewOrder,1770883092.226723,21993,5,1
1,NewOrder,1770883092.227015,30173,23,1
1,NewOrder,1770883092.227125,24045,1,1
2,Payment,1770883092.227173,6083,22,1
2,Payment,1770883092.228388,8463,18,1
2,Payment,1770883092.232347,8107,19,1
2,Payment,1770883092.233281,10023,22,1
1,NewOrder,1770883092.234688,25491,9,1
2,Payment,1770883092.235772,7122,10,1
5,StockLevel,1770883092.236876,13533,18,1
1,NewOrder,1770883092.236931,18369,20,1
2,Payment,1770883092.237378,7726,8,1
2,Payment,1770883092.237833,9398,7,1
2,Payment,1770883092.240054,9073,21,1
2,Payment,1770883092.240472,6299,19,1
2,Payment,1770883092.241076,6189,12,1
2,Payment,1770883092.241432,7618,15,1
1,NewOrder,1770883092.242914,35535,10,1
1,NewOrder,1770883092.243325,24516,22,1
1,NewOrder,1770883092.243419,27941,14,1
2,Payment,1770883092.243448,7829,13,1
1,NewOrder,1770883092.245131,16575,8,1
4,Delivery,1770883092.245483,10711,0,1
1,NewOrder,1770883092.246789,40067,19,1
1,NewOrder,1770883092.247249,23788,7,1
2,Payment,1770883092.247284,8017,12,1
4,Delivery,1770883092.248741,7540,5,1
2,Payment,1770883092.249076,8486,15,1
2,Payment,1770883092.249147,8440,21,1
2,Payment,1770883092.249475,4788,11,1
1,NewOrder,1770883092.250420,37194,18,1
1,NewOrder,1770883092.250800,34483,3,1
1,NewOrder,1770883092.250837,24964,4,1
2,Payment,1770883092.251144,8582,16,1
5,StockLevel,1770883092.251196,17088,1,1
1,NewOrder,1770883092.251295,34486,13,1
2,Payment,1770883092.251687,9499,17,1
1,NewOrder,1770883092.254286,33137,11,1
1,NewOrder,1770883092.254617,29854,6,1
1,NewOrder,1770883092.255317,26806,12,1
1,NewOrder,1770883092.255321,27505,20,1
3,OrderStatus,1770883092.255748,5740,2,1
2,Payment,1770883092.256210,4069,0,1
1,NewOrder,1770883092.256303,18909,5,1
1,NewOrder,1770883092.257202,22104,23,1
1,NewOrder,1770883092.257596,34565,15,1
2,Payment,1770883092.257600,8055,21,1
2,Payment,1770883092.259741,8848,16,1
2,Payment,1770883092.260196,8307,9,1
2,Payment,1770883092.260305,6914,0,1
1,NewOrder,1770883092.261201,26569,17,1
1,NewOrder,1770883092.261504,22859,2,1
2,Payment,1770883092.261733,8161,8,1
2,Payment,1770883092.265681,8854,21,1
5,StockLevel,1770883092.267236,17469,0,1
2,Payment,1770883092.267867,8857,22,1
2,Payment,1770883092.268311,8827,1,1
2,Payment,1770883092.268520,9402,9,1
2,Payment,1770883092.268616,7211,16,1
1,NewOrder,1770883092.269910,18207,8,1
1,NewOrder,1770883092.271050,27625,7,1
5,StockLevel,1770883092.271386,17761,14,1
1,NewOrder,1770883092.274561,34868,21,1
2,Payment,1770883092.275234,7614,5,1
4,Delivery,1770883092.275827,54552,4,1
1,NewOrder,1770883092.275846,27166,16,1
1,NewOrder,1770883092.276750,13338,22,1
2,Payment,1770883092.277164,7265,1,1
1,NewOrder,1770883092.277937,23329,9,1
4,Delivery,1770883092.278476,49169,10,1
1,NewOrder,1770883092.279321,28344,23,1
2,Payment,1770883092.282139,7374,12,1
1,NewOrder,1770883092.282853,28496,20,1
2,Payment,1770883092.282866,6132,5,1
5,StockLevel,1770883092.284382,13924,2,1
1,NewOrder,1770883092.284445,15696,1,1
3,OrderStatus,1770883092.284486,6000,6,1
1,NewOrder,1770883092.284728,26689,0,1
1,NewOrder,1770883092.285309,19473,3,1
2,Payment,1770883092.285796,12040,13,1
2,Payment,1770883092.286883,11395,19,1
2,Payment,1770883092.287440,12674,11,1
2,Payment,1770883092.287634,14763,18,1
1,NewOrder,1770883092.287783,19418,17,1
2,Payment,1770883092.288132,13656,8,1
1,NewOrder,1770883092.289023,13962,5,1
2,Payment,1770883092.289161,13276,14,1
2,Payment,1770883092.289529,14344,12,1
1,NewOrder,1770883092.290105,15546,22,1
1,NewOrder,1770883092.290503,16327,6,1
2,Payment,1770883092.292174,13706,15,1
1,NewOrder,1770883092.297859,17828,13,1
3,OrderStatus,1770883092.298304,3885,19,1
2,Payment,1770883092.298324,7009,2,1
3,OrderStatus,1770883092.298693,3556,7,1
4,Delivery,1770883092.300137,27813,11,1
2,Payment,1770883092.300167,6947,1,1
4,Delivery,1770883092.301292,27097,9,1
4,Delivery,1770883092.301807,26717,8,1
2,Payment,1770883092.302207,8372,19,1
1,NewOrder,1770883092.302275,31754,7,1
1,NewOrder,1770883092.302407,28499,18,1
1,NewOrder,1770883092.302449,22000,14,1
2,Payment,1770883092.303003,6031,5,1
1,NewOrder,1770883092.303024,19196,16,1
1,NewOrder,1770883092.303889,30116,12,1
2,Payment,1770883092.304805,6082,3,1
1,NewOrder,1770883092.305347,16636,2,1
1,NewOrder,1770883092.305677,25130,22,1
2,Payment,1770883092.305892,5945,15,1
4,Delivery,1770883092.306855,21642,6,1
1,NewOrder,1770883092.307137,22412,1,1
2,Payment,1770883092.307212,6062,17,1
2,Payment,1770883092.307678,6629,23,1
1,NewOrder,1770883092.309051,23615,5,1
1,NewOrder,1770883092.309456,23663,21,1
2,Payment,1770883092.310605,7396,19,1
2,Payment,1770883092.310900,4129,3,1
1,NewOrder,1770883092.311366,28085,20,1
1,NewOrder,1770883092.311444,30842,0,1
2,Payment,1770883092.311852,6758,15,1
2,Payment,1770883092.313288,6984,17,1
1,NewOrder,1770883092.314333,26296,23,1
2,Payment,1770883092.315043,4879,3,1
2,Payment,1770883092.315700,6866,13,1
1,NewOrder,1770883092.318025,38555,19,1
1,NewOrder,1770883092.318633,37568,15,1
2,Payment,1770883092.319949,6614,3,1
1,NewOrder,1770883092.320298,31690,17,1
1,NewOrder,1770883092.322005,30402,2,1
1,NewOrder,1770883092.322235,31175,16,1
1,NewOrder,1770883092.322593,28913,13,1
1,NewOrder,1770883092.324460,29806,14,1
2,Payment,1770883092.326589,7434,3,1
2,Payment,1770883092.327671,9881,10,1
2,Payment,1770883092.327965,2901,11,1
1,NewOrder,1770883092.328406,31708,9,1
1,NewOrder,1770883092.328519,23422,6,1
1,NewOrder,1770883092.328550,18912,8,1
1,NewOrder,1770883092.329564,17904,1,1
3,OrderStatus,1770883092.330398,7260,4,1
2,Payment,1770883092.330819,7974,22,1
1,NewOrder,1770883092.330892,29777,11,1
4,Delivery,1770883092.330924,14728,18,1
2,Payment,1770883092.332692,7547,5,1
2,Payment,1770883092.333131,7473,21,1
2,Payment,1770883092.334032,10022,12,1
4,Delivery,1770883092.334038,36825,3,1
1,NewOrder,1770883092.334056,36658,7,1
1,NewOrder,1770883092.337566,23947,10,1
1,NewOrder,1770883092.337685,35896,4,1
2,Payment,1770883092.338818,7252,22,1
1,NewOrder,1770883092.339475,17160,20,1
2,Payment,1770883092.340257,5834,5,1
5,StockLevel,1770883092.340623,16341,21,1
1,NewOrder,1770883092.340648,19054,23,1
2,Payment,1770883092.342300,9658,0,1
2,Payment,1770883092.344078,7824,12,1
4,Delivery,1770883092.345666,10887,18,1
2,Payment,1770883092.346098,6331,22,1
1,NewOrder,1770883092.346113,30364,5,1
1,NewOrder,1770883092.347491,23342,8,1
1,NewOrder,1770883092.347495,27749,1,1
1,NewOrder,1770883092.351532,37086,13,1
1,NewOrder,1770883092.351919,42520,12,1
2,Payment,1770883092.351968,6409,6,1
2,Payment,1770883092.351973,5821,0,1
2,Payment,1770883092.352015,5364,17,1
3,OrderStatus,1770883092.352434,3500,2,1
2,Payment,1770883092.352448,5419,22,1
2,Payment,1770883092.353426,6695,16,1
2,Payment,1770883092.354292,7828,14,1
1,NewOrder,1770883092.355959,26123,2,1
2,Payment,1770883092.356218,11976,15,1
2,Payment,1770883092.356579,7405,18,1
1,NewOrder,1770883092.356593,17955,19,1
1,NewOrder,1770883092.356661,25599,20,1
2,Payment,1770883092.356981,8997,21,1
2,Payment,1770883092.357389,8816,17,1
2,Payment,1770883092.357810,8069,0,1
1,NewOrder,1770883092.357892,20725,22,1
2,Payment,1770883092.358389,7484,6,1
1,NewOrder,1770883092.359712,21648,23,1
2,Payment,1770883092.360124,8116,9,1
1,NewOrder,1770883092.360138,16761,16,1
2,Payment,1770883092.360680,8730,11,1
2,Payment,1770883092.361540,9342,10,1
1,NewOrder,1770883092.362141,20413,14,1
2,Payment,1770883092.363997,9227,18,1
1,NewOrder,1770883092.365890,18728,0,1
2,Payment,1770883092.365896,11483,6,1
2,Payment,1770883092.366002,8881,21,1
1,NewOrder,1770883092.366216,30093,17,1
1,NewOrder,1770883092.368207,31071,15,1
2,Payment,1770883092.368257,11269,9,1
2,Payment,1770883092.369422,5901,11,1
1,NewOrder,1770883092.370741,33987,7,1
2,Payment,1770883092.370847,10845,8,1
1,NewOrder,1770883092.370884,16584,3,1
1,NewOrder,1770883092.370895,21412,10,1
2,Payment,1770883092.373238,9725,18,1
1,NewOrder,1770883092.373607,34165,4,1
1,NewOrder,1770883092.374563,47475,19,1
1,NewOrder,1770883092.374910,27431,21,1
2,Payment,1770883092.375270,6524,1,1
2,Payment,1770883092.375346,7998,11,1
2,Payment,1770883092.376491,7112,5,1
1,NewOrder,1770883092.376913,18303,16,1
1,NewOrder,1770883092.377389,24409,6,1
2,Payment,1770883092.378636,6546,22,1
1,NewOrder,1770883092.379550,21150,9,1
1,NewOrder,1770883092.381377,23923,23,1
2,Payment,1770883092.381718,5119,8,1
2,Payment,1770883092.381809,7174,1,1
1,NewOrder,1770883092.382092,26052,2,1
2,Payment,1770883092.382286,15208,20,1
2,Payment,1770883092.382578,7707,14,1
2,Payment,1770883092.382974,8667,18,1
1,NewOrder,1770883092.383370,29684,11,1
2,Payment,1770883092.383629,7429,5,1
2,Payment,1770883092.384631,9581,0,1
1,NewOrder,1770883092.385202,28376,22,1
1,NewOrder,1770883092.386859,21263,8,1
1,NewOrder,1770883092.387486,23899,3,1
5,StockLevel,1770883092.388633,21047,13,1
5,StockLevel,1770883092.388995,14742,1,1
1,NewOrder,1770883092.390302,20957,14,1
1,NewOrder,1770883092.391075,31489,5,1
2,Payment,1770883092.391660,8519,18,1
1,NewOrder,1770883092.392320,31495,10,1
2,Payment,1770883092.394230,7031,0,1
1,NewOrder,1770883092.394465,38419,12,1
1,NewOrder,1770883092.395243,25922,16,1
2,Payment,1770883092.396323,6862,17,1
4,Delivery,1770883092.397519,29260,20,1
2,Payment,1770883092.399293,6173,15,1
1,NewOrder,1770883092.400194,19301,18,1
2,Payment,1770883092.400713,6343,9,1
1,NewOrder,1770883092.401273,17026,0,1
2,Payment,1770883092.401817,7443,6,1
2,Payment,1770883092.402360,8516,21,1
1,NewOrder,1770883092.403212,27519,17,1
1,NewOrder,1770883092.403756,30059,1,1
1,NewOrder,1770883092.404753,33220,7,1
2,Payment,1770883092.405312,9315,23,1
1,NewOrder,1770883092.405484,29874,15,1
1,NewOrder,1770883092.407070,26284,9,1
1,NewOrder,1770883092.407789,37117,4,1
2,Payment,1770883092.408139,7190,8,1
1,NewOrder,1770883092.408157,32780,2,1
2,Payment,1770883092.409279,8104,6,1
2,Payment,1770883092.409690,7979,13,1
2,Payment,1770883092.410892,8239,21,1
1,NewOrder,1770883092.411274,36336,14,1
1,NewOrder,1770883092.411398,25028,3,1
3,OrderStatus,1770883092.413068,5864,11,1
2,Payment,1770883092.413590,7469,22,1
1,NewOrder,1770883092.414645,31432,23,1
1,NewOrder,1770883092.415342,17935,8,1
1,NewOrder,1770883092.417399,39118,6,1
2,Payment,1770883092.417678,8534,13,1
1,NewOrder,1770883092.418316,20621,0,1
1,NewOrder,1770883092.418948,31927,11,1
2,Payment,1770883092.419146,8847,21,1
4,Delivery,1770883092.419507,7851,18,1
2,Payment,1770883092.421079,8935,22,1
1,NewOrder,1770883092.421176,24346,16,1
2,Payment,1770883092.422050,11239,19,1
2,Payment,1770883092.422576,6050,5,1
1,NewOrder,1770883092.423834,33196,10,1
5,StockLevel,1770883092.426230,16181,13,1
2,Payment,1770883092.426796,8175,20,1
2,Payment,1770883092.427378,9836,18,1
2,Payment,1770883092.428006,11561,21,1
1,NewOrder,1770883092.428641,27142,5,1
1,NewOrder,1770883092.430029,27426,22,1
1,NewOrder,1770883092.430741,25139,17,1
1,NewOrder,1770883092.432898,32598,12,1
1,NewOrder,1770883092.433293,29765,8,1
3,OrderStatus,1770883092.433304,4710,19,1
5,StockLevel,1770883092.433380,17706,9,1
2,Payment,1770883092.433905,6403,1,1
3,OrderStatus,1770883092.434987,4295,20,1
1,NewOrder,1770883092.435374,40614,15,1
1,NewOrder,1770883092.436439,16063,3,1
1,NewOrder,1770883092.437242,26966,18,1
1,NewOrder,1770883092.437987,30342,7,1
2,Payment,1770883092.438031,8324,19,1
1,NewOrder,1770883092.438957,25669,0,1
4,Delivery,1770883092.439295,25278,20,1
1,NewOrder,1770883092.439576,17891,21,1
5,StockLevel,1770883092.440320,14198,1,1
1,NewOrder,1770883092.440948,23665,2,1
1,NewOrder,1770883092.442428,28293,13,1
1,NewOrder,1770883092.444920,21572,4,1
1,NewOrder,1770883092.445536,54970,16,1
2,Payment,1770883092.446105,7599,23,1
2,Payment,1770883092.446372,11064,19,1
2,Payment,1770883092.447636,7701,14,1
2,Payment,1770883092.450891,7573,11,1
1,NewOrder,1770883092.451103,41652,9,1
2,Payment,1770883092.452527,4967,3,1
1,NewOrder,1770883092.453723,44258,23,1
2,Payment,1770883092.454535,6411,1,1
1,NewOrder,1770883092.455352,38426,14,1
2,Payment,1770883092.455797,8490,5,1
1,NewOrder,1770883092.455907,27971,17,1
1,NewOrder,1770883092.456532,21300,6,1
2,Payment,1770883092.457046,9894,10,1
5,StockLevel,1770883092.457454,20111,19,1
1,NewOrder,1770883092.457470,17297,22,1
1,NewOrder,1770883092.457482,30153,21,1
2,Payment,1770883092.457510,10717,3,1
2,Payment,1770883092.458476,10133,11,1
2,Payment,1770883092.460973,10290,1,1
2,Payment,1770883092.463084,7282,8,1
2,Payment,1770883092.464224,9697,18,1
1,NewOrder,1770883092.464300,21873,5,1
2,Payment,1770883092.464592,7851,20,1
1,NewOrder,1770883092.464642,20564,2,1
2,Payment,1770883092.464644,4963,0,1
2,Payment,1770883092.465509,5264,12,1
1,NewOrder,1770883092.466508,16498,4,1
1,NewOrder,1770883092.466968,24797,10,1
2,Payment,1770883092.468243,7814,3,1
2,Payment,1770883092.468347,11477,7,1
2,Payment,1770883092.468628,14408,11,1
2,Payment,1770883092.469646,8777,0,1
1,NewOrder,1770883092.470384,16128,8,1
2,Payment,1770883092.470739,6012,13,1
1,NewOrder,1770883092.470787,31863,12,1
2,Payment,1770883092.471281,8896,1,1
1,NewOrder,1770883092.472454,30745,20,1
2,Payment,1770883092.473938,8043,18,1
1,NewOrder,1770883092.474783,22633,22,1
1,NewOrder,1770883092.476006,40521,15,1
2,Payment,1770883092.476070,9589,3,1
2,Payment,1770883092.476765,12499,13,1
1,NewOrder,1770883092.477578,30411,19,1
2,Payment,1770883092.477842,8648,6,1
2,Payment,1770883092.478441,8710,0,1
1,NewOrder,1770883092.479842,30436,7,1
2,Payment,1770883092.480192,8924,1,1
2,Payment,1770883092.482009,6557,18,1
1,NewOrder,1770883092.483022,19128,4,1
1,NewOrder,1770883092.483051,19068,11,1
1,NewOrder,1770883092.483890,18201,17,1
2,Payment,1770883092.485221,7017,2,1
2,Payment,1770883092.485683,8399,3,1
1,NewOrder,1770883092.486186,37336,5,1
1,NewOrder,1770883092.486516,16070,6,1
1,NewOrder,1770883092.486523,16090,8,1
2,Payment,1770883092.487166,8968,0,1
1,NewOrder,1770883092.487650,34612,21,1
2,Payment,1770883092.488583,7717,18,1
2,Payment,1770883092.489127,8757,1,1
2,Payment,1770883092.489277,6467,13,1
2,Payment,1770883092.491778,7832,10,1
2,Payment,1770883092.492254,9555,2,1
1,NewOrder,1770883092.492770,18733,9,1
2,Payment,1770883092.493791,10115,14,1
2,Payment,1770883092.494099,9351,3,1
1,NewOrder,1770883092.495761,18029,13,1
1,NewOrder,1770883092.496148,34737,0,1
2,Payment,1770883092.496320,6821,18,1
2,Payment,1770883092.497431,7091,22,1
2,Payment,1770883092.497910,7787,1,1
1,NewOrder,1770883092.497994,19732,23,1
2,Payment,1770883092.499623,7786,10,1
1,NewOrder,1770883092.500525,22014,16,1
1,NewOrder,1770883092.501825,22047,2,1
1,NewOrder,1770883092.502107,20128,17,1
1,NewOrder,1770883092.502132,25891,11,1
1,NewOrder,1770883092.502164,25834,4,1
1,NewOrder,1770883092.502596,23824,6,1
1,NewOrder,1770883092.502626,35286,8,1
2,Payment,1770883092.502668,7448,12,1
2,Payment,1770883092.503159,12422,18,1
2,Payment,1770883092.503211,9240,20,1
2,Payment,1770883092.503459,5134,3,1
2,Payment,1770883092.503925,8448,14,1
2,Payment,1770883092.504533,5159,22,1
2,Payment,1770883092.505709,7404,1,1
2,Payment,1770883092.507422,7831,10,1
2,Payment,1770883092.508004,6125,19,1
2,Payment,1770883092.508606,9465,3,1
2,Payment,1770883092.509704,8400,22,1
1,NewOrder,1770883092.510127,16250,12,1
1,NewOrder,1770883092.510296,36240,7,1
4,Delivery,1770883092.511517,36810,9,1
1,NewOrder,1770883092.512394,28689,14,1
1,NewOrder,1770883092.512465,21772,20,1
2,Payment,1770883092.513130,9448,1,1
2,Payment,1770883092.513805,7926,13,1
3,OrderStatus,1770883092.514144,5601,19,1
2,Payment,1770883092.515279,7388,10,1
1,NewOrder,1770883092.515596,12410,18,1
1,NewOrder,1770883092.516545,35075,15,1
1,NewOrder,1770883092.517742,30530,23,1
2,Payment,1770883092.518081,7818,3,1
1,NewOrder,1770883092.518119,22485,22,1
2,Payment,1770883092.519760,6684,19,1
2,Payment,1770883092.521748,5415,13,1
1,NewOrder,1770883092.522250,20714,17,1
2,Payment,1770883092.522275,8162,21,1
2,Payment,1770883092.522575,6858,16,1
1,NewOrder,1770883092.522599,39847,1,1
2,Payment,1770883092.522687,8232,10,1
2,Payment,1770883092.523558,8564,5,1
2,Payment,1770883092.523885,9751,2,1
1,NewOrder,1770883092.525914,27308,3,1
2,Payment,1770883092.526391,6918,12,1
1,NewOrder,1770883092.526447,15896,6,1
2,Payment,1770883092.526470,5874,19,1
5,StockLevel,1770883092.527178,17411,13,1
1,NewOrder,1770883092.528012,20012,4,1
1,NewOrder,1770883092.528020,19491,18,1
1,NewOrder,1770883092.528041,25338,11,1
2,Payment,1770883092.529458,8806,16,1
1,NewOrder,1770883092.530453,40128,21,1
2,Payment,1770883092.530904,9716,0,1
2,Payment,1770883092.530971,8651,10,1
2,Payment,1770883092.532135,11221,5,1
1,NewOrder,1770883092.532360,18507,19,1
2,Payment,1770883092.533322,6797,12,1
5,StockLevel,1770883092.533652,18701,2,1
2,Payment,1770883092.534249,8833,20,1
2,Payment,1770883092.537928,6500,8,1
1,NewOrder,1770883092.538293,17639,16,1
2,Payment,1770883092.539647,8272,10,1
1,NewOrder,1770883092.540135,31499,12,1
2,Payment,1770883092.540625,7366,22,1
2,Payment,1770883092.540633,10954,0,1
1,NewOrder,1770883092.541101,24549,14,1
2,Payment,1770883092.542361,8122,6,1
2,Payment,1770883092.542981,6265,17,1
1,NewOrder,1770883092.543109,36875,20,1
1,NewOrder,1770883092.543368,34014,5,1
5,StockLevel,1770883092.544444,15133,8,1
2,Payment,1770883092.544603,8124,13,1
2,Payment,1770883092.546553,8020,7,1
1,NewOrder,1770883092.547537,23604,18,1
1,NewOrder,1770883092.547933,31393,10,1
2,Payment,1770883092.548003,5286,22,1
2,Payment,1770883092.548052,7551,4,1
3,OrderStatus,1770883092.548288,6514,23,1
1,NewOrder,1770883092.548341,22155,9,1
2,Payment,1770883092.549259,6709,17,1
5,StockLevel,1770883092.550496,13901,6,1
2,Payment,1770883092.550884,6755,19,1
1,NewOrder,1770883092.551604,38600,0,1
2,Payment,1770883092.551635,9156,15,1
1,NewOrder,1770883092.552365,29547,2,1
1,NewOrder,1770883092.552746,15940,13,1
1,NewOrder,1770883092.553240,26107,3,1
2,Payment,1770883092.553302,5817,22,1
2,Payment,1770883092.553393,5252,11,1
5,StockLevel,1770883092.554583,19040,7,1
2,Payment,1770883092.554819,11220,23,1
2,Payment,1770883092.555616,6345,4,1
2,Payment,1770883092.555947,10174,16,1
2,Payment,1770883092.555979,7243,17,1
2,Payment,1770883092.557666,10263,19,1
2,Payment,1770883092.558660,7563,11,1
1,NewOrder,1770883092.559146,23246,22,1
5,StockLevel,1770883092.559604,16340,8,1
2,Payment,1770883092.560808,9282,15,1
1,NewOrder,1770883092.561977,31876,4,1
2,Payment,1770883092.562473,9065,1,1
2,Payment,1770883092.563237,8723,17,1
1,NewOrder,1770883092.564416,16648,6,1
1,NewOrder,1770883092.565678,40561,14,1
4,Delivery,1770883092.566067,70042,23,1
1,NewOrder,1770883092.566138,28109,16,1
2,Payment,1770883092.566239,6859,11,1
2,Payment,1770883092.567943,9015,19,1
2,Payment,1770883092.568713,6570,13,1
1,NewOrder,1770883092.570104,34171,15,1
1,NewOrder,1770883092.570523,24117,9,1
2,Payment,1770883092.570597,8689,21,1
1,NewOrder,1770883092.571168,24778,18,1
5,StockLevel,1770883092.571550,16751,1,1
4,Delivery,1770883092.571650,11136,12,1
2,Payment,1770883092.571986,6584,17,1
2,Payment,1770883092.573111,7274,11,1
2,Payment,1770883092.573640,8681,7,1
2,Payment,1770883092.575298,12874,13,1
1,NewOrder,1770883092.575971,30308,8,1
1,NewOrder,1770883092.576973,21610,19,1
1,NewOrder,1770883092.577409,31576,5,1
1,NewOrder,1770883092.578583,18798,17,1
1,NewOrder,1770883092.579301,23876,21,1
2,Payment,1770883092.579353,7595,10,1
1,NewOrder,1770883092.579373,30589,3,1
1,NewOrder,1770883092.579996,39402,20,1
2,Payment,1770883092.580409,8091,11,1
2,Payment,1770883092.581091,11101,6,1
2,Payment,1770883092.581938,7807,2,1
2,Payment,1770883092.582335,7825,7,1
2,Payment,1770883092.582410,5371,22,1
1,NewOrder,1770883092.582802,36634,12,1
2,Payment,1770883092.586962,10470,10,1
2,Payment,1770883092.587799,6876,22,1
2,Payment,1770883092.588188,8705,13,1
2,Payment,1770883092.588327,12002,1,1
5,StockLevel,1770883092.588518,14206,11,1
2,Payment,1770883092.589773,13380,2,1
2,Payment,1770883092.590169,9173,7,1
1,NewOrder,1770883092.590220,20427,0,1
3,OrderStatus,1770883092.592220,5851,6,1
1,NewOrder,1770883092.593874,32342,4,1
2,Payment,1770883092.594266,6451,16,1
2,Payment,1770883092.594654,6800,9,1
2,Payment,1770883092.594701,6223,22,1
1,NewOrder,1770883092.595959,32427,18,1
2,Payment,1770883092.596904,5933,13,1
2,Payment,1770883092.597409,8073,17,1
1,NewOrder,1770883092.597442,37539,10,1
1,NewOrder,1770883092.598084,26466,6,1
2,Payment,1770883092.598594,5980,19,1
2,Payment,1770883092.599360,8013,7,1
1,NewOrder,1770883092.600355,22391,1,1
1,NewOrder,1770883092.600728,25963,16,1
1,NewOrder,1770883092.600949,23225,22,1
2,Payment,1770883092.601468,7447,9,1
1,NewOrder,1770883092.602738,32731,11,1
2,Payment,1770883092.602849,6683,13,1
2,Payment,1770883092.603180,5396,2,1
2,Payment,1770883092.603196,7846,21,1
1,NewOrder,1770883092.604287,18881,15,1
1,NewOrder,1770883092.604590,28556,19,1
2,Payment,1770883092.605501,6401,17,1
1,NewOrder,1770883092.606251,38649,14,1
2,Payment,1770883092.606298,6790,8,1
2,Payment,1770883092.607391,7337,7,1
1,NewOrder,1770883092.608587,21773,2,1
2,Payment,1770883092.608930,11056,9,1
2,Payment,1770883092.609001,7788,5,1
1,NewOrder,1770883092.609545,27416,13,1
1,NewOrder,1770883092.609985,25730,3,1
1,NewOrder,1770883092.610659,29547,0,1
2,Payment,1770883092.611055,7917,21,1
1,NewOrder,1770883092.611917,28687,17,1
1,NewOrder,1770883092.613102,25869,8,1
2,Payment,1770883092.614742,6801,7,1
2,Payment,1770883092.616803,9929,5,1
2,Payment,1770883092.618986,8764,21,1
1,NewOrder,1770883092.619425,24236,20,1
1,NewOrder,1770883092.619455,16037,12,1
1,NewOrder,1770883092.619995,19969,9,1
1,NewOrder,1770883092.621554,19112,7,1
1,NewOrder,1770883092.622764,24609,1,1
2,Payment,1770883092.623182,9977,15,1
4,Delivery,1770883092.624190,12663,22,1
2,Payment,1770883092.624560,8176,6,1
2,Payment,1770883092.626244,9762,4,1
1,NewOrder,1770883092.626705,22067,16,1
1,NewOrder,1770883092.626835,22707,5,1
2,Payment,1770883092.627923,7765,21,1
2,Payment,1770883092.628418,10126,18,1
1,NewOrder,1770883092.630385,32321,2,1
1,NewOrder,1770883092.632770,29486,6,1
2,Payment,1770883092.633161,7394,19,1
2,Payment,1770883092.633174,6061,15,1
2,Payment,1770883092.635007,8615,10,1
1,NewOrder,1770883092.635489,34133,11,1
1,NewOrder,1770883092.635517,26120,12,1
2,Payment,1770883092.635713,7502,21,1
1,NewOrder,1770883092.635728,33930,3,1
3,OrderStatus,1770883092.636030,6515,4,1
2,Payment,1770883092.636127,9118,23,1
1,NewOrder,1770883092.636875,20306,22,1
2,Payment,1770883092.636976,6597,13,1
1,NewOrder,1770883092.638568,40805,18,1
2,Payment,1770883092.638984,8329,8,1
4,Delivery,1770883092.639254,68863,15,1
2,Payment,1770883092.639988,9427,9,1
2,Payment,1770883092.640230,7098,0,1
1,NewOrder,1770883092.640581,21635,19,1
2,Payment,1770883092.640620,6194,17,1
1,NewOrder,1770883092.640681,41260,7,1
2,Payment,1770883092.642563,6820,4,1
2,Payment,1770883092.643234,10383,21,1
1,NewOrder,1770883092.643587,27862,13,1
2,Payment,1770883092.643641,7144,10,1
2,Payment,1770883092.643679,7698,20,1
2,Payment,1770883092.644912,8353,14,1
1,NewOrder,1770883092.645264,30154,23,1
1,NewOrder,1770883092.646833,28562,17,1
2,Payment,1770883092.647328,9198,8,1
2,Payment,1770883092.647342,9169,0,1
1,NewOrder,1770883092.647387,37207,1,1
2,Payment,1770883092.648791,7227,16,1
2,Payment,1770883092.649410,8271,4,1
2,Payment,1770883092.649428,5088,9,1
2,Payment,1770883092.649568,9879,5,1
1,NewOrder,1770883092.650800,26354,10,1
2,Payment,1770883092.651402,9249,20,1
1,NewOrder,1770883092.653290,34810,14,1
1,NewOrder,1770883092.653629,34068,21,1
2,Payment,1770883092.654530,7684,9,1
2,Payment,1770883092.656035,7058,16,1
1,NewOrder,1770883092.656535,38438,0,1
1,NewOrder,1770883092.656551,20973,8,1
2,Payment,1770883092.657196,6635,22,1
1,NewOrder,1770883092.657706,20850,4,1
2,Payment,1770883092.659459,7466,5,1
1,NewOrder,1770883092.660676,31013,20,1
3,OrderStatus,1770883092.661653,6453,12,1
1,NewOrder,1770883092.662241,17990,9,1
1,NewOrder,1770883092.662246,29971,19,1
1,NewOrder,1770883092.662282,29234,6,1
2,Payment,1770883092.662721,8366,2,1
2,Payment,1770883092.663103,5673,16,1
2,Payment,1770883092.663844,6433,22,1
2,Payment,1770883092.666948,8027,5,1
1,NewOrder,1770883092.668123,23376,12,1
1,NewOrder,1770883092.668793,27138,16,1
1,NewOrder,1770883092.669647,28728,11,1
1,NewOrder,1770883092.669672,22606,3,1
1,NewOrder,1770883092.670302,31998,22,1
2,Payment,1770883092.671113,9125,2,1
1,NewOrder,1770883092.671464,20081,13,1
2,Payment,1770883092.674999,8311,5,1
1,NewOrder,1770883092.675420,28475,17,1
2,Payment,1770883092.675444,8593,23,1
1,NewOrder,1770883092.677167,41530,10,1
1,NewOrder,1770883092.677541,28495,8,1
2,Payment,1770883092.678572,6867,4,1
4,Delivery,1770883092.679386,12418,18,1
1,NewOrder,1770883092.680255,26609,2,1
1,NewOrder,1770883092.680255,21164,9,1
2,Payment,1770883092.681967,8447,7,1
2,Payment,1770883092.683328,10874,5,1
2,Payment,1770883092.684062,8253,23,1
2,Payment,1770883092.684620,11623,1,1
1,NewOrder,1770883092.685464,15924,4,1
5,StockLevel,1770883092.687719,21736,21,1
2,Payment,1770883092.688127,9249,14,1
1,NewOrder,1770883092.690427,33829,7,1
2,Payment,1770883092.691523,7842,12,1
1,NewOrder,1770883092.691536,20631,6,1
1,NewOrder,1770883092.691572,25515,13,1
1,NewOrder,1770883092.691701,33134,20,1
2,Payment,1770883092.691829,9135,18,1
2,Payment,1770883092.692231,10034,19,1
1,NewOrder,1770883092.692294,21386,3,1
1,NewOrder,1770883092.692332,19400,23,1
1,NewOrder,1770883092.694226,25837,5,1
2,Payment,1770883092.694998,9421,0,1
1,NewOrder,1770883092.695955,31347,16,1
4,Delivery,1770883092.696270,23752,1,1
1,NewOrder,1770883092.697394,31825,14,1
2,Payment,1770883092.698401,6460,11,1
4,Delivery,1770883092.699389,9120,12,1
2,Payment,1770883092.700989,8081,18,1
1,NewOrder,1770883092.701402,21525,4,1
2,Payment,1770883092.701433,6616,9,1
2,Payment,1770883092.702291,10022,19,1
2,Payment,1770883092.702325,8231,22,1
2,Payment,1770883092.703920,5321,17,1
1,NewOrder,1770883092.704437,29066,0,1
2,Payment,1770883092.704886,6062,11,1
2,Payment,1770883092.706050,6590,8,1
2,Payment,1770883092.706877,9071,2,1
2,Payment,1770883092.708067,5882,9,1
1,NewOrder,1770883092.708142,35718,15,1
2,Payment,1770883092.708524,4202,12,1
1,NewOrder,1770883092.709096,39191,18,1
2,Payment,1770883092.709254,5993,17,1
1,NewOrder,1770883092.709472,54213,21,1
2,Payment,1770883092.710584,8432,22,1
1,NewOrder,1770883092.710966,21853,11,1
1,NewOrder,1770883092.711743,22792,23,1
1,NewOrder,1770883092.712189,26058,6,1
1,NewOrder,1770883092.712338,33148,19,1
1,NewOrder,1770883092.712655,26556,8,1
1,NewOrder,1770883092.712732,16840,12,1
3,OrderStatus,1770883092.713704,7853,3,1
3,OrderStatus,1770883092.713962,3718,9,1
2,Payment,1770883092.715272,5687,17,1
2,Payment,1770883092.715961,6340,2,1
1,NewOrder,1770883092.717111,31239,13,1
1,NewOrder,1770883092.717693,24969,9,1
1,NewOrder,1770883092.718724,41399,10,1
2,Payment,1770883092.719031,6282,22,1
2,Payment,1770883092.720038,8670,1,1
2,Payment,1770883092.720088,6459,5,1
1,NewOrder,1770883092.720973,19081,17,1
2,Payment,1770883092.721582,8657,3,1
4,Delivery,1770883092.722325,36200,2,1
1,NewOrder,1770883092.722951,21338,4,1
2,Payment,1770883092.724270,9996,7,1
2,Payment,1770883092.724861,8606,20,1
1,NewOrder,1770883092.725325,33637,22,1
2,Payment,1770883092.726572,8003,5,1
1,NewOrder,1770883092.727328,24906,16,1
2,Payment,1770883092.728734,8655,1,1
1,NewOrder,1770883092.729233,23328,14,1
1,NewOrder,1770883092.729591,18769,12,1
5,StockLevel,1770883092.730264,17499,3,1
4,Delivery,1770883092.732833,53969,11,1
2,Payment,1770883092.733483,7012,20,1
1,NewOrder,1770883092.733528,31325,0,1
1,NewOrder,1770883092.734291,23368,7,1
1,NewOrder,1770883092.734561,19996,23,1
1,NewOrder,1770883092.734591,27911,5,1
2,Payment,1770883092.737415,6934,1,1
1,NewOrder,1770883092.738264,23666,6,1
2,Payment,1770883092.739237,7441,8,1
1,NewOrder,1770883092.740078,22887,17,1
2,Payment,1770883092.740510,7444,20,1
1,NewOrder,1770883092.742687,31674,9,1
2,Payment,1770883092.743872,8712,15,1
1,NewOrder,1770883092.744314,28317,4,1
1,NewOrder,1770883092.744374,41739,1,1
1,NewOrder,1770883092.745500,22119,19,1
4,Delivery,1770883092.746702,40483,8,1
5,StockLevel,1770883092.747787,16099,3,1
1,NewOrder,1770883092.747980,39052,20,1
2,Payment,1770883092.748302,10120,18,1
4,Delivery,1770883092.748376,17652,13,1
1,NewOrder,1770883092.748377,31601,12,1
2,Payment,1770883092.752259,6740,16,1
2,Payment,1770883092.752579,8134,14,1
1,NewOrder,1770883092.752598,25361,15,1
4,Delivery,1770883092.754582,66040,23,1
3,OrderStatus,1770883092.757683,5246,7,1
1,NewOrder,1770883092.758452,25962,18,1
1,NewOrder,1770883092.758550,25741,2,1
1,NewOrder,1770883092.758980,21852,22,1
1,NewOrder,1770883092.759023,29989,16,1
1,NewOrder,1770883092.760135,26523,10,1
1,NewOrder,1770883092.760737,28782,14,1
1,NewOrder,1770883092.761943,18391,6,1
5,StockLevel,1770883092.762526,19756,5,1
2,Payment,1770883092.762952,9358,7,1
2,Payment,1770883092.762991,5837,17,1
2,Payment,1770883092.763710,9347,21,1
1,NewOrder,1770883092.763898,22749,3,1
2,Payment,1770883092.764879,8202,0,1
1,NewOrder,1770883092.766052,29331,13,1
2,Payment,1770883092.767635,7485,19,1
2,Payment,1770883092.768845,6734,17,1
1,NewOrder,1770883092.772334,39241,7,1
1,NewOrder,1770883092.772657,18339,4,1
2,Payment,1770883092.773076,8783,21,1
1,NewOrder,1770883092.773099,28214,0,1
2,Payment,1770883092.774373,6003,9,1
1,NewOrder,1770883092.775137,14829,19,1
1,NewOrder,1770883092.775603,19359,17,1
2,Payment,1770883092.777976,7359,15,1
2,Payment,1770883092.780003,6940,12,1
1,NewOrder,1770883092.780347,34162,6,1
1,NewOrder,1770883092.780401,18044,9,1
1,NewOrder,1770883092.780844,19364,22,1
2,Payment,1770883092.781882,5593,21,1
1,NewOrder,1770883092.782309,34033,5,1
1,NewOrder,1770883092.784303,35419,2,1
2,Payment,1770883092.784427,7082,18,1
3,OrderStatus,1770883092.785345,6571,15,1
1,NewOrder,1770883092.786130,27144,1,1
1,NewOrder,1770883092.786669,27123,3,1
1,NewOrder,1770883092.786684,20198,10,1
1,NewOrder,1770883092.786826,26096,11,1
1,NewOrder,1770883092.786954,29006,12,1
1,NewOrder,1770883092.787057,32629,20,1
2,Payment,1770883092.787205,2159,8,1
4,Delivery,1770883092.787487,33455,21,1
1,NewOrder,1770883092.789026,18821,16,1
2,Payment,1770883092.789382,6021,8,1
1,NewOrder,1770883092.789543,27402,14,1
2,Payment,1770883092.789982,6239,19,1
1,NewOrder,1770883092.791020,33753,4,1
2,Payment,1770883092.791522,7842,18,1
1,NewOrder,1770883092.791926,23233,15,1
3,OrderStatus,1770883092.794986,6080,17,1
1,NewOrder,1770883092.795403,32618,13,1
1,NewOrder,1770883092.795419,23851,8,1
2,Payment,1770883092.796246,7438,19,1
1,NewOrder,1770883092.798459,23260,9,1
2,Payment,1770883092.799376,8051,18,1
2,Payment,1770883092.800233,8947,22,1
1,NewOrder,1770883092.801079,22073,17,1
1,NewOrder,1770883092.801338,26864,0,1
2,Payment,1770883092.803698,8475,19,1
1,NewOrder,1770883092.806907,30619,10,1
3,OrderStatus,1770883092.807453,4496,18,1
1,NewOrder,1770883092.807860,16499,16,1
1,NewOrder,1770883092.809197,20012,22,1
1,NewOrder,1770883092.811600,34927,7,1
2,Payment,1770883092.811962,7664,18,1
2,Payment,1770883092.812198,6001,19,1
2,Payment,1770883092.812937,7326,11,1
1,NewOrder,1770883092.813299,37801,1,1
1,NewOrder,1770883092.813807,38110,3,1
1,NewOrder,1770883092.814525,25343,6,1
1,NewOrder,1770883092.815181,31307,15,1
1,NewOrder,1770883092.815983,31027,12,1
1,NewOrder,1770883092.816355,32356,5,1
1,NewOrder,1770883092.816973,33632,14,1
2,Payment,1770883092.818213,6530,19,1
2,Payment,1770883092.819285,5932,8,1
1,NewOrder,1770883092.819652,19822,18,1
1,NewOrder,1770883092.819711,27326,20,1
2,Payment,1770883092.819749,7708,2,1
2,Payment,1770883092.820275,6576,11,1
2,Payment,1770883092.820639,9566,23,1
1,NewOrder,1770883092.820954,15317,21,1
1,NewOrder,1770883092.821743,19750,9,1
2,Payment,1770883092.823169,6639,17,1
1,NewOrder,1770883092.824385,34445,16,1
2,Payment,1770883092.824756,7577,19,1
2,Payment,1770883092.824788,5150,4,1
2,Payment,1770883092.825243,6450,8,1
2,Payment,1770883092.826881,7989,11,1
2,Payment,1770883092.827470,7857,2,1
2,Payment,1770883092.828032,7321,13,1
2,Payment,1770883092.828227,8610,0,1
1,NewOrder,1770883092.829230,30557,22,1
2,Payment,1770883092.829819,8083,17,1
1,NewOrder,1770883092.829953,21958,4,1
2,Payment,1770883092.830242,7317,23,1
1,NewOrder,1770883092.831707,32231,8,1
1,NewOrder,1770883092.832359,26023,19,1
2,Payment,1770883092.834896,12238,11,1
2,Payment,1770883092.835339,11201,2,1
2,Payment,1770883092.835379,12049,13,1
2,Payment,1770883092.836285,10362,21,1
1,NewOrder,1770883092.836862,17113,0,1
2,Payment,1770883092.837539,11549,10,1
2,Payment,1770883092.837573,11619,23,1
1,NewOrder,1770883092.837914,20113,17,1
1,NewOrder,1770883092.839497,28891,18,1
1,NewOrder,1770883092.839895,30405,6,1
1,NewOrder,1770883092.841512,21045,9,1
2,Payment,1770883092.846502,9389,15,1
2,Payment,1770883092.846553,6623,7,1
2,Payment,1770883092.846556,4523,2,1
2,Payment,1770883092.846673,5017,21,1
1,NewOrder,1770883092.847027,27298,12,1
2,Payment,1770883092.847062,6624,20,1
2,Payment,1770883092.847159,3971,11,1
4,Delivery,1770883092.847442,15782,13,1
1,NewOrder,1770883092.848723,25603,5,1
2,Payment,1770883092.849113,7782,10,1
2,Payment,1770883092.849204,6073,23,1
3,OrderStatus,1770883092.850620,5863,14,1
2,Payment,1770883092.851104,9498,2,1
2,Payment,1770883092.851126,7873,1,1
3,OrderStatus,1770883092.851154,4307,11,1
2,Payment,1770883092.851703,7533,21,1
1,NewOrder,1770883092.851934,16723,4,1
2,Payment,1770883092.851944,11407,3,1
2,Payment,1770883092.853191,8013,7,1
2,Payment,1770883092.853700,7387,20,1
4,Delivery,1770883092.854002,13118,0,1
2,Payment,1770883092.855292,16994,23,1
1,NewOrder,1770883092.855488,17421,11,1
2,Payment,1770883092.855917,7342,15,1
2,Payment,1770883092.856497,8538,14,1
2,Payment,1770883092.856909,10571,10,1
1,NewOrder,1770883092.858050,25200,17,1
2,Payment,1770883092.858405,6156,19,1
1,NewOrder,1770883092.858847,27452,16,1
1,NewOrder,1770883092.859014,41250,1,1
2,Payment,1770883092.859259,17290,21,1
2,Payment,1770883092.859801,18777,22,1
1,NewOrder,1770883092.860628,32688,2,1
1,NewOrder,1770883092.861104,32573,20,1
2,Payment,1770883092.861217,7786,7,1
1,NewOrder,1770883092.862574,28997,9,1
2,Payment,1770883092.863247,5822,13,1
1,NewOrder,1770883092.863274,29471,15,1
2,Payment,1770883092.863377,7052,3,1
2,Payment,1770883092.863950,6988,8,1
2,Payment,1770883092.864585,10425,19,1
1,NewOrder,1770883092.865050,37047,14,1
1,NewOrder,1770883092.867145,25032,0,1
1,NewOrder,1770883092.867492,29082,10,1
1,NewOrder,1770883092.868409,38965,18,1
2,Payment,1770883092.868682,6930,4,1
1,NewOrder,1770883092.869029,29757,7,1
2,Payment,1770883092.869094,7043,13,1
2,Payment,1770883092.870325,7875,6,1
1,NewOrder,1770883092.870444,28781,3,1
5,StockLevel,1770883092.870953,16498,8,1
2,Payment,1770883092.872935,7903,11,1
2,Payment,1770883092.874341,7733,12,1
2,Payment,1770883092.874344,11139,5,1
1,NewOrder,1770883092.875027,29860,19,1
2,Payment,1770883092.875638,8256,4,1
2,Payment,1770883092.876153,10571,13,1
1,NewOrder,1770883092.876561,30791,21,1
1,NewOrder,1770883092.878217,28711,6,1
2,Payment,1770883092.878604,5955,22,1
1,NewOrder,1770883092.880862,20887,11,1
1,NewOrder,1770883092.882098,19715,12,1
2,Payment,1770883092.883266,5502,17,1
2,Payment,1770883092.883918,5622,4,1
1,NewOrder,1770883092.885494,22003,5,1
1,NewOrder,1770883092.886314,29505,16,1
1,NewOrder,1770883092.886750,15937,13,1
2,Payment,1770883092.887468,7430,8,1
1,NewOrder,1770883092.888781,36191,17,1
2,Payment,1770883092.889564,7000,4,1
1,NewOrder,1770883092.891596,24101,9,1
1,NewOrder,1770883092.892202,31230,0,1
2,Payment,1770883092.892759,7863,15,1
1,NewOrder,1770883092.893342,34080,2,1
1,NewOrder,1770883092.893689,35229,20,1
1,NewOrder,1770883092.894915,20818,8,1
2,Payment,1770883092.896590,6364,4,1
2,Payment,1770883092.896593,9160,10,1
1,NewOrder,1770883092.898807,28232,7,1
1,NewOrder,1770883092.899251,24214,3,1
5,StockLevel,1770883092.901777,15673,11,1
5,StockLevel,1770883092.901838,18352,12,1
5,StockLevel,1770883092.902122,18441,14,1
2,Payment,1770883092.902713,8877,13,1
2,Payment,1770883092.902971,7763,4,1
1,NewOrder,1770883092.904899,27129,19,1
1,NewOrder,1770883092.905777,26774,10,1
1,NewOrder,1770883092.906942,16481,6,1
2,Payment,1770883092.907378,7820,21,1
5,StockLevel,1770883092.910752,14743,4,1
1,NewOrder,1770883092.911615,17000,13,1
2,Payment,1770883092.915759,8280,8,1
2,Payment,1770883092.915843,7092,16,1
3,OrderStatus,1770883092.920215,3967,12,1
3,OrderStatus,1770883092.920579,5094,14,1
2,Payment,1770883092.922962,4455,16,1
2,Payment,1770883092.923450,4716,6,1
2,Payment,1770883092.923477,6741,3,1
2,Payment,1770883092.924208,4662,12,1
2,Payment,1770883092.924987,5744,17,1
2,Payment,1770883092.925512,6939,4,1
2,Payment,1770883092.927063,8761,7,1
2,Payment,1770883092.927435,6917,16,1
2,Payment,1770883092.927448,8987,2,1
