Transaction Type Index,Transaction Name,Start Time (microseconds),Latency (microseconds),Worker Id (start number),Phase Id (index in config file)
1,NewOrder,1772015866.773337,90777,11,1
2,Payment,1772015866.773338,76373,5,1
2,Payment,1772015866.773338,61636,21,1
4,Delivery,1772015866.773338,103298,8,1
1,NewOrder,1772015866.773339,109319,12,1
1,NewOrder,1772015866.773352,98636,9,1
2,Payment,1772015866.773406,54025,0,1
2,Payment,1772015866.773417,106157,1,1
1,NewOrder,1772015866.773420,109444,3,1
2,Payment,1772015866.773426,51958,6,1
3,OrderStatus,1772015866.773437,39209,2,1
2,Payment,1772015866.773440,81467,7,1
1,NewOrder,1772015866.773444,106204,4,1
1,NewOrder,1772015866.773553,110044,18,1
2,Payment,1772015866.773766,118724,10,1
2,Payment,1772015866.773986,126731,13,1
1,NewOrder,1772015866.774204,109424,14,1
1,NewOrder,1772015866.774416,119313,15,1
2,Payment,1772015866.774618,58151,16,1
1,NewOrder,1772015866.774829,108636,19,1
2,Payment,1772015866.775042,107726,17,1
2,Payment,1772015866.775253,42006,22,1
4,Delivery,1772015866.775467,117096,20,1
2,Payment,1772015866.775748,81212,23,1
1,NewOrder,1772015866.812743,60312,2,1
2,Payment,1772015866.817291,48651,22,1
1,NewOrder,1772015866.825413,59687,6,1
2,Payment,1772015866.827493,72296,0,1
2,Payment,1772015866.832796,77243,16,1
1,NewOrder,1772015866.835001,55964,21,1
1,NewOrder,1772015866.849743,40702,5,1
2,Payment,1772015866.854935,50221,7,1
2,Payment,1772015866.856985,21775,23,1
4,Delivery,1772015866.864149,13951,11,1
2,Payment,1772015866.865961,32300,22,1
1,NewOrder,1772015866.872014,16287,9,1
2,Payment,1772015866.873083,16348,2,1
2,Payment,1772015866.876667,49375,8,1
1,NewOrder,1772015866.878120,33958,11,1
2,Payment,1772015866.878772,33244,23,1
1,NewOrder,1772015866.879602,46432,1,1
2,Payment,1772015866.879676,37449,4,1
2,Payment,1772015866.882687,64134,12,1
2,Payment,1772015866.882798,40225,17,1
5,StockLevel,1772015866.882888,21587,3,1
1,NewOrder,1772015866.883493,30729,19,1
1,NewOrder,1772015866.883621,31591,18,1
1,NewOrder,1772015866.883651,17099,14,1
1,NewOrder,1772015866.885121,11202,6,1
1,NewOrder,1772015866.888317,23739,9,1
2,Payment,1772015866.889449,38945,2,1
1,NewOrder,1772015866.890462,34455,5,1
1,NewOrder,1772015866.890982,27929,21,1
2,Payment,1772015866.892518,52069,10,1
2,Payment,1772015866.892588,37436,20,1
2,Payment,1772015866.893755,72646,15,1
1,NewOrder,1772015866.896351,23790,6,1
1,NewOrder,1772015866.898282,65649,22,1
2,Payment,1772015866.899805,44821,0,1
2,Payment,1772015866.900760,80495,13,1
2,Payment,1772015866.900768,94932,14,1
1,NewOrder,1772015866.904492,40023,3,1
2,Payment,1772015866.905172,58813,7,1
1,NewOrder,1772015866.910058,56289,16,1
1,NewOrder,1772015866.912032,66105,23,1
2,Payment,1772015866.912072,97150,9,1
2,Payment,1772015866.912102,72165,11,1
1,NewOrder,1772015866.914239,49712,19,1
1,NewOrder,1772015866.915227,36413,18,1
1,NewOrder,1772015866.917140,24098,4,1
2,Payment,1772015866.918933,25613,21,1
1,NewOrder,1772015866.920158,26715,6,1
4,Delivery,1772015866.923038,74023,17,1
4,Delivery,1772015866.924934,64727,5,1
1,NewOrder,1772015866.926052,20792,1,1
1,NewOrder,1772015866.926056,49901,8,1
2,Payment,1772015866.928411,28310,2,1
4,Delivery,1772015866.930042,30985,20,1
2,Payment,1772015866.941265,27236,4,1
1,NewOrder,1772015866.944539,21835,3,1
1,NewOrder,1772015866.944567,27809,21,1
2,Payment,1772015866.944606,79466,10,1
1,NewOrder,1772015866.944645,64526,0,1
2,Payment,1772015866.946840,62625,12,1
2,Payment,1772015866.946861,34304,1,1
2,Payment,1772015866.946889,91560,6,1
2,Payment,1772015866.951659,12155,18,1
1,NewOrder,1772015866.956742,33033,2,1
2,Payment,1772015866.961048,20243,20,1
1,NewOrder,1772015866.963831,25955,18,1
1,NewOrder,1772015866.963949,28066,22,1
1,NewOrder,1772015866.963971,25774,19,1
2,Payment,1772015866.963996,93372,7,1
2,Payment,1772015866.966363,57571,16,1
1,NewOrder,1772015866.966390,25607,3,1
1,NewOrder,1772015866.966418,25571,15,1
2,Payment,1772015866.968517,23539,4,1
2,Payment,1772015866.972394,25925,21,1
2,Payment,1772015866.975975,91717,8,1
1,NewOrder,1772015866.978156,39024,23,1
2,Payment,1772015866.981192,23559,1,1
5,StockLevel,1772015866.981271,35691,13,1
1,NewOrder,1772015866.981330,62123,20,1
5,StockLevel,1772015866.984290,34999,11,1
1,NewOrder,1772015866.989684,31686,5,1
1,NewOrder,1772015866.989763,24693,19,1
1,NewOrder,1772015866.989795,34174,2,1
1,NewOrder,1772015866.989805,22767,18,1
1,NewOrder,1772015866.992004,40575,15,1
1,NewOrder,1772015866.992018,20603,3,1
2,Payment,1772015866.992033,20674,22,1
2,Payment,1772015866.992075,22375,4,1
2,Payment,1772015866.995721,41081,14,1
1,NewOrder,1772015866.997088,32775,17,1
2,Payment,1772015866.998336,27009,21,1
1,NewOrder,1772015867.004772,33819,1,1
1,NewOrder,1772015867.009193,37234,0,1
2,Payment,1772015867.009241,69973,9,1
1,NewOrder,1772015867.009476,29043,12,1
2,Payment,1772015867.012589,25872,18,1
1,NewOrder,1772015867.012640,15383,3,1
1,NewOrder,1772015867.012728,25772,22,1
2,Payment,1772015867.014468,18068,4,1
2,Payment,1772015867.014473,78591,19,1
2,Payment,1772015867.016980,31047,13,1
2,Payment,1772015867.017198,55345,23,1
1,NewOrder,1772015867.019308,20137,11,1
1,NewOrder,1772015867.021407,18013,5,1
2,Payment,1772015867.023956,34628,16,1
3,OrderStatus,1772015867.023987,4769,2,1
1,NewOrder,1772015867.024092,59040,10,1
2,Payment,1772015867.025364,28586,21,1
1,NewOrder,1772015867.028046,29431,3,1
1,NewOrder,1772015867.028772,28535,2,1
1,NewOrder,1772015867.029882,27512,17,1
2,Payment,1772015867.032556,9409,4,1
2,Payment,1772015867.032597,44864,15,1
3,OrderStatus,1772015867.036819,6408,14,1
1,NewOrder,1772015867.038469,38944,6,1
2,Payment,1772015867.038477,20067,18,1
5,StockLevel,1772015867.038518,16316,22,1
2,Payment,1772015867.038536,46971,12,1
2,Payment,1772015867.038604,18585,1,1
1,NewOrder,1772015867.039436,38111,5,1
1,NewOrder,1772015867.039465,18906,11,1
1,NewOrder,1772015867.041983,16516,4,1
1,NewOrder,1772015867.043246,28509,14,1
1,NewOrder,1772015867.043468,14036,20,1
2,Payment,1772015867.046447,30068,0,1
1,NewOrder,1772015867.048046,54239,13,1
2,Payment,1772015867.053975,53534,21,1
2,Payment,1772015867.054860,60062,22,1
1,NewOrder,1772015867.057209,29939,1,1
5,StockLevel,1772015867.057330,33833,2,1
2,Payment,1772015867.057388,31782,7,1
1,NewOrder,1772015867.057418,17188,17,1
5,StockLevel,1772015867.057490,10168,3,1
2,Payment,1772015867.057520,64519,20,1
4,Delivery,1772015867.058390,86769,11,1
1,NewOrder,1772015867.058514,18925,4,1
1,NewOrder,1772015867.058561,20614,18,1
2,Payment,1772015867.058600,36098,16,1
1,NewOrder,1772015867.067685,13155,3,1
2,Payment,1772015867.067711,29676,8,1
3,OrderStatus,1772015867.071777,6766,14,1
1,NewOrder,1772015867.072564,34391,23,1
1,NewOrder,1772015867.074630,22715,17,1
1,NewOrder,1772015867.076533,25767,0,1
1,NewOrder,1772015867.077426,23230,6,1
2,Payment,1772015867.077457,7076,4,1
2,Payment,1772015867.077478,24795,15,1
2,Payment,1772015867.077556,23042,5,1
1,NewOrder,1772015867.078560,23693,14,1
2,Payment,1772015867.079190,20083,18,1
2,Payment,1772015867.079228,23115,9,1
1,NewOrder,1772015867.080853,15116,3,1
1,NewOrder,1772015867.083151,25397,10,1
1,NewOrder,1772015867.084549,14771,4,1
2,Payment,1772015867.085527,24966,12,1
2,Payment,1772015867.087161,18906,1,1
2,Payment,1772015867.089189,18746,7,1
2,Payment,1772015867.091179,45714,2,1
1,NewOrder,1772015867.093091,17955,19,1
2,Payment,1772015867.094721,24547,16,1
2,Payment,1772015867.095986,28269,3,1
2,Payment,1772015867.097359,39399,17,1
2,Payment,1772015867.097404,19007,8,1
1,NewOrder,1772015867.099293,13049,18,1
2,Payment,1772015867.099341,45790,4,1
1,NewOrder,1772015867.100617,37093,5,1
1,NewOrder,1772015867.100673,16936,6,1
1,NewOrder,1772015867.102271,14973,14,1
1,NewOrder,1772015867.102287,34405,15,1
1,NewOrder,1772015867.102303,34615,13,1
2,Payment,1772015867.102317,54386,0,1
2,Payment,1772015867.102361,23698,9,1
1,NewOrder,1772015867.106085,15056,1,1
2,Payment,1772015867.106971,33817,23,1
2,Payment,1772015867.107520,22566,21,1
2,Payment,1772015867.107953,27663,7,1
2,Payment,1772015867.108564,41631,10,1
4,Delivery,1772015867.110508,16299,12,1
1,NewOrder,1772015867.111056,26513,19,1
1,NewOrder,1772015867.112358,24426,18,1
2,Payment,1772015867.114944,34144,22,1
1,NewOrder,1772015867.116427,20288,8,1
2,Payment,1772015867.117262,10708,14,1
1,NewOrder,1772015867.117632,19315,6,1
1,NewOrder,1772015867.119290,25806,16,1
1,NewOrder,1772015867.121159,18400,1,1
1,NewOrder,1772015867.122057,31272,20,1
1,NewOrder,1772015867.124272,20464,3,1
2,Payment,1772015867.126072,41944,9,1
2,Payment,1772015867.126825,36646,12,1
2,Payment,1772015867.127987,20233,14,1
2,Payment,1772015867.130098,28808,21,1
5,StockLevel,1772015867.135633,53973,7,1
1,NewOrder,1772015867.136712,20460,15,1
4,Delivery,1772015867.136734,9011,8,1
1,NewOrder,1772015867.136776,21759,17,1
3,OrderStatus,1772015867.136800,7431,18,1
1,NewOrder,1772015867.136908,20306,2,1
2,Payment,1772015867.136929,35182,13,1
2,Payment,1772015867.136965,39337,6,1
2,Payment,1772015867.137580,36456,19,1
4,Delivery,1772015867.137727,39379,5,1
2,Payment,1772015867.139573,27104,1,1
1,NewOrder,1772015867.140809,19884,23,1
1,NewOrder,1772015867.144247,24471,18,1
2,Payment,1772015867.144752,36111,3,1
4,Delivery,1772015867.145114,69091,16,1
2,Payment,1772015867.145146,62654,4,1
2,Payment,1772015867.145177,37502,11,1
1,NewOrder,1772015867.145762,24126,8,1
2,Payment,1772015867.148234,51632,14,1
4,Delivery,1772015867.149105,48413,22,1
1,NewOrder,1772015867.150210,27447,10,1
1,NewOrder,1772015867.153354,25375,20,1
2,Payment,1772015867.156735,58561,0,1
1,NewOrder,1772015867.157190,39656,15,1
3,OrderStatus,1772015867.157233,5112,2,1
3,OrderStatus,1772015867.158554,5182,17,1
2,Payment,1772015867.158919,26023,21,1
1,NewOrder,1772015867.160713,24643,23,1
1,NewOrder,1772015867.162362,17527,2,1
1,NewOrder,1772015867.163486,18785,12,1
2,Payment,1772015867.163749,18943,17,1
2,Payment,1772015867.166697,54159,1,1
4,Delivery,1772015867.168029,32834,9,1
2,Payment,1772015867.168737,28864,18,1
1,NewOrder,1772015867.169904,31945,8,1
2,Payment,1772015867.172126,43487,13,1
2,Payment,1772015867.174049,37061,19,1
2,Payment,1772015867.176321,10610,6,1
1,NewOrder,1772015867.177124,20446,5,1
5,StockLevel,1772015867.177680,37479,10,1
1,NewOrder,1772015867.178748,36060,20,1
2,Payment,1772015867.179922,20637,2,1
2,Payment,1772015867.180903,49103,3,1
2,Payment,1772015867.182285,43263,12,1
2,Payment,1772015867.182695,9232,11,1
1,NewOrder,1772015867.182703,27536,17,1
4,Delivery,1772015867.184957,13061,21,1
4,Delivery,1772015867.185373,12879,23,1
1,NewOrder,1772015867.186947,10595,6,1
1,NewOrder,1772015867.189622,47649,7,1
4,Delivery,1772015867.191942,9157,11,1
3,OrderStatus,1772015867.196859,7557,15,1
2,Payment,1772015867.197533,26831,22,1
2,Payment,1772015867.197553,8857,6,1
1,NewOrder,1772015867.197587,51855,5,1
5,StockLevel,1772015867.197616,33682,18,1
2,Payment,1772015867.198029,43233,21,1
2,Payment,1772015867.198273,36003,23,1
2,Payment,1772015867.199892,34788,14,1
2,Payment,1772015867.200576,37293,2,1
1,NewOrder,1772015867.200877,22045,9,1
1,NewOrder,1772015867.201118,30845,11,1
2,Payment,1772015867.201864,20001,8,1
1,NewOrder,1772015867.204433,20439,15,1
1,NewOrder,1772015867.206426,31376,6,1
1,NewOrder,1772015867.207812,21869,4,1
1,NewOrder,1772015867.210258,15309,17,1
2,Payment,1772015867.211122,58879,19,1
2,Payment,1772015867.214221,35662,16,1
2,Payment,1772015867.214822,39851,20,1
2,Payment,1772015867.215171,17615,10,1
1,NewOrder,1772015867.215308,22619,0,1
1,NewOrder,1772015867.215625,33703,13,1
2,Payment,1772015867.220874,28541,1,1
2,Payment,1772015867.221877,20116,8,1
1,NewOrder,1772015867.222934,20629,9,1
1,NewOrder,1772015867.224379,26370,22,1
2,Payment,1772015867.224888,56034,15,1
2,Payment,1772015867.225561,40133,12,1
1,NewOrder,1772015867.225583,12316,17,1
4,Delivery,1772015867.229698,93007,4,1
2,Payment,1772015867.230019,35699,3,1
1,NewOrder,1772015867.231309,40804,18,1
4,Delivery,1772015867.231978,29835,11,1
2,Payment,1772015867.232801,17983,10,1
2,Payment,1772015867.234286,46191,23,1
1,NewOrder,1772015867.234694,31866,14,1
1,NewOrder,1772015867.237285,35263,7,1
1,NewOrder,1772015867.237815,14957,6,1
1,NewOrder,1772015867.237884,27863,2,1
1,NewOrder,1772015867.237911,36761,17,1
5,StockLevel,1772015867.237939,37110,0,1
1,NewOrder,1772015867.241274,42395,21,1
1,NewOrder,1772015867.242008,15324,8,1
2,Payment,1772015867.243576,11690,9,1
2,Payment,1772015867.249346,43938,13,1
1,NewOrder,1772015867.249429,29893,1,1
1,NewOrder,1772015867.249457,59484,5,1
1,NewOrder,1772015867.249896,47918,16,1
1,NewOrder,1772015867.250759,31915,22,1
2,Payment,1772015867.250796,14290,10,1
1,NewOrder,1772015867.252789,18705,6,1
2,Payment,1772015867.254689,39203,20,1
2,Payment,1772015867.255280,16186,9,1
1,NewOrder,1772015867.257347,18241,8,1
5,StockLevel,1772015867.261828,15498,11,1
1,NewOrder,1772015867.265103,38983,10,1
1,NewOrder,1772015867.265712,59727,12,1
1,NewOrder,1772015867.265732,20543,3,1
2,Payment,1772015867.265761,15059,2,1
2,Payment,1772015867.266570,36312,14,1
2,Payment,1772015867.270017,35203,19,1
1,NewOrder,1772015867.271483,14308,9,1
1,NewOrder,1772015867.271507,17562,6,1
1,NewOrder,1772015867.272127,15773,18,1
2,Payment,1772015867.272559,10759,7,1
2,Payment,1772015867.274686,39899,17,1
2,Payment,1772015867.275058,15820,0,1
2,Payment,1772015867.275603,15595,8,1
1,NewOrder,1772015867.277339,26442,11,1
2,Payment,1772015867.279341,24783,1,1
1,NewOrder,1772015867.280493,22423,23,1
3,OrderStatus,1772015867.280833,8102,2,1
1,NewOrder,1772015867.280936,22770,15,1
1,NewOrder,1772015867.282690,28560,22,1
1,NewOrder,1772015867.283337,27481,7,1
1,NewOrder,1772015867.283682,26327,21,1
1,NewOrder,1772015867.285805,26232,9,1
2,Payment,1772015867.286287,37709,3,1
1,NewOrder,1772015867.287918,17249,18,1
2,Payment,1772015867.288948,45941,2,1
1,NewOrder,1772015867.289089,13358,6,1
2,Payment,1772015867.290893,53174,0,1
2,Payment,1772015867.291210,8840,8,1
1,NewOrder,1772015867.293298,27379,13,1
2,Payment,1772015867.293907,26208,20,1
2,Payment,1772015867.297832,30818,16,1
2,Payment,1772015867.300066,11217,8,1
3,OrderStatus,1772015867.302461,8200,6,1
2,Payment,1772015867.302897,36154,14,1
1,NewOrder,1772015867.302932,36152,23,1
1,NewOrder,1772015867.303714,28763,15,1
1,NewOrder,1772015867.303787,22156,11,1
2,Payment,1772015867.304101,17187,10,1
1,NewOrder,1772015867.304130,17924,1,1
2,Payment,1772015867.305186,21728,18,1
5,StockLevel,1772015867.305237,31571,19,1
2,Payment,1772015867.308962,45809,5,1
2,Payment,1772015867.310026,23858,21,1
1,NewOrder,1772015867.310675,15724,6,1
3,OrderStatus,1772015867.310826,4496,7,1
1,NewOrder,1772015867.311265,12042,22,1
2,Payment,1772015867.311292,16947,8,1
4,Delivery,1772015867.312053,31628,9,1
1,NewOrder,1772015867.314601,29497,17,1
5,StockLevel,1772015867.315335,15408,7,1
1,NewOrder,1772015867.320135,26532,20,1
5,StockLevel,1772015867.320693,27711,13,1
2,Payment,1772015867.321297,17187,10,1
1,NewOrder,1772015867.322069,29338,1,1
1,NewOrder,1772015867.322719,28715,4,1
2,Payment,1772015867.323322,16250,22,1
2,Payment,1772015867.324005,39424,3,1
3,OrderStatus,1772015867.325454,6771,12,1
4,Delivery,1772015867.325959,18108,11,1
3,OrderStatus,1772015867.326408,4031,6,1
2,Payment,1772015867.326926,18271,18,1
1,NewOrder,1772015867.328269,12578,8,1
2,Payment,1772015867.328667,19693,16,1
1,NewOrder,1772015867.330455,12336,6,1
4,Delivery,1772015867.330754,13311,7,1
4,Delivery,1772015867.332236,12966,12,1
1,NewOrder,1772015867.332490,24211,15,1
2,Payment,1772015867.333896,17236,21,1
2,Payment,1772015867.334898,37363,2,1
1,NewOrder,1772015867.336821,46507,19,1
2,Payment,1772015867.338495,9489,10,1
2,Payment,1772015867.339062,15739,14,1
1,NewOrder,1772015867.339097,30643,23,1
2,Payment,1772015867.339581,21678,22,1
2,Payment,1772015867.340855,13585,8,1
1,NewOrder,1772015867.342810,27376,6,1
2,Payment,1772015867.343694,19165,9,1
2,Payment,1772015867.344080,26579,7,1
2,Payment,1772015867.344082,43313,0,1
1,NewOrder,1772015867.344083,24129,11,1
2,Payment,1772015867.344106,19181,17,1
1,NewOrder,1772015867.345206,22240,18,1
1,NewOrder,1772015867.345212,25872,12,1
2,Payment,1772015867.346679,32651,20,1
2,Payment,1772015867.347995,27461,10,1
1,NewOrder,1772015867.348374,23474,16,1
5,StockLevel,1772015867.348413,14042,13,1
1,NewOrder,1772015867.351143,23840,21,1
1,NewOrder,1772015867.351417,32269,1,1
1,NewOrder,1772015867.351445,28626,4,1
1,NewOrder,1772015867.354452,22512,8,1
1,NewOrder,1772015867.354783,38397,5,1
2,Payment,1772015867.354811,19067,14,1
2,Payment,1772015867.356711,27771,15,1
1,NewOrder,1772015867.361271,18538,22,1
2,Payment,1772015867.362467,31108,13,1
2,Payment,1772015867.362874,16906,9,1
1,NewOrder,1772015867.363297,28438,17,1
1,NewOrder,1772015867.363439,20596,3,1
2,Payment,1772015867.367457,18969,18,1
1,NewOrder,1772015867.368226,15042,11,1
1,NewOrder,1772015867.369752,20678,23,1
1,NewOrder,1772015867.370196,14847,6,1
2,Payment,1772015867.370666,16689,7,1
4,Delivery,1772015867.371096,11531,12,1
2,Payment,1772015867.371860,29072,16,1
1,NewOrder,1772015867.372276,32481,2,1
3,OrderStatus,1772015867.373889,9380,14,1
1,NewOrder,1772015867.374995,25076,21,1
2,Payment,1772015867.375467,25021,10,1
2,Payment,1772015867.376975,15302,8,1
2,Payment,1772015867.379341,14271,20,1
1,NewOrder,1772015867.379793,21385,9,1
3,OrderStatus,1772015867.379819,5430,22,1
2,Payment,1772015867.380081,14021,4,1
2,Payment,1772015867.382638,37214,12,1
2,Payment,1772015867.383282,31576,11,1
2,Payment,1772015867.383284,27792,14,1
2,Payment,1772015867.383336,19968,19,1
2,Payment,1772015867.383694,16850,1,1
1,NewOrder,1772015867.384047,19656,3,1
1,NewOrder,1772015867.384491,25519,15,1
5,StockLevel,1772015867.385055,21742,6,1
1,NewOrder,1772015867.385260,13754,22,1
1,NewOrder,1772015867.386437,15412,18,1
1,NewOrder,1772015867.387366,44048,7,1
2,Payment,1772015867.387404,24219,0,1
2,Payment,1772015867.390444,21234,23,1
1,NewOrder,1772015867.391747,32119,17,1
1,NewOrder,1772015867.392288,17749,8,1
2,Payment,1772015867.393192,28513,5,1
2,Payment,1772015867.393585,37096,13,1
5,StockLevel,1772015867.393623,16311,20,1
2,Payment,1772015867.394113,58553,4,1
1,NewOrder,1772015867.399039,10642,22,1
2,Payment,1772015867.400093,21129,21,1
2,Payment,1772015867.400502,18409,10,1
1,NewOrder,1772015867.400563,26577,1,1
1,NewOrder,1772015867.400950,32900,16,1
5,StockLevel,1772015867.401186,22918,9,1
1,NewOrder,1772015867.401862,6183,18,1
1,NewOrder,1772015867.403319,19949,19,1
2,Payment,1772015867.403718,61876,3,1
2,Payment,1772015867.404769,26749,2,1
2,Payment,1772015867.406812,22375,6,1
2,Payment,1772015867.408057,7318,18,1
2,Payment,1772015867.409694,18071,22,1
1,NewOrder,1772015867.409944,19547,20,1
1,NewOrder,1772015867.410023,17713,15,1
1,NewOrder,1772015867.410054,33093,8,1
2,Payment,1772015867.411087,28448,14,1
2,Payment,1772015867.411637,31476,0,1
2,Payment,1772015867.411698,25705,23,1
1,NewOrder,1772015867.414870,17372,11,1
2,Payment,1772015867.415386,27417,18,1
2,Payment,1772015867.418923,18435,10,1
1,NewOrder,1772015867.419866,41777,12,1
5,StockLevel,1772015867.421236,26057,21,1
1,NewOrder,1772015867.421721,25374,5,1
2,Payment,1772015867.423280,23756,19,1
1,NewOrder,1772015867.423883,23183,17,1
1,NewOrder,1772015867.424113,12139,9,1
1,NewOrder,1772015867.427152,38584,1,1
1,NewOrder,1772015867.427748,12934,15,1
1,NewOrder,1772015867.427777,15410,22,1
1,NewOrder,1772015867.429203,37346,6,1
1,NewOrder,1772015867.429502,13319,20,1
2,Payment,1772015867.430691,22606,13,1
2,Payment,1772015867.431424,15172,7,1
4,Delivery,1772015867.431534,77213,2,1
5,StockLevel,1772015867.432253,10974,11,1
2,Payment,1772015867.433862,28575,16,1
1,NewOrder,1772015867.436268,15443,9,1
1,NewOrder,1772015867.437372,40572,10,1
1,NewOrder,1772015867.437413,42415,23,1
2,Payment,1772015867.439551,37108,14,1
2,Payment,1772015867.440692,49820,15,1
1,NewOrder,1772015867.442813,40172,18,1
1,NewOrder,1772015867.442837,7272,20,1
1,NewOrder,1772015867.443125,36057,0,1
2,Payment,1772015867.443162,14978,8,1
2,Payment,1772015867.443198,7429,22,1
2,Payment,1772015867.443239,30627,11,1
2,Payment,1772015867.446610,19914,7,1
1,NewOrder,1772015867.447049,15367,19,1
2,Payment,1772015867.447077,21581,17,1
1,NewOrder,1772015867.447105,20694,5,1
2,Payment,1772015867.447301,7824,21,1
1,NewOrder,1772015867.450122,18160,20,1
1,NewOrder,1772015867.450640,8553,22,1
2,Payment,1772015867.451720,31255,9,1
1,NewOrder,1772015867.452681,36607,4,1
1,NewOrder,1772015867.453306,47405,13,1
2,Payment,1772015867.455133,4356,21,1
1,NewOrder,1772015867.458153,23555,8,1
1,NewOrder,1772015867.459203,30408,22,1
4,Delivery,1772015867.459502,43002,21,1
2,Payment,1772015867.461657,53965,12,1
2,Payment,1772015867.462433,6254,19,1
1,NewOrder,1772015867.462454,25141,16,1
3,OrderStatus,1772015867.465607,6484,3,1
2,Payment,1772015867.465747,9797,1,1
2,Payment,1772015867.466536,24334,7,1
1,NewOrder,1772015867.466558,24809,6,1
2,Payment,1772015867.467811,17379,5,1
1,NewOrder,1772015867.468290,14167,20,1
2,Payment,1772015867.468665,36669,17,1
2,Payment,1772015867.468699,4865,19,1
4,Delivery,1772015867.472101,37602,3,1
2,Payment,1772015867.473575,6986,19,1
1,NewOrder,1772015867.473878,12889,11,1
2,Payment,1772015867.475557,15283,1,1
1,NewOrder,1772015867.476668,22912,14,1
1,NewOrder,1772015867.478004,25292,10,1
1,NewOrder,1772015867.479222,49591,0,1
4,Delivery,1772015867.479863,22954,23,1
1,NewOrder,1772015867.480577,12743,19,1
2,Payment,1772015867.481714,16435,8,1
2,Payment,1772015867.482467,8205,20,1
2,Payment,1772015867.482985,30573,9,1
1,NewOrder,1772015867.482996,32632,18,1
1,NewOrder,1772015867.485198,17330,5,1
2,Payment,1772015867.486774,17511,11,1
1,NewOrder,1772015867.487606,23854,16,1
1,NewOrder,1772015867.489299,28719,4,1
1,NewOrder,1772015867.489618,37347,22,1
1,NewOrder,1772015867.490519,20456,15,1
1,NewOrder,1772015867.490681,10639,20,1
1,NewOrder,1772015867.490850,23518,1,1
2,Payment,1772015867.490877,28098,7,1
1,NewOrder,1772015867.491378,30532,6,1
2,Payment,1772015867.493331,6630,19,1
2,Payment,1772015867.498158,28304,8,1
2,Payment,1772015867.499589,21164,14,1
3,OrderStatus,1772015867.499971,3574,19,1
2,Payment,1772015867.500717,26708,13,1
2,Payment,1772015867.501332,8011,20,1
1,NewOrder,1772015867.502512,20088,21,1
1,NewOrder,1772015867.502538,10246,5,1
2,Payment,1772015867.502825,17432,23,1
3,OrderStatus,1772015867.503306,7089,10,1
2,Payment,1772015867.503552,22870,19,1
1,NewOrder,1772015867.504292,10589,11,1
1,NewOrder,1772015867.505341,27558,17,1
4,Delivery,1772015867.508754,47974,2,1
2,Payment,1772015867.509353,29042,20,1
1,NewOrder,1772015867.509710,18409,3,1
4,Delivery,1772015867.510403,87074,10,1
1,NewOrder,1772015867.510984,33241,15,1
3,OrderStatus,1772015867.511468,10666,16,1
1,NewOrder,1772015867.512792,19271,5,1
2,Payment,1772015867.513565,23499,9,1
1,NewOrder,1772015867.514376,22792,1,1
2,Payment,1772015867.514890,35377,11,1
2,Payment,1772015867.515627,17971,12,1
2,Payment,1772015867.515636,29397,18,1
2,Payment,1772015867.518025,6494,4,1
1,NewOrder,1772015867.518983,16267,7,1
1,NewOrder,1772015867.520267,22703,23,1
2,Payment,1772015867.520759,19023,14,1
2,Payment,1772015867.521919,43773,6,1
2,Payment,1772015867.522141,24001,16,1
1,NewOrder,1772015867.522610,11958,21,1
5,StockLevel,1772015867.524528,38093,4,1
1,NewOrder,1772015867.526432,39291,19,1
1,NewOrder,1772015867.526471,23464,8,1
2,Payment,1772015867.526969,25557,22,1
3,OrderStatus,1772015867.527434,4548,13,1
1,NewOrder,1772015867.528127,8486,3,1
2,Payment,1772015867.528821,8224,0,1
2,Payment,1772015867.531990,22915,13,1
1,NewOrder,1772015867.532073,4994,5,1
2,Payment,1772015867.532905,32326,17,1
1,NewOrder,1772015867.533607,17887,12,1
5,StockLevel,1772015867.534574,17912,21,1
2,Payment,1772015867.535258,39069,7,1
1,NewOrder,1772015867.536621,20017,3,1
5,StockLevel,1772015867.537056,11940,0,1
1,NewOrder,1772015867.537079,41175,9,1
1,NewOrder,1772015867.537082,11918,5,1
1,NewOrder,1772015867.537175,31113,1,1
5,StockLevel,1772015867.538403,21044,20,1
2,Payment,1772015867.539788,37921,14,1
2,Payment,1772015867.542978,14084,23,1
2,Payment,1772015867.544235,27973,15,1
1,NewOrder,1772015867.545043,23741,18,1
1,NewOrder,1772015867.546146,31676,16,1
1,NewOrder,1772015867.549004,18660,0,1
2,Payment,1772015867.549012,8079,5,1
1,NewOrder,1772015867.549941,30124,8,1
2,Payment,1772015867.550274,34120,11,1
1,NewOrder,1772015867.551503,16756,12,1
1,NewOrder,1772015867.552502,42999,21,1
1,NewOrder,1772015867.552542,27496,22,1
1,NewOrder,1772015867.554924,39928,13,1
1,NewOrder,1772015867.556644,16026,3,1
2,Payment,1772015867.556739,13532,2,1
2,Payment,1772015867.557077,8564,23,1
1,NewOrder,1772015867.557097,11623,5,1
4,Delivery,1772015867.559454,25262,20,1
4,Delivery,1772015867.562629,62784,4,1
1,NewOrder,1772015867.565240,42480,17,1
2,Payment,1772015867.565650,5117,23,1
2,Payment,1772015867.565701,30664,6,1
1,NewOrder,1772015867.565728,26359,19,1
1,NewOrder,1772015867.567671,19781,0,1
2,Payment,1772015867.568263,23864,12,1
1,NewOrder,1772015867.568295,16388,1,1
2,Payment,1772015867.568728,7122,5,1
2,Payment,1772015867.568789,13119,18,1
4,Delivery,1772015867.570278,55492,2,1
1,NewOrder,1772015867.570776,12832,23,1
2,Payment,1772015867.572215,31816,15,1
2,Payment,1772015867.572675,8336,3,1
2,Payment,1772015867.574335,30998,7,1
1,NewOrder,1772015867.575857,25793,5,1
3,OrderStatus,1772015867.577716,12029,14,1
2,Payment,1772015867.577834,42434,16,1
1,NewOrder,1772015867.578262,28389,9,1
1,NewOrder,1772015867.580043,26279,22,1
2,Payment,1772015867.580071,31343,8,1
1,NewOrder,1772015867.581018,15283,3,1
2,Payment,1772015867.581914,7871,18,1
2,Payment,1772015867.583615,14214,23,1
1,NewOrder,1772015867.584403,30346,11,1
1,NewOrder,1772015867.584687,13108,1,1
1,NewOrder,1772015867.584722,13641,20,1
2,Payment,1772015867.587459,3468,0,1
2,Payment,1772015867.589753,36712,14,1
1,NewOrder,1772015867.589794,10950,18,1
2,Payment,1772015867.590935,5392,0,1
2,Payment,1772015867.592096,9987,19,1
1,NewOrder,1772015867.592135,28559,12,1
2,Payment,1772015867.594860,18972,13,1
2,Payment,1772015867.595508,10438,21,1
1,NewOrder,1772015867.596311,25177,3,1
1,NewOrder,1772015867.596334,31315,0,1
1,NewOrder,1772015867.596374,28278,6,1
2,Payment,1772015867.597484,18770,10,1
1,NewOrder,1772015867.597800,17802,1,1
2,Payment,1772015867.597838,12460,23,1
1,NewOrder,1772015867.598369,8545,20,1
2,Payment,1772015867.600751,12715,18,1
2,Payment,1772015867.601659,15679,5,1
4,Delivery,1772015867.602091,50071,19,1
1,NewOrder,1772015867.604039,21019,15,1
2,Payment,1772015867.605343,18313,7,1
2,Payment,1772015867.605954,21221,21,1
1,NewOrder,1772015867.606328,38951,22,1
3,OrderStatus,1772015867.606659,6316,9,1
1,NewOrder,1772015867.606919,16041,20,1
1,NewOrder,1772015867.607725,14467,17,1
1,NewOrder,1772015867.610306,33944,23,1
2,Payment,1772015867.611421,22890,8,1
2,Payment,1772015867.612981,32740,9,1
5,StockLevel,1772015867.613477,15779,18,1
5,StockLevel,1772015867.613839,27128,13,1
1,NewOrder,1772015867.614759,14413,11,1
2,Payment,1772015867.615609,14968,1,1
1,NewOrder,1772015867.616257,23940,10,1
2,Payment,1772015867.617348,28695,5,1
2,Payment,1772015867.620292,16828,16,1
5,StockLevel,1772015867.620713,38280,12,1
1,NewOrder,1772015867.621496,15259,3,1
1,NewOrder,1772015867.622211,12449,17,1
1,NewOrder,1772015867.622968,21786,20,1
2,Payment,1772015867.623676,29066,7,1
1,NewOrder,1772015867.624659,13418,6,1
1,NewOrder,1772015867.625086,14641,15,1
1,NewOrder,1772015867.625424,10782,4,1
2,Payment,1772015867.625779,26860,2,1
1,NewOrder,1772015867.626482,29420,14,1
2,Payment,1772015867.627189,13113,21,1
2,Payment,1772015867.627653,36166,0,1
2,Payment,1772015867.629200,19261,11,1
1,NewOrder,1772015867.629275,16719,18,1
1,NewOrder,1772015867.630596,27319,1,1
2,Payment,1772015867.634327,26954,8,1
2,Payment,1772015867.634686,6763,17,1
2,Payment,1772015867.636214,20040,4,1
1,NewOrder,1772015867.636765,8565,3,1
1,NewOrder,1772015867.637129,29144,16,1
2,Payment,1772015867.638088,30472,6,1
2,Payment,1772015867.639738,5604,15,1
1,NewOrder,1772015867.640204,20735,10,1
1,NewOrder,1772015867.640323,13646,21,1
1,NewOrder,1772015867.640974,30030,13,1
2,Payment,1772015867.641460,6556,17,1
2,Payment,1772015867.644275,17133,23,1
2,Payment,1772015867.644764,9763,20,1
1,NewOrder,1772015867.645310,29320,22,1
2,Payment,1772015867.645351,26048,3,1
2,Payment,1772015867.645369,10915,15,1
1,NewOrder,1772015867.645737,23629,9,1
1,NewOrder,1772015867.646003,24375,18,1
1,NewOrder,1772015867.646049,26383,5,1
2,Payment,1772015867.648025,12203,17,1
1,NewOrder,1772015867.648465,6647,11,1
2,Payment,1772015867.652168,22931,19,1
4,Delivery,1772015867.652647,20275,2,1
2,Payment,1772015867.652759,22202,7,1
2,Payment,1772015867.653975,28725,21,1
1,NewOrder,1772015867.654537,33922,20,1
1,NewOrder,1772015867.655123,20831,11,1
2,Payment,1772015867.655913,16092,14,1
1,NewOrder,1772015867.656263,30477,4,1
2,Payment,1772015867.656291,25386,15,1
1,NewOrder,1772015867.657935,15783,1,1
2,Payment,1772015867.659002,29922,12,1
1,NewOrder,1772015867.660244,16235,17,1
2,Payment,1772015867.660949,23498,10,1
2,Payment,1772015867.661286,17944,8,1
2,Payment,1772015867.661419,29906,23,1
2,Payment,1772015867.663845,13303,0,1
5,StockLevel,1772015867.666281,32280,16,1
2,Payment,1772015867.668570,24892,6,1
2,Payment,1772015867.669392,31398,9,1
2,Payment,1772015867.670402,26992,18,1
2,Payment,1772015867.671014,26781,13,1
1,NewOrder,1772015867.671409,33305,3,1
4,Delivery,1772015867.672031,38383,14,1
3,OrderStatus,1772015867.672458,3673,5,1
2,Payment,1772015867.672968,10272,2,1
1,NewOrder,1772015867.673744,10975,1,1
5,StockLevel,1772015867.674641,15947,22,1
1,NewOrder,1772015867.674966,28533,7,1
2,Payment,1772015867.675102,30250,19,1
1,NewOrder,1772015867.675963,19503,11,1
1,NewOrder,1772015867.676136,20376,5,1
1,NewOrder,1772015867.676489,15676,17,1
2,Payment,1772015867.677158,11903,0,1
3,OrderStatus,1772015867.679241,8059,8,1
2,Payment,1772015867.681699,23522,15,1
2,Payment,1772015867.682711,29340,21,1
1,NewOrder,1772015867.683253,40234,2,1
1,NewOrder,1772015867.684457,36104,10,1
3,OrderStatus,1772015867.684729,7268,1,1
1,NewOrder,1772015867.686750,29708,4,1
1,NewOrder,1772015867.687311,33225,8,1
2,Payment,1772015867.688470,43639,20,1
2,Payment,1772015867.688933,24714,12,1
2,Payment,1772015867.689078,6003,0,1
1,NewOrder,1772015867.690596,15265,22,1
2,Payment,1772015867.691330,57592,23,1
2,Payment,1772015867.692006,6737,1,1
2,Payment,1772015867.692170,25325,17,1
2,Payment,1772015867.693473,16048,6,1
1,NewOrder,1772015867.695090,32456,0,1
3,OrderStatus,1772015867.695475,8904,11,1
2,Payment,1772015867.696523,8722,5,1
1,NewOrder,1772015867.697403,20039,18,1
1,NewOrder,1772015867.697803,50576,13,1
1,NewOrder,1772015867.698568,18398,16,1
4,Delivery,1772015867.698753,21337,1,1
4,Delivery,1772015867.700798,27202,9,1
2,Payment,1772015867.703509,10675,7,1
4,Delivery,1772015867.704387,24004,11,1
1,NewOrder,1772015867.704722,21029,3,1
1,NewOrder,1772015867.705230,45927,15,1
2,Payment,1772015867.705252,4756,5,1
2,Payment,1772015867.705361,48306,19,1
2,Payment,1772015867.705867,34834,22,1
2,Payment,1772015867.709531,11078,6,1
5,StockLevel,1772015867.710016,24109,5,1
1,NewOrder,1772015867.710423,15428,14,1
1,NewOrder,1772015867.712056,49963,21,1
1,NewOrder,1772015867.713672,18595,12,1
2,Payment,1772015867.714194,12662,7,1
1,NewOrder,1772015867.716484,30136,4,1
1,NewOrder,1772015867.716972,24213,16,1
1,NewOrder,1772015867.717446,43039,18,1
2,Payment,1772015867.717504,7751,17,1
1,NewOrder,1772015867.720099,29814,1,1
1,NewOrder,1772015867.720547,42581,8,1
1,NewOrder,1772015867.720568,42278,10,1
1,NewOrder,1772015867.720619,43919,6,1
2,Payment,1772015867.723493,4103,2,1
1,NewOrder,1772015867.725264,25408,17,1
1,NewOrder,1772015867.725766,10585,3,1
1,NewOrder,1772015867.725877,16846,14,1
2,Payment,1772015867.726882,9129,7,1
2,Payment,1772015867.727565,13118,0,1
3,OrderStatus,1772015867.727625,15797,2,1
1,NewOrder,1772015867.728007,13209,9,1
1,NewOrder,1772015867.728397,7925,11,1
2,Payment,1772015867.732135,43769,20,1
1,NewOrder,1772015867.732286,7106,12,1
4,Delivery,1772015867.734133,44899,5,1
2,Payment,1772015867.736022,7292,7,1
2,Payment,1772015867.736331,12523,11,1
2,Payment,1772015867.736358,9157,3,1
2,Payment,1772015867.739418,2843,12,1
2,Payment,1772015867.740701,10464,0,1
2,Payment,1772015867.740726,22869,22,1
1,NewOrder,1772015867.741202,30927,16,1
5,StockLevel,1772015867.741242,11491,9,1
2,Payment,1772015867.742267,3965,12,1
1,NewOrder,1772015867.742733,13826,14,1
2,Payment,1772015867.743339,10761,7,1
2,Payment,1772015867.743445,16119,2,1
3,OrderStatus,1772015867.745537,6409,3,1
2,Payment,1772015867.746257,5536,12,1
1,NewOrder,1772015867.746630,29872,4,1
1,NewOrder,1772015867.748389,21963,13,1
2,Payment,1772015867.748883,10198,11,1
3,OrderStatus,1772015867.748949,10169,23,1
1,NewOrder,1772015867.749931,21113,1,1
1,NewOrder,1772015867.750678,18092,17,1
2,Payment,1772015867.751169,8524,15,1
2,Payment,1772015867.751176,14257,0,1
2,Payment,1772015867.751819,18078,12,1
1,NewOrder,1772015867.751959,14775,3,1
2,Payment,1772015867.752769,14336,9,1
2,Payment,1772015867.753676,31969,19,1
1,NewOrder,1772015867.754110,29884,7,1
4,Delivery,1772015867.756565,49242,14,1
3,OrderStatus,1772015867.759089,8721,11,1
2,Payment,1772015867.759127,34979,23,1
2,Payment,1772015867.759571,18457,2,1
2,Payment,1772015867.759700,21714,15,1
1,NewOrder,1772015867.760511,50712,18,1
1,NewOrder,1772015867.762044,10703,21,1
1,NewOrder,1772015867.762883,39043,10,1
2,Payment,1772015867.763134,17237,8,1
1,NewOrder,1772015867.763605,31362,22,1
1,NewOrder,1772015867.764548,15037,6,1
3,OrderStatus,1772015867.765444,9413,0,1
2,Payment,1772015867.766761,18194,3,1
5,StockLevel,1772015867.767114,14854,9,1
2,Payment,1772015867.767818,18950,11,1
2,Payment,1772015867.768780,27502,17,1
1,NewOrder,1772015867.769923,27377,12,1
1,NewOrder,1772015867.770366,10551,13,1
2,Payment,1772015867.771053,20638,1,1
1,NewOrder,1772015867.772154,21413,16,1
1,NewOrder,1772015867.772758,17284,21,1
2,Payment,1772015867.774881,27808,0,1
2,Payment,1772015867.775912,23958,20,1
2,Payment,1772015867.776510,45867,4,1
1,NewOrder,1772015867.778036,18795,2,1
1,NewOrder,1772015867.779044,19082,5,1
2,Payment,1772015867.779594,12786,6,1
1,NewOrder,1772015867.780377,17259,8,1
2,Payment,1772015867.780929,6492,13,1
1,NewOrder,1772015867.781420,16194,15,1
3,OrderStatus,1772015867.781979,8829,9,1
2,Payment,1772015867.784001,25894,7,1
1,NewOrder,1772015867.784966,12293,3,1
1,NewOrder,1772015867.785653,28164,19,1
2,Payment,1772015867.786777,39990,11,1
2,Payment,1772015867.787430,18344,13,1
1,NewOrder,1772015867.790052,18074,21,1
1,NewOrder,1772015867.790817,43592,9,1
4,Delivery,1772015867.791699,37635,1,1
2,Payment,1772015867.792389,40413,6,1
1,NewOrder,1772015867.793593,19739,16,1
1,NewOrder,1772015867.794116,25676,23,1
2,Payment,1772015867.794976,12156,22,1
1,NewOrder,1772015867.796300,41089,17,1
1,NewOrder,1772015867.796852,11969,2,1
2,Payment,1772015867.797268,37761,3,1
1,NewOrder,1772015867.797308,11967,12,1
1,NewOrder,1772015867.797621,14075,15,1
1,NewOrder,1772015867.797642,11561,8,1
2,Payment,1772015867.798151,45998,5,1
1,NewOrder,1772015867.799884,11786,20,1
1,NewOrder,1772015867.801933,37102,10,1
1,NewOrder,1772015867.802698,42076,0,1
1,NewOrder,1772015867.805784,33278,13,1
2,Payment,1772015867.805816,8034,14,1
2,Payment,1772015867.807137,2715,22,1
2,Payment,1772015867.808137,5648,21,1
1,NewOrder,1772015867.808831,35877,2,1
2,Payment,1772015867.809214,12667,8,1
1,NewOrder,1772015867.809279,5405,12,1
1,NewOrder,1772015867.809861,4428,22,1
2,Payment,1772015867.809902,26446,7,1
2,Payment,1772015867.811230,14988,18,1
2,Payment,1772015867.811674,26107,20,1
2,Payment,1772015867.811706,4062,15,1
1,NewOrder,1772015867.813338,33299,16,1
1,NewOrder,1772015867.813793,31311,21,1
1,NewOrder,1772015867.813826,25265,19,1
2,Payment,1772015867.813856,4710,14,1
1,NewOrder,1772015867.814300,4697,22,1
2,Payment,1772015867.814692,6278,12,1
1,NewOrder,1772015867.815777,7845,15,1
1,NewOrder,1772015867.818572,23978,14,1
4,Delivery,1772015867.819005,26841,22,1
3,OrderStatus,1772015867.819800,10888,23,1
1,NewOrder,1772015867.820980,10287,12,1
2,Payment,1772015867.821886,19909,8,1
2,Payment,1772015867.822385,30334,4,1
2,Payment,1772015867.823630,3090,15,1
2,Payment,1772015867.826226,16324,18,1
2,Payment,1772015867.826724,3056,15,1
2,Payment,1772015867.826774,21661,11,1
2,Payment,1772015867.829342,33381,1,1
2,Payment,1772015867.829786,4188,15,1
1,NewOrder,1772015867.830699,40721,23,1
2,Payment,1772015867.831276,7237,12,1
1,NewOrder,1772015867.832809,19796,6,1
1,NewOrder,1772015867.833981,22457,15,1
2,Payment,1772015867.834419,23430,9,1
2,Payment,1772015867.835040,44350,3,1
5,StockLevel,1772015867.836355,19729,7,1
1,NewOrder,1772015867.837398,14644,17,1
1,NewOrder,1772015867.837790,18700,20,1
1,NewOrder,1772015867.838516,18286,12,1
1,NewOrder,1772015867.839042,21160,10,1
1,NewOrder,1772015867.839069,17395,13,1
2,Payment,1772015867.839097,12636,19,1
2,Payment,1772015867.841803,24763,8,1
2,Payment,1772015867.842562,17352,18,1
2,Payment,1772015867.842563,7174,14,1
1,NewOrder,1772015867.844157,36128,5,1
2,Payment,1772015867.844718,51104,2,1
2,Payment,1772015867.844790,24357,0,1
3,OrderStatus,1772015867.845116,5266,21,1
3,OrderStatus,1772015867.845853,4942,22,1
2,Payment,1772015867.846644,9299,16,1
1,NewOrder,1772015867.848448,25615,11,1
1,NewOrder,1772015867.849744,10818,14,1
2,Payment,1772015867.850388,16145,21,1
4,Delivery,1772015867.850803,29852,22,1
1,NewOrder,1772015867.851743,34833,19,1
1,NewOrder,1772015867.852047,15646,17,1
2,Payment,1772015867.852614,22109,6,1
2,Payment,1772015867.852730,38056,4,1
2,Payment,1772015867.855948,8125,16,1
1,NewOrder,1772015867.856096,32779,7,1
1,NewOrder,1772015867.856444,18765,15,1
2,Payment,1772015867.856472,15277,13,1
1,NewOrder,1772015867.856498,15751,20,1
2,Payment,1772015867.856807,23200,12,1
1,NewOrder,1772015867.857855,23973,9,1
1,NewOrder,1772015867.859925,23598,18,1
1,NewOrder,1772015867.860207,12017,10,1
2,Payment,1772015867.860569,26438,14,1
1,NewOrder,1772015867.862733,12442,1,1
2,Payment,1772015867.864082,11068,16,1
2,Payment,1772015867.866539,7074,21,1
3,OrderStatus,1772015867.866574,13149,8,1
2,Payment,1772015867.867707,26282,17,1
3,OrderStatus,1772015867.869155,8075,0,1
3,OrderStatus,1772015867.871429,7079,23,1
2,Payment,1772015867.871759,31151,13,1
4,Delivery,1772015867.872234,27422,10,1
4,Delivery,1772015867.872255,8841,20,1
2,Payment,1772015867.873629,8169,21,1
2,Payment,1772015867.874091,5828,11,1
2,Payment,1772015867.874749,12275,6,1
2,Payment,1772015867.875170,35909,16,1
2,Payment,1772015867.875190,8989,1,1
1,NewOrder,1772015867.875236,6103,15,1
1,NewOrder,1772015867.877248,15044,0,1
2,Payment,1772015867.878517,10316,23,1
1,NewOrder,1772015867.879400,10629,3,1
1,NewOrder,1772015867.879732,9492,8,1
2,Payment,1772015867.879931,14775,11,1
1,NewOrder,1772015867.880017,26664,12,1
2,Payment,1772015867.880290,36818,5,1
2,Payment,1772015867.880662,17315,22,1
2,Payment,1772015867.881103,22143,20,1
1,NewOrder,1772015867.881348,15505,15,1
1,NewOrder,1772015867.881805,22617,21,1
1,NewOrder,1772015867.881835,23872,9,1
1,NewOrder,1772015867.883533,11494,18,1
2,Payment,1772015867.884185,15973,1,1
5,StockLevel,1772015867.886581,8696,19,1
3,OrderStatus,1772015867.887014,9067,14,1
2,Payment,1772015867.887035,14117,6,1
1,NewOrder,1772015867.888850,22805,23,1
2,Payment,1772015867.888901,17104,7,1
2,Payment,1772015867.889231,19445,8,1
5,StockLevel,1772015867.890039,7949,3,1
5,StockLevel,1772015867.890797,8377,4,1
3,OrderStatus,1772015867.892303,3299,0,1
2,Payment,1772015867.893998,19673,17,1
5,StockLevel,1772015867.894717,14996,11,1
1,NewOrder,1772015867.895032,28716,18,1
2,Payment,1772015867.895284,16401,19,1
3,OrderStatus,1772015867.895611,2477,0,1
1,NewOrder,1772015867.895833,27059,2,1
2,Payment,1772015867.896090,24974,14,1
2,Payment,1772015867.896863,42233,15,1
1,NewOrder,1772015867.897984,15961,22,1
2,Payment,1772015867.897996,27009,3,1
3,OrderStatus,1772015867.898098,2530,0,1
2,Payment,1772015867.899184,31238,4,1
2,Payment,1772015867.899664,16334,10,1
2,Payment,1772015867.900163,4635,1,1
5,StockLevel,1772015867.900637,13789,0,1
3,OrderStatus,1772015867.901159,4622,6,1
2,Payment,1772015867.902926,44488,13,1
1,NewOrder,1772015867.903266,21196,20,1
1,NewOrder,1772015867.904430,8309,21,1
4,Delivery,1772015867.904809,32818,1,1
2,Payment,1772015867.905714,22131,9,1
1,NewOrder,1772015867.905790,5972,6,1
2,Payment,1772015867.906013,18105,7,1
1,NewOrder,1772015867.906686,7610,12,1
2,Payment,1772015867.908683,32485,8,1
2,Payment,1772015867.909724,38251,11,1
1,NewOrder,1772015867.911085,32860,16,1
2,Payment,1772015867.911672,9780,23,1
1,NewOrder,1772015867.911711,25893,19,1
1,NewOrder,1772015867.911773,25877,6,1
1,NewOrder,1772015867.912747,6860,21,1
2,Payment,1772015867.913692,10106,17,1
4,Delivery,1772015867.913948,9365,22,1
3,OrderStatus,1772015867.914307,1937,12,1
1,NewOrder,1772015867.914435,22593,0,1
1,NewOrder,1772015867.916008,15741,10,1
2,Payment,1772015867.916251,33738,12,1
1,NewOrder,1772015867.917115,29948,5,1
2,Payment,1772015867.919633,4061,21,1
2,Payment,1772015867.921079,7353,14,1
2,Payment,1772015867.921459,5621,23,1
2,Payment,1772015867.922898,12976,2,1
2,Payment,1772015867.923320,7497,22,1
1,NewOrder,1772015867.923704,16173,21,1
2,Payment,1772015867.923755,18095,18,1
2,Payment,1772015867.923801,38661,17,1
2,Payment,1772015867.924127,8391,7,1
2,Payment,1772015867.924471,23368,20,1
1,NewOrder,1772015867.925012,21680,3,1
2,Payment,1772015867.927087,25794,23,1
1,NewOrder,1772015867.927853,9830,9,1
2,Payment,1772015867.928435,24419,14,1
5,StockLevel,1772015867.930431,27235,4,1
1,NewOrder,1772015867.930823,25516,22,1
1,NewOrder,1772015867.931755,7807,10,1
1,NewOrder,1772015867.932526,9983,7,1
1,NewOrder,1772015867.935885,23222,2,1
1,NewOrder,1772015867.937038,18212,0,1
2,Payment,1772015867.937614,20459,19,1
2,Payment,1772015867.937632,10870,1,1
2,Payment,1772015867.937659,16438,6,1
2,Payment,1772015867.937691,21356,9,1
2,Payment,1772015867.939103,18632,15,1
2,Payment,1772015867.939568,24216,10,1
1,NewOrder,1772015867.939888,3397,21,1
2,Payment,1772015867.941174,27051,8,1
1,NewOrder,1772015867.941860,18403,18,1
2,Payment,1772015867.942516,31199,7,1
1,NewOrder,1772015867.943292,4063,21,1
1,NewOrder,1772015867.943952,9396,16,1
2,Payment,1772015867.946697,6625,3,1
1,NewOrder,1772015867.947070,11558,5,1
2,Payment,1772015867.947361,14041,21,1
1,NewOrder,1772015867.947421,11980,13,1
2,Payment,1772015867.947844,17362,20,1
5,StockLevel,1772015867.947984,13337,11,1
2,Payment,1772015867.948510,10083,1,1
3,OrderStatus,1772015867.950000,5052,12,1
1,NewOrder,1772015867.952861,19571,14,1
2,Payment,1772015867.952892,15942,23,1
2,Payment,1772015867.953330,9672,3,1
2,Payment,1772015867.953355,13387,16,1
1,NewOrder,1772015867.954104,29240,6,1
2,Payment,1772015867.955059,21016,12,1
2,Payment,1772015867.955256,11187,0,1
4,Delivery,1772015867.956355,20536,22,1
2,Payment,1772015867.957692,17963,4,1
2,Payment,1772015867.957753,21481,15,1
1,NewOrder,1772015867.958081,12831,19,1
1,NewOrder,1772015867.958609,18689,1,1
1,NewOrder,1772015867.958642,19673,5,1
1,NewOrder,1772015867.959058,21456,9,1
2,Payment,1772015867.959112,34386,2,1
2,Payment,1772015867.959406,22379,13,1
2,Payment,1772015867.960289,13795,18,1
2,Payment,1772015867.961329,14827,11,1
1,NewOrder,1772015867.961409,10678,21,1
2,Payment,1772015867.962472,21766,17,1
2,Payment,1772015867.963008,21696,3,1
2,Payment,1772015867.963792,16218,10,1
1,NewOrder,1772015867.965223,7509,20,1
1,NewOrder,1772015867.966467,27592,0,1
1,NewOrder,1772015867.966749,21604,16,1
2,Payment,1772015867.968233,19108,8,1
1,NewOrder,1772015867.968842,29129,23,1
2,Payment,1772015867.970918,5194,19,1
2,Payment,1772015867.972097,7866,21,1
2,Payment,1772015867.972440,14425,14,1
2,Payment,1772015867.972739,16206,20,1
2,Payment,1772015867.973725,22558,7,1
2,Payment,1772015867.974090,23995,18,1
2,Payment,1772015867.975670,25626,4,1
1,NewOrder,1772015867.976086,10023,12,1
1,NewOrder,1772015867.976131,14093,19,1
2,Payment,1772015867.976179,25517,11,1
2,Payment,1772015867.976897,35727,22,1
1,NewOrder,1772015867.977324,23188,1,1
2,Payment,1772015867.978326,36828,5,1
1,NewOrder,1772015867.979258,9577,15,1
1,NewOrder,1772015867.979973,35189,21,1
1,NewOrder,1772015867.980013,39942,10,1
1,NewOrder,1772015867.980519,30112,9,1
2,Payment,1772015867.981797,8758,13,1
2,Payment,1772015867.983348,23966,6,1
1,NewOrder,1772015867.984246,10361,17,1
2,Payment,1772015867.984715,35783,3,1
1,NewOrder,1772015867.986114,14063,12,1
1,NewOrder,1772015867.986875,12157,14,1
2,Payment,1772015867.987349,27633,8,1
2,Payment,1772015867.988361,6803,16,1
2,Payment,1772015867.988841,12076,15,1
2,Payment,1772015867.988955,16062,20,1
1,NewOrder,1772015867.990234,8104,19,1
1,NewOrder,1772015867.990563,10013,13,1
4,Delivery,1772015867.993506,30705,2,1
2,Payment,1772015867.994063,12208,0,1
2,Payment,1772015867.994613,12596,17,1
2,Payment,1772015867.995169,8279,16,1
2,Payment,1772015867.996292,22702,7,1
2,Payment,1772015867.997978,20583,23,1
1,NewOrder,1772015867.998095,29513,18,1
1,NewOrder,1772015867.998343,12723,19,1
2,Payment,1772015867.999044,15377,14,1
2,Payment,1772015868.000187,17257,12,1
1,NewOrder,1772015868.000522,9332,1,1
2,Payment,1772015868.000583,18969,13,1
2,Payment,1772015868.000924,23318,15,1
2,Payment,1772015868.001305,25655,4,1
1,NewOrder,1772015868.001701,6516,11,1
3,OrderStatus,1772015868.003457,3522,16,1
2,Payment,1772015868.005025,18768,20,1
2,Payment,1772015868.006279,27586,0,1
3,OrderStatus,1772015868.006984,2265,16,1
1,NewOrder,1772015868.007216,28783,17,1
2,Payment,1772015868.007325,16859,6,1
2,Payment,1772015868.008222,21755,11,1
4,Delivery,1772015868.009260,9697,16,1
2,Payment,1772015868.009860,31323,1,1
1,NewOrder,1772015868.010638,18917,9,1
1,NewOrder,1772015868.011072,5348,19,1
1,NewOrder,1772015868.012631,15763,22,1
3,OrderStatus,1772015868.014428,7778,14,1
1,NewOrder,1772015868.014988,23261,8,1
2,Payment,1772015868.015159,38445,5,1
4,Delivery,1772015868.015173,38389,21,1
2,Payment,1772015868.016426,14151,19,1
4,Delivery,1772015868.017453,1797,12,1
1,NewOrder,1772015868.018569,14200,23,1
1,NewOrder,1772015868.018965,18716,16,1
2,Payment,1772015868.019003,16954,7,1
4,Delivery,1772015868.019257,12832,12,1
1,NewOrder,1772015868.019558,17662,13,1
1,NewOrder,1772015868.019960,21178,10,1
2,Payment,1772015868.020506,36640,3,1
2,Payment,1772015868.022215,7788,14,1
2,Payment,1772015868.023800,11669,20,1
2,Payment,1772015868.024191,18189,6,1
1,NewOrder,1772015868.024217,20334,2,1
4,Delivery,1772015868.024249,8120,15,1
1,NewOrder,1772015868.026972,26652,4,1
2,Payment,1772015868.027618,12241,18,1
3,OrderStatus,1772015868.028401,5047,22,1
1,NewOrder,1772015868.029564,23200,9,1
1,NewOrder,1772015868.029984,37276,11,1
2,Payment,1772015868.030013,5906,14,1
2,Payment,1772015868.030582,25834,19,1
1,NewOrder,1772015868.032096,16512,12,1
1,NewOrder,1772015868.032376,13388,15,1
2,Payment,1772015868.032777,33679,23,1
4,Delivery,1772015868.033456,20445,22,1
2,Payment,1772015868.033872,34648,0,1
1,NewOrder,1772015868.035476,14295,20,1
2,Payment,1772015868.035927,12333,14,1
2,Payment,1772015868.035968,10064,7,1
2,Payment,1772015868.036004,3779,17,1
2,Payment,1772015868.037227,21010,13,1
2,Payment,1772015868.037688,28349,16,1
1,NewOrder,1772015868.038257,28240,8,1
1,NewOrder,1772015868.039789,34883,17,1
1,NewOrder,1772015868.039868,19856,18,1
1,NewOrder,1772015868.041146,26589,10,1
4,Delivery,1772015868.041191,32045,1,1
2,Payment,1772015868.042399,6186,6,1
1,NewOrder,1772015868.044577,8949,2,1
2,Payment,1772015868.045774,27418,15,1
1,NewOrder,1772015868.046040,10483,7,1
2,Payment,1772015868.048270,32824,14,1
2,Payment,1772015868.048604,8502,6,1
1,NewOrder,1772015868.048626,26452,12,1
1,NewOrder,1772015868.049775,6989,20,1
2,Payment,1772015868.052774,14373,9,1
1,NewOrder,1772015868.053536,28120,2,1
1,NewOrder,1772015868.053569,26436,21,1
2,Payment,1772015868.053614,27141,5,1
2,Payment,1772015868.053632,19973,4,1
2,Payment,1772015868.053912,9706,22,1
2,Payment,1772015868.056425,20412,19,1
1,NewOrder,1772015868.056534,5568,7,1
2,Payment,1772015868.056780,12365,20,1
1,NewOrder,1772015868.057110,19177,6,1
2,Payment,1772015868.057159,28044,3,1
1,NewOrder,1772015868.058243,28343,13,1
1,NewOrder,1772015868.059733,3549,18,1
2,Payment,1772015868.062112,7625,7,1
2,Payment,1772015868.063288,17825,18,1
1,NewOrder,1772015868.063643,9121,22,1
2,Payment,1772015868.066046,22746,16,1
1,NewOrder,1772015868.066462,20587,23,1
2,Payment,1772015868.066503,10378,8,1
1,NewOrder,1772015868.067156,20761,9,1
2,Payment,1772015868.067271,17877,11,1
1,NewOrder,1772015868.067746,22635,10,1
2,Payment,1772015868.068530,22770,0,1
1,NewOrder,1772015868.069153,12335,20,1
1,NewOrder,1772015868.069747,15043,7,1
2,Payment,1772015868.072772,14267,22,1
2,Payment,1772015868.073203,21757,15,1
2,Payment,1772015868.073242,23653,1,1
1,NewOrder,1772015868.073625,25801,4,1
1,NewOrder,1772015868.074677,19871,17,1
1,NewOrder,1772015868.075084,19877,12,1
1,NewOrder,1772015868.076293,19072,6,1
2,Payment,1772015868.076858,16566,19,1
5,StockLevel,1772015868.076887,27816,8,1
5,StockLevel,1772015868.080014,21650,21,1
2,Payment,1772015868.080781,24411,5,1
2,Payment,1772015868.081109,23663,14,1
2,Payment,1772015868.081128,21697,18,1
2,Payment,1772015868.081503,32788,20,1
3,OrderStatus,1772015868.081681,3405,2,1
1,NewOrder,1772015868.084813,15686,7,1
4,Delivery,1772015868.085095,24235,2,1
4,Delivery,1772015868.085158,30642,11,1
1,NewOrder,1772015868.085208,42391,3,1
1,NewOrder,1772015868.086594,15221,13,1
2,Payment,1772015868.087046,36853,22,1
5,StockLevel,1772015868.087060,23948,23,1
1,NewOrder,1772015868.087942,17980,9,1
1,NewOrder,1772015868.088804,26218,16,1
4,Delivery,1772015868.090387,25779,10,1
1,NewOrder,1772015868.091309,13782,0,1
1,NewOrder,1772015868.093443,46202,19,1
1,NewOrder,1772015868.094554,36564,17,1
1,NewOrder,1772015868.094974,20576,12,1
2,Payment,1772015868.094975,20840,15,1
2,Payment,1772015868.095371,12439,6,1
1,NewOrder,1772015868.096901,28800,1,1
5,StockLevel,1772015868.099434,8610,4,1
2,Payment,1772015868.100508,17800,7,1
1,NewOrder,1772015868.101689,8666,21,1
2,Payment,1772015868.101841,21455,13,1
1,NewOrder,1772015868.102831,34853,18,1
2,Payment,1772015868.104708,16026,8,1
2,Payment,1772015868.104784,25293,14,1
1,NewOrder,1772015868.105098,43913,0,1
1,NewOrder,1772015868.105202,37250,5,1
1,NewOrder,1772015868.105941,11913,9,1
4,Delivery,1772015868.107818,9708,6,1
1,NewOrder,1772015868.108050,7407,4,1
1,NewOrder,1772015868.109345,28893,2,1
4,Delivery,1772015868.110364,9013,21,1
3,OrderStatus,1772015868.111020,3497,23,1
1,NewOrder,1772015868.114309,35232,20,1
2,Payment,1772015868.114535,11780,23,1
5,StockLevel,1772015868.115027,26909,16,1
5,StockLevel,1772015868.115465,22801,4,1
2,Payment,1772015868.115561,21769,12,1
2,Payment,1772015868.115809,7851,11,1
2,Payment,1772015868.115821,28727,15,1
3,OrderStatus,1772015868.116175,9176,10,1
1,NewOrder,1772015868.117534,22646,6,1
1,NewOrder,1772015868.117859,9267,9,1
2,Payment,1772015868.118324,9730,7,1
2,Payment,1772015868.119396,9745,21,1
1,NewOrder,1772015868.120760,11253,8,1
1,NewOrder,1772015868.123308,23245,13,1
3,OrderStatus,1772015868.123671,3011,11,1
5,StockLevel,1772015868.123907,19180,22,1
2,Payment,1772015868.125360,11474,10,1
2,Payment,1772015868.125708,7628,1,1
1,NewOrder,1772015868.126322,18621,23,1
2,Payment,1772015868.126695,15284,11,1
2,Payment,1772015868.127135,23968,9,1
1,NewOrder,1772015868.127621,38461,3,1
1,NewOrder,1772015868.128062,33618,7,1
2,Payment,1772015868.129151,3268,21,1
1,NewOrder,1772015868.130087,19480,14,1
5,StockLevel,1772015868.131128,37773,17,1
1,NewOrder,1772015868.132018,28047,8,1
1,NewOrder,1772015868.132427,33292,21,1
2,Payment,1772015868.133347,5936,1,1
1,NewOrder,1772015868.136846,31349,10,1
2,Payment,1772015868.137342,15388,12,1
1,NewOrder,1772015868.137695,26353,18,1
1,NewOrder,1772015868.138245,32277,2,1
1,NewOrder,1772015868.138274,19795,4,1
5,StockLevel,1772015868.139297,17216,1,1
3,OrderStatus,1772015868.139650,5725,19,1
1,NewOrder,1772015868.140188,27293,6,1
2,Payment,1772015868.141943,19175,16,1
1,NewOrder,1772015868.141986,28939,11,1
1,NewOrder,1772015868.142464,28090,5,1
2,Payment,1772015868.143094,4701,22,1
2,Payment,1772015868.144554,22561,15,1
1,NewOrder,1772015868.144952,28513,23,1
1,NewOrder,1772015868.145380,9507,19,1
2,Payment,1772015868.146560,26443,13,1
1,NewOrder,1772015868.147802,24649,22,1
2,Payment,1772015868.149017,9435,0,1
1,NewOrder,1772015868.149548,12988,20,1
1,NewOrder,1772015868.149578,12680,14,1
1,NewOrder,1772015868.151114,25999,9,1
2,Payment,1772015868.152737,28558,12,1
3,OrderStatus,1772015868.154895,5101,19,1
1,NewOrder,1772015868.156521,13244,1,1
2,Payment,1772015868.158078,4486,4,1
1,NewOrder,1772015868.158459,41276,0,1
5,StockLevel,1772015868.160006,14719,19,1
1,NewOrder,1772015868.160072,20446,8,1
2,Payment,1772015868.161125,22248,16,1
2,Payment,1772015868.161690,6196,7,1
1,NewOrder,1772015868.162269,19423,14,1
2,Payment,1772015868.162543,4014,20,1
4,Delivery,1772015868.162571,35955,4,1
2,Payment,1772015868.164058,12614,18,1
2,Payment,1772015868.165730,19330,21,1
1,NewOrder,1772015868.166090,14395,3,1
1,NewOrder,1772015868.166565,37796,20,1
2,Payment,1772015868.167125,18377,15,1
1,NewOrder,1772015868.167487,29899,6,1
2,Payment,1772015868.167893,11916,7,1
2,Payment,1772015868.168206,19179,10,1
3,OrderStatus,1772015868.168909,3866,17,1
2,Payment,1772015868.169772,6204,1,1
1,NewOrder,1772015868.170531,41026,2,1
2,Payment,1772015868.170560,16213,5,1
2,Payment,1772015868.170932,26575,11,1
1,NewOrder,1772015868.172457,13383,22,1
1,NewOrder,1772015868.172782,7637,17,1
2,Payment,1772015868.173008,15174,13,1
2,Payment,1772015868.173471,18765,23,1
2,Payment,1772015868.174738,24969,19,1
4,Delivery,1772015868.175982,23067,1,1
2,Payment,1772015868.176680,25497,18,1
2,Payment,1772015868.177127,27276,9,1
1,NewOrder,1772015868.179816,40993,7,1
2,Payment,1772015868.180425,23056,17,1
2,Payment,1772015868.180489,16981,3,1
4,Delivery,1772015868.180528,46540,8,1
2,Payment,1772015868.181301,11009,12,1
1,NewOrder,1772015868.181698,9834,14,1
1,NewOrder,1772015868.183383,25512,16,1
2,Payment,1772015868.185079,19666,21,1
1,NewOrder,1772015868.185512,15279,15,1
1,NewOrder,1772015868.185849,39823,22,1
1,NewOrder,1772015868.186778,13484,5,1
1,NewOrder,1772015868.187394,11916,10,1
1,NewOrder,1772015868.188189,36824,13,1
2,Payment,1772015868.191538,18336,14,1
2,Payment,1772015868.192241,16967,23,1
2,Payment,1772015868.192318,23931,12,1
1,NewOrder,1772015868.197394,26879,6,1
2,Payment,1772015868.197477,7294,3,1
2,Payment,1772015868.197516,13646,11,1
5,StockLevel,1772015868.198549,17516,4,1
2,Payment,1772015868.199056,8274,1,1
2,Payment,1772015868.199323,15547,10,1
1,NewOrder,1772015868.199712,25735,19,1
1,NewOrder,1772015868.199740,33079,0,1
1,NewOrder,1772015868.200268,8952,5,1
2,Payment,1772015868.200800,23582,15,1
2,Payment,1772015868.202187,15698,18,1
2,Payment,1772015868.203487,29941,17,1
1,NewOrder,1772015868.204367,39602,20,1
3,OrderStatus,1772015868.204412,7609,9,1
2,Payment,1772015868.204754,26065,21,1
1,NewOrder,1772015868.204776,23687,3,1
1,NewOrder,1772015868.207336,18088,1,1
5,StockLevel,1772015868.208900,17673,16,1
1,NewOrder,1772015868.209217,38226,23,1
2,Payment,1772015868.209225,3439,5,1
2,Payment,1772015868.209879,26052,14,1
1,NewOrder,1772015868.211170,31884,11,1
5,StockLevel,1772015868.211561,29243,2,1
3,OrderStatus,1772015868.212029,7931,9,1
2,Payment,1772015868.212669,3901,5,1
4,Delivery,1772015868.214877,12510,10,1
3,OrderStatus,1772015868.216074,6002,4,1
2,Payment,1772015868.216257,25529,12,1
2,Payment,1772015868.216575,8380,5,1
1,NewOrder,1772015868.217892,17553,18,1
4,Delivery,1772015868.219969,7385,9,1
1,NewOrder,1772015868.220814,21425,7,1
1,NewOrder,1772015868.222085,6725,4,1
2,Payment,1772015868.224282,2463,6,1
2,Payment,1772015868.224387,19928,15,1
1,NewOrder,1772015868.224964,39873,5,1
1,NewOrder,1772015868.225021,13533,13,1
2,Payment,1772015868.225430,8158,1,1
1,NewOrder,1772015868.225452,9167,19,1
2,Payment,1772015868.225678,12008,22,1
2,Payment,1772015868.226579,22217,16,1
1,NewOrder,1772015868.226763,4655,6,1
2,Payment,1772015868.227077,1684,8,1
2,Payment,1772015868.227362,16944,9,1
2,Payment,1772015868.227397,5854,10,1
2,Payment,1772015868.228471,12119,3,1
2,Payment,1772015868.228765,13517,8,1
1,NewOrder,1772015868.228815,3003,4,1
2,Payment,1772015868.230829,12770,21,1
2,Payment,1772015868.231423,20869,6,1
2,Payment,1772015868.231824,16533,4,1
1,NewOrder,1772015868.232827,25128,0,1
1,NewOrder,1772015868.233258,20598,10,1
2,Payment,1772015868.233438,17986,17,1
2,Payment,1772015868.233592,20616,1,1
2,Payment,1772015868.234625,17840,19,1
2,Payment,1772015868.235455,22330,18,1
1,NewOrder,1772015868.235937,7996,14,1
1,NewOrder,1772015868.237696,17303,22,1
1,NewOrder,1772015868.238560,5634,13,1
1,NewOrder,1772015868.240598,28041,3,1
1,NewOrder,1772015868.240813,19035,2,1
2,Payment,1772015868.241793,12130,12,1
2,Payment,1772015868.242245,15083,7,1
2,Payment,1772015868.242287,22051,8,1
1,NewOrder,1772015868.243060,31467,11,1
1,NewOrder,1772015868.243609,21588,21,1
1,NewOrder,1772015868.243939,8847,14,1
2,Payment,1772015868.243974,21287,20,1
2,Payment,1772015868.244197,1220,13,1
1,NewOrder,1772015868.244311,21793,9,1
2,Payment,1772015868.244325,13385,15,1
1,NewOrder,1772015868.245421,8083,13,1
2,Payment,1772015868.247450,20518,23,1
2,Payment,1772015868.248364,10090,4,1
2,Payment,1772015868.248802,19697,16,1
1,NewOrder,1772015868.251432,9431,17,1
1,NewOrder,1772015868.252301,25649,6,1
2,Payment,1772015868.252476,24067,19,1
1,NewOrder,1772015868.252792,8987,14,1
1,NewOrder,1772015868.253509,11394,13,1
2,Payment,1772015868.253862,13551,10,1
1,NewOrder,1772015868.253930,9486,12,1
2,Payment,1772015868.254213,12744,1,1
1,NewOrder,1772015868.255004,10593,22,1
1,NewOrder,1772015868.257334,33900,7,1
2,Payment,1772015868.257717,17185,15,1
2,Payment,1772015868.257791,25266,18,1
4,Delivery,1772015868.257960,18113,0,1
2,Payment,1772015868.258461,14758,4,1
1,NewOrder,1772015868.259853,22203,2,1
2,Payment,1772015868.260870,18369,17,1
2,Payment,1772015868.261785,25870,14,1
1,NewOrder,1772015868.263423,33123,12,1
4,Delivery,1772015868.264345,14253,8,1
2,Payment,1772015868.264844,13875,5,1
2,Payment,1772015868.264908,26794,13,1
1,NewOrder,1772015868.265207,6022,21,1
1,NewOrder,1772015868.265266,6370,20,1
2,Payment,1772015868.265600,30916,22,1
2,Payment,1772015868.266110,8891,9,1
2,Payment,1772015868.266966,18238,1,1
2,Payment,1772015868.267419,11270,10,1
2,Payment,1772015868.267977,32912,23,1
2,Payment,1772015868.268504,30645,16,1
1,NewOrder,1772015868.268642,22999,3,1
1,NewOrder,1772015868.271233,3740,21,1
2,Payment,1772015868.271642,33782,20,1
3,OrderStatus,1772015868.273225,7183,4,1
1,NewOrder,1772015868.274531,39906,11,1
1,NewOrder,1772015868.274907,9966,15,1
1,NewOrder,1772015868.274981,11390,21,1
1,NewOrder,1772015868.275011,8675,9,1
1,NewOrder,1772015868.276083,32269,0,1
1,NewOrder,1772015868.276552,38231,19,1
1,NewOrder,1772015868.277958,26286,6,1
4,Delivery,1772015868.278619,39599,8,1
1,NewOrder,1772015868.278704,30134,10,1
1,NewOrder,1772015868.278729,30020,5,1
1,NewOrder,1772015868.279245,17224,17,1
2,Payment,1772015868.280425,7684,4,1
2,Payment,1772015868.282081,16280,2,1
1,NewOrder,1772015868.283063,18080,18,1
1,NewOrder,1772015868.283696,7962,9,1
1,NewOrder,1772015868.284880,6853,15,1
2,Payment,1772015868.285209,19678,1,1
2,Payment,1772015868.286380,29423,21,1
5,StockLevel,1772015868.287679,35740,14,1
5,StockLevel,1772015868.288119,27030,4,1
2,Payment,1772015868.291243,8586,7,1
4,Delivery,1772015868.291648,36043,3,1
1,NewOrder,1772015868.291665,42595,9,1
1,NewOrder,1772015868.291707,31154,13,1
1,NewOrder,1772015868.291742,13618,15,1
1,NewOrder,1772015868.296479,18332,17,1
2,Payment,1772015868.296521,24104,22,1
1,NewOrder,1772015868.296553,17275,12,1
2,Payment,1772015868.298365,16012,2,1
1,NewOrder,1772015868.299159,33042,16,1
1,NewOrder,1772015868.299835,33798,7,1
1,NewOrder,1772015868.300913,14386,23,1
1,NewOrder,1772015868.301156,17806,18,1
1,NewOrder,1772015868.304266,27573,6,1
2,Payment,1772015868.304898,13810,1,1
3,OrderStatus,1772015868.305385,12685,15,1
1,NewOrder,1772015868.305450,31356,20,1
2,Payment,1772015868.308366,17037,0,1
5,StockLevel,1772015868.308756,23852,5,1
1,NewOrder,1772015868.308859,32927,10,1
5,StockLevel,1772015868.313853,20015,12,1
1,NewOrder,1772015868.314388,35744,2,1
4,Delivery,1772015868.314448,4160,11,1
2,Payment,1772015868.314793,16370,19,1
1,NewOrder,1772015868.314818,19805,17,1
1,NewOrder,1772015868.315158,21968,4,1
1,NewOrder,1772015868.315306,19643,23,1
2,Payment,1772015868.315806,9088,21,1
5,StockLevel,1772015868.318080,29381,15,1
1,NewOrder,1772015868.318228,45699,8,1
2,Payment,1772015868.318616,15653,11,1
2,Payment,1772015868.318714,11794,1,1
1,NewOrder,1772015868.318967,46419,18,1
2,Payment,1772015868.320630,21652,22,1
1,NewOrder,1772015868.322867,14303,13,1
2,Payment,1772015868.323429,8392,14,1
2,Payment,1772015868.324899,25177,21,1
1,NewOrder,1772015868.325410,11777,0,1
5,StockLevel,1772015868.327696,7764,3,1
2,Payment,1772015868.330526,11723,1,1
1,NewOrder,1772015868.331172,40006,19,1
5,StockLevel,1772015868.331826,29437,14,1
2,Payment,1772015868.331849,10366,6,1
2,Payment,1772015868.332211,15294,16,1
1,NewOrder,1772015868.332612,32738,5,1
2,Payment,1772015868.333643,24042,7,1
1,NewOrder,1772015868.333878,14167,12,1
2,Payment,1772015868.334271,37529,9,1
2,Payment,1772015868.334279,16600,11,1
2,Payment,1772015868.334633,19979,17,1
3,OrderStatus,1772015868.334952,14829,23,1
1,NewOrder,1772015868.335466,7573,3,1
1,NewOrder,1772015868.336815,7584,20,1
1,NewOrder,1772015868.337132,36775,4,1
1,NewOrder,1772015868.337180,27769,13,1
2,Payment,1772015868.337193,13319,0,1
1,NewOrder,1772015868.341794,34088,10,1
2,Payment,1772015868.342236,22359,6,1
1,NewOrder,1772015868.342265,26409,1,1
1,NewOrder,1772015868.342293,39611,22,1
5,StockLevel,1772015868.343060,3545,3,1
1,NewOrder,1772015868.344403,5345,20,1
2,Payment,1772015868.346613,8941,3,1
3,OrderStatus,1772015868.347469,10188,15,1
1,NewOrder,1772015868.347510,25650,16,1
1,NewOrder,1772015868.348054,10220,12,1
1,NewOrder,1772015868.349764,8844,20,1
2,Payment,1772015868.349805,8155,23,1
5,StockLevel,1772015868.350086,15424,21,1
2,Payment,1772015868.350138,17672,2,1
1,NewOrder,1772015868.350522,36558,0,1
1,NewOrder,1772015868.350903,20859,11,1
2,Payment,1772015868.354630,8152,17,1
1,NewOrder,1772015868.355579,31341,3,1
1,NewOrder,1772015868.357679,17930,15,1
1,NewOrder,1772015868.357710,35703,7,1
1,NewOrder,1772015868.357964,40304,23,1
2,Payment,1772015868.358285,21244,12,1
1,NewOrder,1772015868.358623,9731,20,1
4,Delivery,1772015868.361285,29010,14,1
2,Payment,1772015868.362795,23784,17,1
2,Payment,1772015868.363939,15566,8,1
1,NewOrder,1772015868.364625,42647,6,1
3,OrderStatus,1772015868.364960,7238,13,1
2,Payment,1772015868.365361,8190,5,1
2,Payment,1772015868.365398,6431,18,1
1,NewOrder,1772015868.365527,15662,21,1
2,Payment,1772015868.367836,11726,2,1
2,Payment,1772015868.368359,9709,20,1
1,NewOrder,1772015868.368684,21706,1,1
1,NewOrder,1772015868.371201,18626,19,1
1,NewOrder,1772015868.371773,26953,11,1
2,Payment,1772015868.371811,15203,9,1
2,Payment,1772015868.371836,11135,18,1
1,NewOrder,1772015868.372207,26204,13,1
1,NewOrder,1772015868.373167,25620,16,1
1,NewOrder,1772015868.373561,39693,5,1
1,NewOrder,1772015868.373918,38387,4,1
3,OrderStatus,1772015868.375620,6637,15,1
2,Payment,1772015868.375891,20439,10,1
2,Payment,1772015868.378093,9531,20,1
1,NewOrder,1772015868.379530,39757,8,1
1,NewOrder,1772015868.379557,31342,12,1
2,Payment,1772015868.379586,7465,2,1
1,NewOrder,1772015868.381213,32461,21,1
2,Payment,1772015868.381911,9469,22,1
1,NewOrder,1772015868.382265,18180,15,1
3,OrderStatus,1772015868.382983,5635,18,1
1,NewOrder,1772015868.386589,20633,17,1
1,NewOrder,1772015868.386932,25311,3,1
1,NewOrder,1772015868.387025,25834,9,1
2,Payment,1772015868.387060,11706,2,1
5,StockLevel,1772015868.387085,25497,0,1
2,Payment,1772015868.387649,10734,20,1
2,Payment,1772015868.388624,12304,18,1
1,NewOrder,1772015868.389836,17478,19,1
1,NewOrder,1772015868.390299,16899,14,1
2,Payment,1772015868.390410,11259,1,1
2,Payment,1772015868.391405,13518,22,1
2,Payment,1772015868.393425,13817,7,1
4,Delivery,1772015868.396354,32179,10,1
2,Payment,1772015868.398285,14112,23,1
1,NewOrder,1772015868.398407,50245,20,1
2,Payment,1772015868.398437,10197,13,1
2,Payment,1772015868.398737,19311,11,1
2,Payment,1772015868.398787,8493,2,1
2,Payment,1772015868.398800,17177,16,1
1,NewOrder,1772015868.400448,26647,15,1
2,Payment,1772015868.400939,23036,18,1
2,Payment,1772015868.401676,10167,1,1
1,NewOrder,1772015868.404938,17256,22,1
1,NewOrder,1772015868.407213,38513,14,1
1,NewOrder,1772015868.407239,39217,17,1
4,Delivery,1772015868.407269,22758,7,1
1,NewOrder,1772015868.407296,42934,2,1
2,Payment,1772015868.407301,29101,6,1
2,Payment,1772015868.407338,11116,19,1
1,NewOrder,1772015868.408658,20401,13,1
1,NewOrder,1772015868.410908,31607,12,1
1,NewOrder,1772015868.411872,34477,1,1
2,Payment,1772015868.412258,18559,3,1
1,NewOrder,1772015868.412320,40721,4,1
5,StockLevel,1772015868.412409,34350,23,1
2,Payment,1772015868.412593,4095,0,1
2,Payment,1772015868.412879,33499,9,1
1,NewOrder,1772015868.413263,48084,5,1
4,Delivery,1772015868.413684,52990,21,1
1,NewOrder,1772015868.415986,20851,16,1
1,NewOrder,1772015868.416703,12386,0,1
1,NewOrder,1772015868.418059,49718,11,1
2,Payment,1772015868.418468,12622,19,1
5,StockLevel,1772015868.419295,9167,8,1
3,OrderStatus,1772015868.422200,7150,22,1
1,NewOrder,1772015868.423987,34416,18,1
1,NewOrder,1772015868.427120,33756,15,1
5,StockLevel,1772015868.428477,4784,8,1
4,Delivery,1772015868.428555,17844,10,1
3,OrderStatus,1772015868.429069,3129,13,1
2,Payment,1772015868.429093,11521,0,1
5,StockLevel,1772015868.429353,21652,22,1
2,Payment,1772015868.430036,23527,7,1
1,NewOrder,1772015868.430842,44658,3,1
1,NewOrder,1772015868.431111,41974,19,1
1,NewOrder,1772015868.432205,10714,13,1
5,StockLevel,1772015868.433265,3569,8,1
1,NewOrder,1772015868.436412,39117,6,1
1,NewOrder,1772015868.436844,9689,8,1
2,Payment,1772015868.436847,2217,16,1
1,NewOrder,1772015868.439080,15470,16,1
1,NewOrder,1772015868.440638,23098,0,1
2,Payment,1772015868.442524,8261,12,1
2,Payment,1772015868.442930,11276,13,1
1,NewOrder,1772015868.445733,17690,14,1
4,Delivery,1772015868.446365,21826,1,1
2,Payment,1772015868.446399,14863,9,1
1,NewOrder,1772015868.446414,24761,10,1
2,Payment,1772015868.446481,16131,17,1
2,Payment,1772015868.446545,21264,8,1
1,NewOrder,1772015868.446763,30613,23,1
2,Payment,1772015868.448662,4904,20,1
5,StockLevel,1772015868.450237,18561,2,1
1,NewOrder,1772015868.450803,27472,12,1
1,NewOrder,1772015868.451015,36272,22,1
1,NewOrder,1772015868.453046,23947,4,1
1,NewOrder,1772015868.453576,38159,7,1
1,NewOrder,1772015868.453578,11512,20,1
1,NewOrder,1772015868.454215,16628,13,1
2,Payment,1772015868.454553,12775,16,1
3,OrderStatus,1772015868.458413,9295,18,1
1,NewOrder,1772015868.460886,33357,15,1
2,Payment,1772015868.461273,14201,9,1
1,NewOrder,1772015868.461354,24992,5,1
2,Payment,1772015868.462622,17999,17,1
4,Delivery,1772015868.463428,17686,14,1
2,Payment,1772015868.463743,4422,0,1
3,OrderStatus,1772015868.465097,6053,20,1
2,Payment,1772015868.466683,8193,21,1
2,Payment,1772015868.467339,22746,16,1
1,NewOrder,1772015868.467718,28084,18,1
5,StockLevel,1772015868.467783,32823,11,1
1,NewOrder,1772015868.467814,28338,8,1
1,NewOrder,1772015868.468174,12970,0,1
1,NewOrder,1772015868.468195,15083,1,1
1,NewOrder,1772015868.468805,15000,2,1
2,Payment,1772015868.470849,28327,13,1
2,Payment,1772015868.471156,14663,20,1
4,Delivery,1772015868.471180,32544,10,1
1,NewOrder,1772015868.473092,21139,19,1
2,Payment,1772015868.474880,18973,21,1
3,OrderStatus,1772015868.475483,8000,9,1
2,Payment,1772015868.475508,7236,3,1
2,Payment,1772015868.475535,7291,6,1
2,Payment,1772015868.476998,10801,4,1
2,Payment,1772015868.477383,22908,23,1
2,Payment,1772015868.478283,26529,12,1
2,Payment,1772015868.480631,33552,17,1
1,NewOrder,1772015868.481121,10170,14,1
2,Payment,1772015868.481154,15630,0,1
5,StockLevel,1772015868.482750,13550,3,1
1,NewOrder,1772015868.482837,19431,6,1
1,NewOrder,1772015868.483284,14130,1,1
1,NewOrder,1772015868.483491,24797,9,1
4,Delivery,1772015868.483810,14792,2,1
1,NewOrder,1772015868.485843,33249,20,1
1,NewOrder,1772015868.486350,23048,5,1
1,NewOrder,1772015868.487298,19901,22,1
1,NewOrder,1772015868.487809,23169,4,1
2,Payment,1772015868.490094,29786,16,1
1,NewOrder,1772015868.491306,15213,14,1
2,Payment,1772015868.491753,7378,7,1
2,Payment,1772015868.493858,10611,21,1
2,Payment,1772015868.494256,13463,19,1
1,NewOrder,1772015868.494259,16763,15,1
2,Payment,1772015868.495813,14713,18,1
2,Payment,1772015868.496156,8735,8,1
2,Payment,1772015868.496306,16250,3,1
2,Payment,1772015868.496794,8054,0,1
2,Payment,1772015868.497423,19769,1,1
1,NewOrder,1772015868.498626,17281,2,1
1,NewOrder,1772015868.499138,26523,7,1
1,NewOrder,1772015868.499186,15535,13,1
2,Payment,1772015868.500306,12600,23,1
2,Payment,1772015868.500615,11392,11,1
2,Payment,1772015868.502277,17627,6,1
1,NewOrder,1772015868.503734,27227,10,1
2,Payment,1772015868.504494,15005,21,1
3,OrderStatus,1772015868.504828,11410,12,1
1,NewOrder,1772015868.504864,24650,0,1
2,Payment,1772015868.504927,19232,8,1
2,Payment,1772015868.506543,17688,14,1
1,NewOrder,1772015868.507210,22452,22,1
2,Payment,1772015868.507745,15880,19,1
2,Payment,1772015868.508298,21339,9,1
2,Payment,1772015868.509422,9731,5,1
1,NewOrder,1772015868.510532,4990,18,1
1,NewOrder,1772015868.510988,30003,4,1
2,Payment,1772015868.511026,18571,15,1
2,Payment,1772015868.512020,26865,11,1
3,OrderStatus,1772015868.512566,9097,3,1
1,NewOrder,1772015868.512916,18647,23,1
1,NewOrder,1772015868.514195,20232,17,1
3,OrderStatus,1772015868.514726,6946,13,1
4,Delivery,1772015868.515528,3247,18,1
1,NewOrder,1772015868.515918,13774,2,1
1,NewOrder,1772015868.516243,12877,12,1
2,Payment,1772015868.517203,6926,1,1
2,Payment,1772015868.518783,9815,18,1
2,Payment,1772015868.519098,21358,20,1
1,NewOrder,1772015868.519162,22152,5,1
5,StockLevel,1772015868.519502,16817,21,1
2,Payment,1772015868.519889,16010,16,1
2,Payment,1772015868.519915,25055,6,1
2,Payment,1772015868.521674,12150,3,1
2,Payment,1772015868.521682,21024,13,1
2,Payment,1772015868.523631,22439,19,1
1,NewOrder,1772015868.524147,19089,1,1
2,Payment,1772015868.524169,25969,8,1
2,Payment,1772015868.524241,19641,14,1
1,NewOrder,1772015868.525670,8786,7,1
3,OrderStatus,1772015868.528603,4526,18,1
1,NewOrder,1772015868.529124,8642,12,1
2,Payment,1772015868.529525,15861,0,1
1,NewOrder,1772015868.529604,22164,15,1
2,Payment,1772015868.529641,29680,9,1
2,Payment,1772015868.529668,22848,22,1
5,StockLevel,1772015868.529698,19282,2,1
1,NewOrder,1772015868.530966,8243,10,1
1,NewOrder,1772015868.531572,5797,23,1
1,NewOrder,1772015868.533135,22043,18,1
4,Delivery,1772015868.533834,29476,3,1
1,NewOrder,1772015868.534444,15235,17,1
2,Payment,1772015868.534466,30299,7,1
3,OrderStatus,1772015868.535907,7525,16,1
2,Payment,1772015868.536328,21806,21,1
2,Payment,1772015868.537376,26775,23,1
1,NewOrder,1772015868.537774,3833,12,1
2,Payment,1772015868.538891,30830,11,1
3,OrderStatus,1772015868.539216,1179,10,1
2,Payment,1772015868.540401,35922,10,1
2,Payment,1772015868.540461,32572,20,1
2,Payment,1772015868.540994,6933,4,1
2,Payment,1772015868.541323,15756,5,1
2,Payment,1772015868.541615,13304,12,1
2,Payment,1772015868.542715,22516,13,1
2,Payment,1772015868.543245,20578,1,1
2,Payment,1772015868.543436,5696,16,1
1,NewOrder,1772015868.543892,12178,14,1
2,Payment,1772015868.544975,44015,6,1
1,NewOrder,1772015868.545397,10967,0,1
1,NewOrder,1772015868.546075,14796,19,1
1,NewOrder,1772015868.547934,16246,4,1
1,NewOrder,1772015868.548988,10887,2,1
2,Payment,1772015868.549137,12120,16,1
1,NewOrder,1772015868.549689,27157,17,1
1,NewOrder,1772015868.550145,26674,8,1
1,NewOrder,1772015868.551774,8498,15,1
2,Payment,1772015868.552521,33558,22,1
2,Payment,1772015868.554929,20400,12,1
1,NewOrder,1772015868.555187,23564,18,1
2,Payment,1772015868.556077,28601,14,1
1,NewOrder,1772015868.556367,18927,0,1
2,Payment,1772015868.557086,12082,5,1
1,NewOrder,1772015868.558139,22288,21,1
1,NewOrder,1772015868.559328,26466,9,1
1,NewOrder,1772015868.559881,18432,2,1
1,NewOrder,1772015868.560280,36851,15,1
1,NewOrder,1772015868.560875,15470,19,1
2,Payment,1772015868.561263,30567,16,1
1,NewOrder,1772015868.563319,30736,3,1
2,Payment,1772015868.563833,11946,1,1
3,OrderStatus,1772015868.564156,7471,23,1
1,NewOrder,1772015868.564184,47724,4,1
1,NewOrder,1772015868.564771,14620,7,1
1,NewOrder,1772015868.565237,34379,13,1
4,Delivery,1772015868.569175,69228,5,1
2,Payment,1772015868.569731,22728,11,1
5,StockLevel,1772015868.571636,30995,23,1
1,NewOrder,1772015868.573058,29152,20,1
1,NewOrder,1772015868.575320,27636,0,1
1,NewOrder,1772015868.575354,46926,12,1
2,Payment,1772015868.575797,9889,1,1
2,Payment,1772015868.576330,20427,10,1
1,NewOrder,1772015868.576350,10084,19,1
4,Delivery,1772015868.576822,36692,8,1
4,Delivery,1772015868.576854,69414,17,1
4,Delivery,1772015868.578322,60039,2,1
4,Delivery,1772015868.578776,2352,18,1
2,Payment,1772015868.579401,21731,7,1
1,NewOrder,1772015868.580439,2737,21,1
1,NewOrder,1772015868.581134,4857,18,1
1,NewOrder,1772015868.583181,28627,21,1
1,NewOrder,1772015868.584687,37646,14,1
2,Payment,1772015868.585698,2727,1,1
2,Payment,1772015868.585819,21910,9,1
3,OrderStatus,1772015868.585997,2661,18,1
2,Payment,1772015868.586089,4250,22,1
1,NewOrder,1772015868.586438,11399,19,1
2,Payment,1772015868.588437,6929,1,1
1,NewOrder,1772015868.588681,15751,18,1
1,NewOrder,1772015868.589000,30206,6,1
2,Payment,1772015868.590361,4314,22,1
1,NewOrder,1772015868.591857,34193,16,1
2,Payment,1772015868.592469,21580,11,1
1,NewOrder,1772015868.594080,20398,3,1
2,Payment,1772015868.594700,5523,22,1
1,NewOrder,1772015868.595370,32966,1,1
1,NewOrder,1772015868.596768,25472,10,1
2,Payment,1772015868.597143,11503,15,1
5,StockLevel,1772015868.597842,12599,19,1
2,Payment,1772015868.599625,14884,13,1
2,Payment,1772015868.600232,11177,22,1
1,NewOrder,1772015868.601140,12848,7,1
3,OrderStatus,1772015868.602228,7916,20,1
1,NewOrder,1772015868.602648,22931,23,1
5,StockLevel,1772015868.602967,18844,0,1
2,Payment,1772015868.604441,10622,18,1
2,Payment,1772015868.607753,12761,9,1
1,NewOrder,1772015868.608656,20505,15,1
2,Payment,1772015868.610151,11327,20,1
5,StockLevel,1772015868.610451,8654,19,1
5,StockLevel,1772015868.611414,18705,22,1
1,NewOrder,1772015868.611821,33927,21,1
1,NewOrder,1772015868.611934,25243,4,1
2,Payment,1772015868.613520,12471,8,1
2,Payment,1772015868.614013,29253,7,1
2,Payment,1772015868.614075,21440,11,1
1,NewOrder,1772015868.614503,15964,3,1
1,NewOrder,1772015868.614534,18109,13,1
1,NewOrder,1772015868.615072,11000,18,1
3,OrderStatus,1772015868.619121,4157,19,1
2,Payment,1772015868.619231,31749,6,1
2,Payment,1772015868.620540,36413,9,1
2,Payment,1772015868.621483,5193,20,1
1,NewOrder,1772015868.621822,32981,0,1
2,Payment,1772015868.622256,39657,10,1
1,NewOrder,1772015868.622305,40075,12,1
2,Payment,1772015868.622358,12499,14,1
1,NewOrder,1772015868.623287,9682,19,1
1,NewOrder,1772015868.625590,32547,23,1
1,NewOrder,1772015868.625998,34197,8,1
5,StockLevel,1772015868.626056,22028,16,1
1,NewOrder,1772015868.626078,25726,18,1
1,NewOrder,1772015868.626701,39117,20,1
2,Payment,1772015868.628340,2979,1,1
2,Payment,1772015868.629168,14473,15,1
2,Payment,1772015868.630123,7475,22,1
2,Payment,1772015868.630474,4984,3,1
2,Payment,1772015868.631322,12390,1,1
1,NewOrder,1772015868.632660,4873,13,1
1,NewOrder,1772015868.632973,3605,19,1
2,Payment,1772015868.634881,15327,14,1
1,NewOrder,1772015868.635463,39273,3,1
1,NewOrder,1772015868.635522,13438,11,1
2,Payment,1772015868.636587,4242,19,1
1,NewOrder,1772015868.637187,17193,4,1
1,NewOrder,1772015868.637540,14583,13,1
1,NewOrder,1772015868.637608,17656,22,1
1,NewOrder,1772015868.638377,17647,2,1
1,NewOrder,1772015868.638428,15908,5,1
1,NewOrder,1772015868.640835,11317,19,1
2,Payment,1772015868.643276,23592,7,1
2,Payment,1772015868.643666,12854,15,1
1,NewOrder,1772015868.643723,22599,1,1
5,StockLevel,1772015868.645758,15244,21,1
2,Payment,1772015868.646283,16115,17,1
2,Payment,1772015868.648097,23391,16,1
2,Payment,1772015868.648983,22069,11,1
5,StockLevel,1772015868.650218,16941,14,1
2,Payment,1772015868.650990,25604,6,1
2,Payment,1772015868.651829,6638,18,1
1,NewOrder,1772015868.652130,17101,13,1
1,NewOrder,1772015868.652161,14050,19,1
1,NewOrder,1772015868.654348,14486,5,1
2,Payment,1772015868.654405,4618,4,1
2,Payment,1772015868.654840,8812,0,1
1,NewOrder,1772015868.655274,37121,22,1
1,NewOrder,1772015868.656030,11918,2,1
1,NewOrder,1772015868.656530,20490,15,1
2,Payment,1772015868.656977,26259,9,1
2,Payment,1772015868.658147,10348,23,1
2,Payment,1772015868.658477,5508,18,1
2,Payment,1772015868.659036,16318,4,1
2,Payment,1772015868.660204,31835,8,1
1,NewOrder,1772015868.661016,21635,21,1
2,Payment,1772015868.661921,36133,10,1
2,Payment,1772015868.662384,17569,12,1
1,NewOrder,1772015868.662408,24595,17,1
1,NewOrder,1772015868.663677,14123,0,1
1,NewOrder,1772015868.664018,24661,18,1
2,Payment,1772015868.665830,6611,20,1
1,NewOrder,1772015868.666226,15601,19,1
2,Payment,1772015868.666332,16924,1,1
1,NewOrder,1772015868.666878,34185,7,1
2,Payment,1772015868.667169,19309,14,1
2,Payment,1772015868.667953,21515,2,1
1,NewOrder,1772015868.668505,11902,23,1
4,Delivery,1772015868.668845,34077,5,1
1,NewOrder,1772015868.669236,13976,13,1
3,OrderStatus,1772015868.671058,9394,11,1
2,Payment,1772015868.671498,22530,16,1
2,Payment,1772015868.672451,4618,20,1
1,NewOrder,1772015868.674745,27336,3,1
2,Payment,1772015868.675363,19943,4,1
1,NewOrder,1772015868.676604,38635,6,1
1,NewOrder,1772015868.677041,29566,15,1
3,OrderStatus,1772015868.677112,9727,20,1
1,NewOrder,1772015868.677812,13134,0,1
3,OrderStatus,1772015868.679959,12807,12,1
1,NewOrder,1772015868.680412,20256,23,1
5,StockLevel,1772015868.680461,16647,11,1
1,NewOrder,1772015868.681836,10588,19,1
1,NewOrder,1772015868.682654,18383,21,1
2,Payment,1772015868.683221,18565,13,1
1,NewOrder,1772015868.683244,18853,9,1
2,Payment,1772015868.683265,17879,1,1
2,Payment,1772015868.686487,20945,14,1
2,Payment,1772015868.686849,18217,20,1
1,NewOrder,1772015868.687014,29335,17,1
1,NewOrder,1772015868.688705,13819,18,1
2,Payment,1772015868.689478,16836,2,1
2,Payment,1772015868.690952,20188,0,1
1,NewOrder,1772015868.692046,34174,8,1
1,NewOrder,1772015868.692406,21649,22,1
2,Payment,1772015868.692431,18293,19,1
3,OrderStatus,1772015868.692773,11649,12,1
2,Payment,1772015868.694039,20585,16,1
1,NewOrder,1772015868.695316,37485,4,1
5,StockLevel,1772015868.697113,12722,11,1
1,NewOrder,1772015868.698060,29014,10,1
1,NewOrder,1772015868.700678,58382,23,1
1,NewOrder,1772015868.701048,17684,21,1
2,Payment,1772015868.701069,6884,7,1
2,Payment,1772015868.701151,24995,1,1
2,Payment,1772015868.701797,27042,13,1
4,Delivery,1772015868.702091,2108,3,1
2,Payment,1772015868.702102,11305,9,1
1,NewOrder,1772015868.702532,29611,18,1
2,Payment,1772015868.702926,27525,5,1
1,NewOrder,1772015868.704207,40645,3,1
1,NewOrder,1772015868.704429,13792,12,1
1,NewOrder,1772015868.705086,24581,20,1
1,NewOrder,1772015868.706323,34466,2,1
1,NewOrder,1772015868.706614,40533,15,1
2,Payment,1772015868.707441,28653,14,1
2,Payment,1772015868.707958,18314,7,1
4,Delivery,1772015868.709842,47427,11,1
1,NewOrder,1772015868.710733,18026,19,1
5,StockLevel,1772015868.711148,15633,0,1
1,NewOrder,1772015868.713415,43885,9,1
2,Payment,1772015868.714060,14225,22,1
1,NewOrder,1772015868.714631,33994,16,1
2,Payment,1772015868.715243,15631,6,1
2,Payment,1772015868.716353,27184,17,1
1,NewOrder,1772015868.718228,18569,12,1
1,NewOrder,1772015868.718742,32429,21,1
1,NewOrder,1772015868.726158,34021,1,1
3,OrderStatus,1772015868.726224,6005,8,1
1,NewOrder,1772015868.726275,16652,7,1
1,NewOrder,1772015868.726793,39128,0,1
1,NewOrder,1772015868.727079,11723,10,1
1,NewOrder,1772015868.728292,27248,22,1
5,StockLevel,1772015868.728767,23627,19,1
1,NewOrder,1772015868.728849,42307,13,1
2,Payment,1772015868.729677,5066,20,1
1,NewOrder,1772015868.730459,17734,5,1
3,OrderStatus,1772015868.730883,5460,6,1
5,StockLevel,1772015868.732149,26398,18,1
2,Payment,1772015868.732235,4957,8,1
1,NewOrder,1772015868.732806,33593,4,1
1,NewOrder,1772015868.734752,11685,20,1
2,Payment,1772015868.736102,15686,14,1
2,Payment,1772015868.736347,5741,6,1
2,Payment,1772015868.736807,26302,12,1
1,NewOrder,1772015868.737197,15403,8,1
5,StockLevel,1772015868.738806,14384,10,1
1,NewOrder,1772015868.740795,22603,2,1
2,Payment,1772015868.742096,5081,6,1
2,Payment,1772015868.742937,8663,7,1
1,NewOrder,1772015868.743542,19435,17,1
5,StockLevel,1772015868.744857,16655,3,1
2,Payment,1772015868.746444,13077,20,1
5,StockLevel,1772015868.747158,14850,15,1
2,Payment,1772015868.747182,15373,6,1
1,NewOrder,1772015868.748202,14748,5,1
2,Payment,1772015868.748634,21454,16,1
2,Payment,1772015868.751180,14293,21,1
5,StockLevel,1772015868.751606,26232,7,1
1,NewOrder,1772015868.751798,36154,14,1
4,Delivery,1772015868.752405,36899,19,1
2,Payment,1772015868.752604,18142,8,1
1,NewOrder,1772015868.753194,6650,10,1
4,Delivery,1772015868.755548,35133,22,1
1,NewOrder,1772015868.757273,30992,11,1
2,Payment,1772015868.757309,18634,9,1
1,NewOrder,1772015868.758554,29356,18,1
1,NewOrder,1772015868.759070,29171,23,1
2,Payment,1772015868.759527,9359,20,1
1,NewOrder,1772015868.759848,35146,10,1
2,Payment,1772015868.760188,3884,1,1
1,NewOrder,1772015868.761516,16461,3,1
2,Payment,1772015868.762017,13212,15,1
2,Payment,1772015868.762563,19354,6,1
2,Payment,1772015868.762957,2901,5,1
2,Payment,1772015868.762982,17897,17,1
1,NewOrder,1772015868.763115,22285,12,1
2,Payment,1772015868.763408,7272,2,1
2,Payment,1772015868.764076,11908,1,1
2,Payment,1772015868.765479,7746,21,1
5,StockLevel,1772015868.765865,5525,5,1
2,Payment,1772015868.765926,16712,0,1
2,Payment,1772015868.766404,23762,4,1
1,NewOrder,1772015868.768895,22033,20,1
1,NewOrder,1772015868.770098,28323,16,1
1,NewOrder,1772015868.770687,17213,2,1
2,Payment,1772015868.770751,16355,8,1
1,NewOrder,1772015868.771161,19432,13,1
5,StockLevel,1772015868.771395,13291,5,1
5,StockLevel,1772015868.773230,15211,21,1
1,NewOrder,1772015868.775236,23215,15,1
2,Payment,1772015868.775949,14766,9,1
2,Payment,1772015868.775990,19722,1,1
1,NewOrder,1772015868.777842,18400,7,1
1,NewOrder,1772015868.777987,25874,3,1
1,NewOrder,1772015868.780886,30975,17,1
2,Payment,1772015868.781926,12408,6,1
2,Payment,1772015868.782649,32752,0,1
2,Payment,1772015868.784695,39959,5,1
2,Payment,1772015868.785424,7149,12,1
2,Payment,1772015868.787115,10791,8,1
2,Payment,1772015868.787905,17008,2,1
2,Payment,1772015868.787921,8204,18,1
1,NewOrder,1772015868.787957,16439,14,1
3,OrderStatus,1772015868.788251,11647,23,1
1,NewOrder,1772015868.788272,18132,11,1
1,NewOrder,1772015868.788445,13541,21,1
4,Delivery,1772015868.789313,32331,19,1
2,Payment,1772015868.790176,28309,4,1
2,Payment,1772015868.790615,11344,13,1
2,Payment,1772015868.790698,14172,22,1
1,NewOrder,1772015868.790739,17718,9,1
1,NewOrder,1772015868.790949,18139,20,1
2,Payment,1772015868.792582,15105,12,1
2,Payment,1772015868.794344,7301,6,1
4,Delivery,1772015868.795001,44582,10,1
4,Delivery,1772015868.795722,11030,1,1
2,Payment,1772015868.796151,15329,18,1
3,OrderStatus,1772015868.796256,9878,7,1
1,NewOrder,1772015868.797922,15201,8,1
2,Payment,1772015868.798426,18600,16,1
3,OrderStatus,1772015868.798462,6816,15,1
1,NewOrder,1772015868.799908,38347,23,1
2,Payment,1772015868.801669,3121,6,1
1,NewOrder,1772015868.801966,37154,13,1
2,Payment,1772015868.801992,20189,21,1
2,Payment,1772015868.803868,22926,3,1
1,NewOrder,1772015868.804406,23245,14,1
1,NewOrder,1772015868.804794,10190,6,1
2,Payment,1772015868.804879,25411,22,1
2,Payment,1772015868.804922,24636,2,1
4,Delivery,1772015868.805286,60104,15,1
2,Payment,1772015868.806143,6476,7,1
1,NewOrder,1772015868.806413,22480,11,1
2,Payment,1772015868.806762,28677,1,1
1,NewOrder,1772015868.807695,23509,12,1
1,NewOrder,1772015868.808467,9640,9,1
5,StockLevel,1772015868.809098,5703,20,1
2,Payment,1772015868.811490,24381,18,1
2,Payment,1772015868.811870,10234,17,1
4,Delivery,1772015868.812628,27331,7,1
1,NewOrder,1772015868.813127,26380,8,1
2,Payment,1772015868.814818,28089,20,1
1,NewOrder,1772015868.814989,8774,6,1
4,Delivery,1772015868.815406,7211,0,1
1,NewOrder,1772015868.817049,22485,16,1
1,NewOrder,1772015868.818115,6166,9,1
2,Payment,1772015868.818494,23247,4,1
3,OrderStatus,1772015868.821658,8891,19,1
2,Payment,1772015868.822114,7285,17,1
2,Payment,1772015868.822185,27415,21,1
1,NewOrder,1772015868.822624,18409,0,1
2,Payment,1772015868.823777,1779,6,1
4,Delivery,1772015868.824287,15495,9,1
2,Payment,1772015868.824660,26826,5,1
2,Payment,1772015868.825570,1681,6,1
1,NewOrder,1772015868.826798,34675,3,1
2,Payment,1772015868.827254,2636,6,1
2,Payment,1772015868.827659,8303,14,1
3,OrderStatus,1772015868.828903,6980,11,1
2,Payment,1772015868.829415,12809,17,1
1,NewOrder,1772015868.829565,24461,2,1
2,Payment,1772015868.829896,4034,6,1
5,StockLevel,1772015868.830295,16090,22,1
1,NewOrder,1772015868.830556,16953,19,1
2,Payment,1772015868.831217,19629,12,1
2,Payment,1772015868.833933,3858,6,1
1,NewOrder,1772015868.835447,28346,1,1
4,Delivery,1772015868.835879,16999,18,1
1,NewOrder,1772015868.835892,21617,11,1
1,NewOrder,1772015868.835989,36955,14,1
2,Payment,1772015868.837796,5498,6,1
2,Payment,1772015868.838265,18294,23,1
2,Payment,1772015868.839125,17960,13,1
5,StockLevel,1772015868.839518,12666,8,1
1,NewOrder,1772015868.839545,19897,16,1
2,Payment,1772015868.839593,15545,10,1
2,Payment,1772015868.839789,8541,9,1
1,NewOrder,1772015868.839967,18922,7,1
1,NewOrder,1772015868.841042,13527,0,1
1,NewOrder,1772015868.841752,26764,4,1
2,Payment,1772015868.842234,19983,17,1
2,Payment,1772015868.842912,19798,20,1
2,Payment,1772015868.843303,16571,6,1
1,NewOrder,1772015868.846395,22033,22,1
1,NewOrder,1772015868.847516,17491,19,1
2,Payment,1772015868.848337,16018,9,1
1,NewOrder,1772015868.849610,28565,21,1
2,Payment,1772015868.850853,17549,12,1
3,OrderStatus,1772015868.851497,7892,5,1
2,Payment,1772015868.852190,15650,8,1
2,Payment,1772015868.852883,16662,18,1
1,NewOrder,1772015868.854030,24178,2,1
2,Payment,1772015868.854574,5256,0,1
2,Payment,1772015868.855143,22969,10,1
2,Payment,1772015868.856569,17296,23,1
2,Payment,1772015868.857093,21157,13,1
2,Payment,1772015868.857518,23764,11,1
2,Payment,1772015868.858894,24143,7,1
1,NewOrder,1772015868.859400,19103,5,1
1,NewOrder,1772015868.859452,23524,16,1
1,NewOrder,1772015868.859835,28310,0,1
1,NewOrder,1772015868.859884,22766,6,1
2,Payment,1772015868.861476,6886,3,1
2,Payment,1772015868.862227,25494,17,1
1,NewOrder,1772015868.862720,17218,20,1
4,Delivery,1772015868.863802,14341,1,1
1,NewOrder,1772015868.864358,38939,9,1
5,StockLevel,1772015868.865012,12253,19,1
3,OrderStatus,1772015868.865398,4225,15,1
1,NewOrder,1772015868.867846,27320,8,1
2,Payment,1772015868.868369,11234,3,1
2,Payment,1772015868.868407,34324,12,1
2,Payment,1772015868.868435,16956,22,1
1,NewOrder,1772015868.868526,45569,4,1
2,Payment,1772015868.869554,18568,18,1
1,NewOrder,1772015868.869630,15723,15,1
2,Payment,1772015868.872953,22661,14,1
3,OrderStatus,1772015868.873875,2758,23,1
2,Payment,1772015868.876642,13909,23,1
1,NewOrder,1772015868.877279,29525,19,1
1,NewOrder,1772015868.878118,34695,10,1
1,NewOrder,1772015868.878147,27769,1,1
1,NewOrder,1772015868.878193,38976,21,1
2,Payment,1772015868.878217,11287,2,1
3,OrderStatus,1772015868.878256,15661,13,1
5,StockLevel,1772015868.878517,29616,5,1
1,NewOrder,1772015868.879631,32366,3,1
2,Payment,1772015868.879949,15585,20,1
2,Payment,1772015868.881290,3714,11,1
2,Payment,1772015868.882658,9365,6,1
2,Payment,1772015868.882983,28457,16,1
2,Payment,1772015868.883045,13635,7,1
1,NewOrder,1772015868.885011,18381,11,1
1,NewOrder,1772015868.885361,34833,15,1
1,NewOrder,1772015868.885402,26610,22,1
1,NewOrder,1772015868.887737,30586,17,1
2,Payment,1772015868.888140,11595,18,1
1,NewOrder,1772015868.888166,23895,0,1
1,NewOrder,1772015868.889514,24989,2,1
1,NewOrder,1772015868.890558,27047,23,1
1,NewOrder,1772015868.892048,35459,6,1
1,NewOrder,1772015868.893925,31676,13,1
1,NewOrder,1772015868.895181,20095,8,1
1,NewOrder,1772015868.895553,33066,20,1
2,Payment,1772015868.895634,21994,14,1
2,Payment,1772015868.896690,8523,7,1
2,Payment,1772015868.899741,4339,18,1
3,OrderStatus,1772015868.902753,8013,12,1
3,OrderStatus,1772015868.903304,7923,9,1
1,NewOrder,1772015868.903401,19045,11,1
1,NewOrder,1772015868.904085,24120,18,1
2,Payment,1772015868.905237,6797,7,1
2,Payment,1772015868.905923,9868,1,1
2,Payment,1772015868.906811,9248,19,1
2,Payment,1772015868.908142,11648,5,1
1,NewOrder,1772015868.910775,14331,12,1
3,OrderStatus,1772015868.911249,7415,9,1
2,Payment,1772015868.911461,13300,16,1
2,Payment,1772015868.912001,24941,3,1
2,Payment,1772015868.912022,11075,22,1
1,NewOrder,1772015868.912040,21447,7,1
2,Payment,1772015868.912067,15425,0,1
2,Payment,1772015868.912838,4809,10,1
2,Payment,1772015868.914105,25125,4,1
1,NewOrder,1772015868.914513,20961,2,1
2,Payment,1772015868.915287,6476,8,1
2,Payment,1772015868.915801,17562,1,1
2,Payment,1772015868.916065,13964,19,1
1,NewOrder,1772015868.917178,18711,21,1
2,Payment,1772015868.917630,25306,23,1
2,Payment,1772015868.917655,13193,14,1
2,Payment,1772015868.917660,10950,10,1
1,NewOrder,1772015868.918331,17580,17,1
2,Payment,1772015868.918682,16228,9,1
2,Payment,1772015868.919800,27505,5,1
2,Payment,1772015868.920200,13762,15,1
1,NewOrder,1772015868.921769,14168,8,1
5,StockLevel,1772015868.922454,10556,11,1
1,NewOrder,1772015868.923106,25564,22,1
1,NewOrder,1772015868.924767,14486,16,1
2,Payment,1772015868.925116,12937,12,1
1,NewOrder,1772015868.925611,19873,13,1
1,NewOrder,1772015868.927502,16070,0,1
2,Payment,1772015868.927512,11298,6,1
2,Payment,1772015868.928214,21361,18,1
1,NewOrder,1772015868.928619,22462,10,1
2,Payment,1772015868.928625,28833,20,1
1,NewOrder,1772015868.930038,28140,19,1
2,Payment,1772015868.930857,14315,14,1
1,NewOrder,1772015868.933031,18025,11,1
1,NewOrder,1772015868.933373,11789,1,1
2,Payment,1772015868.933490,12032,7,1
2,Payment,1772015868.933971,15262,15,1
2,Payment,1772015868.934913,17464,9,1
1,NewOrder,1772015868.935485,19518,2,1
2,Payment,1772015868.935900,30666,21,1
4,Delivery,1772015868.935921,26234,17,1
2,Payment,1772015868.935943,32923,8,1
3,OrderStatus,1772015868.936951,2893,3,1
2,Payment,1772015868.938063,18810,12,1
5,StockLevel,1772015868.938819,16436,6,1
2,Payment,1772015868.939247,11340,4,1
2,Payment,1772015868.939264,26300,16,1
1,NewOrder,1772015868.939853,13062,3,1
1,NewOrder,1772015868.942945,11685,23,1
2,Payment,1772015868.943598,22848,0,1
2,Payment,1772015868.945171,13396,1,1
2,Payment,1772015868.945182,27872,14,1
1,NewOrder,1772015868.945493,37329,13,1
2,Payment,1772015868.945527,30205,7,1
1,NewOrder,1772015868.947315,11206,5,1
2,Payment,1772015868.948694,24868,22,1
2,Payment,1772015868.949244,30096,15,1
1,NewOrder,1772015868.949580,30632,18,1
2,Payment,1772015868.950597,23416,4,1
1,NewOrder,1772015868.951061,23219,11,1
3,OrderStatus,1772015868.951090,11788,10,1
2,Payment,1772015868.952402,29815,9,1
1,NewOrder,1772015868.952919,25483,3,1
4,Delivery,1772015868.954633,18905,23,1
2,Payment,1772015868.955014,24323,2,1
1,NewOrder,1772015868.955261,16385,6,1
1,NewOrder,1772015868.956897,45399,12,1
2,Payment,1772015868.957468,20557,20,1
1,NewOrder,1772015868.958187,42582,19,1
4,Delivery,1772015868.958532,62199,5,1
2,Payment,1772015868.958576,24562,1,1
1,NewOrder,1772015868.962164,4988,17,1
1,NewOrder,1772015868.962886,43619,10,1
2,Payment,1772015868.965588,20391,16,1
1,NewOrder,1772015868.966455,20822,0,1
3,OrderStatus,1772015868.966577,13481,21,1
1,NewOrder,1772015868.967166,4159,17,1
2,Payment,1772015868.968877,22490,8,1
2,Payment,1772015868.971329,24178,17,1
1,NewOrder,1772015868.971661,26839,6,1
1,NewOrder,1772015868.973063,34837,14,1
1,NewOrder,1772015868.973560,9235,23,1
1,NewOrder,1772015868.973587,25909,22,1
1,NewOrder,1772015868.974038,24366,4,1
1,NewOrder,1772015868.974284,24242,11,1
1,NewOrder,1772015868.975740,20768,7,1
1,NewOrder,1772015868.978034,15622,20,1
2,Payment,1772015868.978407,9518,3,1
2,Payment,1772015868.979343,13780,2,1
2,Payment,1772015868.979350,12811,15,1
1,NewOrder,1772015868.980064,26023,21,1
1,NewOrder,1772015868.980221,30482,18,1
1,NewOrder,1772015868.982227,26452,9,1
1,NewOrder,1772015868.982798,10489,23,1
1,NewOrder,1772015868.982830,20118,13,1
2,Payment,1772015868.983146,15860,1,1
3,OrderStatus,1772015868.985985,8821,16,1
2,Payment,1772015868.987304,16876,0,1
2,Payment,1772015868.987932,20720,3,1
1,NewOrder,1772015868.991376,25247,8,1
2,Payment,1772015868.992186,12429,15,1
1,NewOrder,1772015868.993149,14843,2,1
2,Payment,1772015868.993311,5260,23,1
1,NewOrder,1772015868.993674,17452,20,1
3,OrderStatus,1772015868.994828,7117,16,1
2,Payment,1772015868.995532,12504,17,1
1,NewOrder,1772015868.996533,16412,7,1
1,NewOrder,1772015868.998425,33709,4,1
2,Payment,1772015868.998525,9413,6,1
2,Payment,1772015868.998538,19305,11,1
1,NewOrder,1772015868.998596,9334,23,1
2,Payment,1772015868.999011,17369,1,1
3,OrderStatus,1772015868.999500,5972,22,1
2,Payment,1772015869.000775,6687,19,1
1,NewOrder,1772015869.001954,24433,16,1
2,Payment,1772015869.002302,13942,12,1
1,NewOrder,1772015869.002961,25265,13,1
2,Payment,1772015869.004201,22209,0,1
2,Payment,1772015869.004627,20062,15,1
5,StockLevel,1772015869.005480,19637,22,1
5,StockLevel,1772015869.006100,12314,21,1
1,NewOrder,1772015869.006516,33584,10,1
5,StockLevel,1772015869.007473,11244,19,1
1,NewOrder,1772015869.007917,29473,14,1
2,Payment,1772015869.007939,7798,23,1
1,NewOrder,1772015869.007948,30830,6,1
1,NewOrder,1772015869.007997,39376,2,1
1,NewOrder,1772015869.008042,24121,17,1
1,NewOrder,1772015869.008658,25611,3,1
1,NewOrder,1772015869.008690,26754,9,1
1,NewOrder,1772015869.010713,15660,18,1
1,NewOrder,1772015869.011150,34119,20,1
2,Payment,1772015869.012952,12863,7,1
2,Payment,1772015869.015747,6851,23,1
2,Payment,1772015869.016254,15910,12,1
1,NewOrder,1772015869.016387,22805,1,1
1,NewOrder,1772015869.016633,21203,8,1
1,NewOrder,1772015869.017865,54141,11,1
2,Payment,1772015869.018439,7895,21,1
1,NewOrder,1772015869.018740,9205,19,1
1,NewOrder,1772015869.020764,20995,5,1
2,Payment,1772015869.022623,9681,23,1
2,Payment,1772015869.024705,15487,15,1
1,NewOrder,1772015869.025125,23858,22,1
1,NewOrder,1772015869.025823,20053,7,1
2,Payment,1772015869.026352,10032,21,1
1,NewOrder,1772015869.026398,14653,18,1
2,Payment,1772015869.026412,19456,16,1
2,Payment,1772015869.026425,5850,0,1
1,NewOrder,1772015869.027969,16488,19,1
1,NewOrder,1772015869.028235,23406,13,1
1,NewOrder,1772015869.032139,30593,4,1
2,Payment,1772015869.032175,22317,17,1
2,Payment,1772015869.032176,30966,12,1
1,NewOrder,1772015869.032286,32935,0,1
2,Payment,1772015869.032309,18291,23,1
2,Payment,1772015869.034278,5518,3,1
2,Payment,1772015869.035454,6334,9,1
4,Delivery,1772015869.036393,35651,21,1
2,Payment,1772015869.037406,29431,14,1
2,Payment,1772015869.037862,12610,8,1
1,NewOrder,1772015869.038784,12279,6,1
4,Delivery,1772015869.039201,10574,1,1
4,Delivery,1772015869.039805,10200,3,1
1,NewOrder,1772015869.040107,11987,10,1
1,NewOrder,1772015869.040201,23370,15,1
2,Payment,1772015869.041056,18497,18,1
2,Payment,1772015869.041776,6730,5,1
1,NewOrder,1772015869.041797,30611,9,1
2,Payment,1772015869.044482,21852,19,1
1,NewOrder,1772015869.045284,27966,20,1
2,Payment,1772015869.045877,25434,16,1
1,NewOrder,1772015869.045887,35619,7,1
2,Payment,1772015869.047382,10744,2,1
2,Payment,1772015869.048530,17790,5,1
1,NewOrder,1772015869.048988,39053,22,1
3,OrderStatus,1772015869.049788,1646,1,1
1,NewOrder,1772015869.050013,5921,3,1
1,NewOrder,1772015869.050484,36432,8,1
1,NewOrder,1772015869.050610,30898,23,1
1,NewOrder,1772015869.051073,30468,6,1
2,Payment,1772015869.051439,17875,1,1
4,Delivery,1772015869.051647,9466,13,1
2,Payment,1772015869.052110,2801,10,1
2,Payment,1772015869.054505,23367,17,1
1,NewOrder,1772015869.054916,5727,10,1
2,Payment,1772015869.055939,16440,3,1
1,NewOrder,1772015869.058137,29856,2,1
2,Payment,1772015869.059562,12380,18,1
1,NewOrder,1772015869.060658,8236,10,1
2,Payment,1772015869.061119,26501,13,1
2,Payment,1772015869.062748,19424,4,1
1,NewOrder,1772015869.063152,31818,12,1
1,NewOrder,1772015869.063581,30362,15,1
1,NewOrder,1772015869.065230,23624,0,1
2,Payment,1772015869.066325,29293,5,1
1,NewOrder,1772015869.066343,17559,19,1
1,NewOrder,1772015869.066850,30163,14,1
2,Payment,1772015869.068903,3408,10,1
2,Payment,1772015869.069324,18043,1,1
1,NewOrder,1772015869.071316,21269,16,1
1,NewOrder,1772015869.071949,20948,18,1
1,NewOrder,1772015869.072012,51302,11,1
1,NewOrder,1772015869.072055,28383,21,1
1,NewOrder,1772015869.072317,13650,10,1
1,NewOrder,1772015869.072400,14901,3,1
1,NewOrder,1772015869.072413,30249,9,1
1,NewOrder,1772015869.073274,18543,20,1
1,NewOrder,1772015869.077896,31979,17,1
5,StockLevel,1772015869.081521,18480,7,1
1,NewOrder,1772015869.081533,17409,23,1
1,NewOrder,1772015869.081565,18110,6,1
1,NewOrder,1772015869.082196,24026,4,1
2,Payment,1772015869.083926,8378,19,1
2,Payment,1772015869.085976,6196,10,1
4,Delivery,1772015869.086927,31080,8,1
2,Payment,1772015869.087318,21716,3,1
2,Payment,1772015869.087373,15394,1,1
1,NewOrder,1772015869.087625,36424,13,1
1,NewOrder,1772015869.088008,14683,2,1
1,NewOrder,1772015869.088066,31717,22,1
2,Payment,1772015869.088864,26449,0,1
1,NewOrder,1772015869.091822,13890,20,1
1,NewOrder,1772015869.092176,35032,10,1
1,NewOrder,1772015869.092314,33589,19,1
2,Payment,1772015869.092602,9571,16,1
1,NewOrder,1772015869.092930,22816,18,1
2,Payment,1772015869.093947,19914,15,1
2,Payment,1772015869.094980,24317,12,1
2,Payment,1772015869.095627,26464,5,1
2,Payment,1772015869.097023,27800,14,1
4,Delivery,1772015869.098967,46856,23,1
2,Payment,1772015869.099700,3512,6,1
1,NewOrder,1772015869.100011,8087,7,1
1,NewOrder,1772015869.100448,8073,21,1
1,NewOrder,1772015869.102188,31032,16,1
2,Payment,1772015869.102677,7667,9,1
2,Payment,1772015869.102711,27285,2,1
1,NewOrder,1772015869.102791,22664,1,1
2,Payment,1772015869.103220,4205,6,1
2,Payment,1772015869.105728,7569,20,1
5,StockLevel,1772015869.106228,20820,4,1
2,Payment,1772015869.107449,6370,6,1
2,Payment,1772015869.108122,8079,7,1
4,Delivery,1772015869.108546,37730,21,1
4,Delivery,1772015869.109043,20917,3,1
2,Payment,1772015869.109900,24080,17,1
5,StockLevel,1772015869.110369,12285,9,1
1,NewOrder,1772015869.113321,17311,20,1
1,NewOrder,1772015869.113843,21866,6,1
1,NewOrder,1772015869.113886,39281,15,1
1,NewOrder,1772015869.115331,27381,0,1
5,StockLevel,1772015869.115757,20544,18,1
3,OrderStatus,1772015869.116214,2889,7,1
2,Payment,1772015869.118032,7060,8,1
2,Payment,1772015869.119119,10839,7,1
5,StockLevel,1772015869.119316,25138,12,1
2,Payment,1772015869.119807,6925,22,1
1,NewOrder,1772015869.122115,14334,5,1
2,Payment,1772015869.122676,16435,9,1
1,NewOrder,1772015869.123323,17274,11,1
2,Payment,1772015869.124070,19084,13,1
1,NewOrder,1772015869.124845,33928,14,1
1,NewOrder,1772015869.125102,27766,8,1
2,Payment,1772015869.125467,11621,1,1
2,Payment,1772015869.125912,10208,19,1
3,OrderStatus,1772015869.126742,10801,22,1
1,NewOrder,1772015869.127053,9997,4,1
4,Delivery,1772015869.127214,41269,10,1
1,NewOrder,1772015869.129985,20801,7,1
2,Payment,1772015869.129989,12277,3,1
4,Delivery,1772015869.130023,29650,2,1
4,Delivery,1772015869.130653,15572,20,1
1,NewOrder,1772015869.133226,15052,16,1
2,Payment,1772015869.133989,16250,17,1
1,NewOrder,1772015869.135733,30087,6,1
2,Payment,1772015869.136130,8359,19,1
1,NewOrder,1772015869.136306,17649,18,1
3,OrderStatus,1772015869.136457,9619,5,1
1,NewOrder,1772015869.137092,25005,4,1
1,NewOrder,1772015869.137100,18005,1,1
2,Payment,1772015869.137550,15803,22,1
2,Payment,1772015869.139136,8723,9,1
1,NewOrder,1772015869.140604,15032,11,1
2,Payment,1772015869.142276,7280,3,1
1,NewOrder,1772015869.142721,47681,0,1
2,Payment,1772015869.143160,16086,13,1
2,Payment,1772015869.144471,28390,12,1
1,NewOrder,1772015869.144504,14252,19,1
2,Payment,1772015869.145847,13290,23,1
2,Payment,1772015869.146081,11846,5,1
1,NewOrder,1772015869.146231,21501,20,1
2,Payment,1772015869.146281,22964,21,1
2,Payment,1772015869.147868,5329,9,1
1,NewOrder,1772015869.148288,18310,16,1
1,NewOrder,1772015869.149567,46247,3,1
1,NewOrder,1772015869.150250,41187,17,1
2,Payment,1772015869.150809,11979,7,1
2,Payment,1772015869.152877,20596,8,1
1,NewOrder,1772015869.153177,15677,15,1
1,NewOrder,1772015869.153207,16000,9,1
1,NewOrder,1772015869.153359,47903,22,1
1,NewOrder,1772015869.153965,16011,18,1
1,NewOrder,1772015869.155116,45442,1,1
2,Payment,1772015869.155645,22284,11,1
1,NewOrder,1772015869.157937,43719,5,1
2,Payment,1772015869.158780,14627,19,1
1,NewOrder,1772015869.158789,46368,14,1
5,StockLevel,1772015869.159144,22591,23,1
5,StockLevel,1772015869.159252,31052,13,1
2,Payment,1772015869.159684,4613,2,1
2,Payment,1772015869.162108,7927,4,1
1,NewOrder,1772015869.162794,30802,7,1
2,Payment,1772015869.164324,9177,2,1
1,NewOrder,1772015869.165829,5705,6,1
1,NewOrder,1772015869.166622,27669,16,1
4,Delivery,1772015869.167736,33498,20,1
2,Payment,1772015869.168500,13617,10,1
2,Payment,1772015869.168863,12695,15,1
1,NewOrder,1772015869.169232,32051,9,1
5,StockLevel,1772015869.169271,8533,21,1
3,OrderStatus,1772015869.169981,3018,18,1
1,NewOrder,1772015869.170044,29479,4,1
2,Payment,1772015869.171551,13136,6,1
1,NewOrder,1772015869.172885,26595,12,1
2,Payment,1772015869.173024,3038,18,1
2,Payment,1772015869.173413,6901,19,1
1,NewOrder,1772015869.173483,26021,8,1
4,Delivery,1772015869.173517,11978,2,1
2,Payment,1772015869.176068,6681,18,1
1,NewOrder,1772015869.177814,31713,21,1
2,Payment,1772015869.177935,12932,11,1
2,Payment,1772015869.180338,8043,19,1
1,NewOrder,1772015869.181569,29456,15,1
2,Payment,1772015869.181742,13282,23,1
1,NewOrder,1772015869.182132,21077,10,1
2,Payment,1772015869.182753,15469,18,1
5,StockLevel,1772015869.184704,10128,6,1
4,Delivery,1772015869.185520,18359,2,1
1,NewOrder,1772015869.188406,34476,19,1
5,StockLevel,1772015869.190328,17299,13,1
4,Delivery,1772015869.190427,13894,0,1
2,Payment,1772015869.190877,6777,11,1
3,OrderStatus,1772015869.191449,7903,17,1
2,Payment,1772015869.193620,10744,7,1
4,Delivery,1772015869.194300,42258,16,1
2,Payment,1772015869.194836,13804,6,1
2,Payment,1772015869.195045,9337,23,1
3,OrderStatus,1772015869.195838,6276,3,1
1,NewOrder,1772015869.197666,34223,11,1
4,Delivery,1772015869.198232,3463,18,1
2,Payment,1772015869.199362,8315,17,1
2,Payment,1772015869.199490,13483,12,1
1,NewOrder,1772015869.199515,28208,8,1
1,NewOrder,1772015869.199529,28175,4,1
1,NewOrder,1772015869.200567,21620,1,1
1,NewOrder,1772015869.201247,29331,20,1
1,NewOrder,1772015869.201284,19337,22,1
2,Payment,1772015869.201309,12803,9,1
1,NewOrder,1772015869.201681,30791,5,1
2,Payment,1772015869.201703,6382,18,1
2,Payment,1772015869.202119,5936,3,1
2,Payment,1772015869.203214,16765,10,1
2,Payment,1772015869.203914,18922,2,1
1,NewOrder,1772015869.204326,57071,0,1
4,Delivery,1772015869.204373,33178,7,1
2,Payment,1772015869.204392,13916,23,1
1,NewOrder,1772015869.205166,32904,14,1
2,Payment,1772015869.207633,17551,13,1
2,Payment,1772015869.207686,10897,17,1
3,OrderStatus,1772015869.208059,7241,3,1
1,NewOrder,1772015869.208091,30064,18,1
1,NewOrder,1772015869.208650,19541,6,1
1,NewOrder,1772015869.209538,21966,21,1
1,NewOrder,1772015869.211035,24888,15,1
2,Payment,1772015869.212982,22405,12,1
2,Payment,1772015869.214121,11610,9,1
4,Delivery,1772015869.215308,42331,3,1
1,NewOrder,1772015869.218318,48116,23,1
1,NewOrder,1772015869.218592,17308,17,1
1,NewOrder,1772015869.220002,20406,10,1
2,Payment,1772015869.220635,6685,22,1
1,NewOrder,1772015869.222211,27748,1,1
2,Payment,1772015869.222859,11210,2,1
2,Payment,1772015869.222906,17026,19,1
1,NewOrder,1772015869.225209,21179,13,1
2,Payment,1772015869.225740,11408,9,1
2,Payment,1772015869.227329,19901,22,1
1,NewOrder,1772015869.227722,12712,4,1
1,NewOrder,1772015869.227745,30295,8,1
2,Payment,1772015869.228200,29863,6,1
2,Payment,1772015869.230600,25706,20,1
1,NewOrder,1772015869.231514,11101,21,1
1,NewOrder,1772015869.231898,35023,11,1
2,Payment,1772015869.232487,7991,5,1
2,Payment,1772015869.234087,16915,2,1
1,NewOrder,1772015869.235397,44589,12,1
1,NewOrder,1772015869.235905,80857,17,1
1,NewOrder,1772015869.235932,12482,15,1
2,Payment,1772015869.236569,9323,16,1
1,NewOrder,1772015869.237159,59570,9,1
5,StockLevel,1772015869.237560,4756,7,1
2,Payment,1772015869.238081,17759,14,1
1,NewOrder,1772015869.238164,45387,18,1
1,NewOrder,1772015869.239957,44123,19,1
1,NewOrder,1772015869.240422,42695,10,1
1,NewOrder,1772015869.240438,32220,4,1
1,NewOrder,1772015869.240482,44233,5,1
1,NewOrder,1772015869.242341,3915,7,1
1,NewOrder,1772015869.242626,6359,21,1
1,NewOrder,1772015869.245903,43856,16,1
1,NewOrder,1772015869.246262,5939,7,1
2,Payment,1772015869.246396,11680,13,1
1,NewOrder,1772015869.247240,26122,22,1
2,Payment,1772015869.248423,13411,15,1
1,NewOrder,1772015869.248995,7722,21,1
2,Payment,1772015869.249970,11936,1,1
1,NewOrder,1772015869.251007,32040,2,1
2,Payment,1772015869.252208,9715,7,1
2,Payment,1772015869.255856,10969,14,1
2,Payment,1772015869.256331,7991,20,1
1,NewOrder,1772015869.256742,40794,21,1
2,Payment,1772015869.257655,9111,3,1
2,Payment,1772015869.258050,9197,8,1
1,NewOrder,1772015869.258073,15616,6,1
5,StockLevel,1772015869.258082,10016,13,1
4,Delivery,1772015869.261404,12249,0,1
2,Payment,1772015869.261844,17744,15,1
4,Delivery,1772015869.261916,11243,1,1
3,OrderStatus,1772015869.261932,3355,7,1
1,NewOrder,1772015869.264331,24294,20,1
1,NewOrder,1772015869.265294,11275,7,1
1,NewOrder,1772015869.266468,31124,23,1
2,Payment,1772015869.266777,15722,3,1
2,Payment,1772015869.266830,22920,14,1
1,NewOrder,1772015869.266931,29914,11,1
2,Payment,1772015869.267257,14422,8,1
1,NewOrder,1772015869.268104,7749,13,1
1,NewOrder,1772015869.272668,24898,4,1
2,Payment,1772015869.273168,15008,1,1
1,NewOrder,1772015869.273371,17272,22,1
1,NewOrder,1772015869.273660,23213,0,1
1,NewOrder,1772015869.273699,10506,6,1
4,Delivery,1772015869.275864,19152,13,1
2,Payment,1772015869.276574,8719,7,1
2,Payment,1772015869.279605,21060,15,1
1,NewOrder,1772015869.279991,33039,12,1
1,NewOrder,1772015869.281704,47171,8,1
2,Payment,1772015869.282509,17691,3,1
2,Payment,1772015869.283057,25377,2,1
1,NewOrder,1772015869.283126,13611,10,1
2,Payment,1772015869.283566,7150,18,1
2,Payment,1772015869.284090,12734,19,1
2,Payment,1772015869.284215,4387,6,1
1,NewOrder,1772015869.284727,28328,5,1
3,OrderStatus,1772015869.285297,3468,7,1
2,Payment,1772015869.288187,29719,1,1
3,OrderStatus,1772015869.288613,15568,6,1
3,OrderStatus,1772015869.288631,5902,20,1
1,NewOrder,1772015869.288780,8696,7,1
1,NewOrder,1772015869.289754,25938,14,1
1,NewOrder,1772015869.289769,10866,16,1
2,Payment,1772015869.290652,15371,22,1
1,NewOrder,1772015869.290726,33381,18,1
1,NewOrder,1772015869.294541,12949,20,1
1,NewOrder,1772015869.295023,29056,13,1
1,NewOrder,1772015869.296733,32869,9,1
1,NewOrder,1772015869.296743,3947,10,1
2,Payment,1772015869.296833,16139,19,1
1,NewOrder,1772015869.296850,31838,11,1
1,NewOrder,1772015869.296882,13470,0,1
2,Payment,1772015869.297480,9075,7,1
2,Payment,1772015869.297540,26543,21,1
1,NewOrder,1772015869.297576,20291,4,1
2,Payment,1772015869.297597,21720,23,1
2,Payment,1772015869.300205,23103,3,1
1,NewOrder,1772015869.300640,6451,16,1
2,Payment,1772015869.300675,2217,15,1
2,Payment,1772015869.300695,8411,10,1
3,OrderStatus,1772015869.302899,2436,15,1
4,Delivery,1772015869.304186,19175,6,1
5,StockLevel,1772015869.305341,5765,15,1
1,NewOrder,1772015869.306032,22629,22,1
2,Payment,1772015869.306561,6591,7,1
2,Payment,1772015869.307099,2508,16,1
2,Payment,1772015869.307495,29567,20,1
2,Payment,1772015869.308445,20984,2,1
4,Delivery,1772015869.309113,14567,10,1
1,NewOrder,1772015869.309614,10094,16,1
2,Payment,1772015869.310357,26638,0,1
2,Payment,1772015869.311116,2062,15,1
1,NewOrder,1772015869.312980,16370,19,1
1,NewOrder,1772015869.313038,15669,12,1
2,Payment,1772015869.313065,37665,5,1
1,NewOrder,1772015869.313158,16910,7,1
2,Payment,1772015869.313184,2145,15,1
2,Payment,1772015869.315334,2118,15,1
1,NewOrder,1772015869.315696,18761,14,1
2,Payment,1772015869.316766,11972,17,1
2,Payment,1772015869.317455,4998,15,1
2,Payment,1772015869.317877,42494,4,1
1,NewOrder,1772015869.317917,14057,1,1
2,Payment,1772015869.319322,9372,23,1
1,NewOrder,1772015869.319713,20538,16,1
4,Delivery,1772015869.322463,25745,15,1
3,OrderStatus,1772015869.323317,6245,3,1
1,NewOrder,1772015869.323368,12551,6,1
2,Payment,1772015869.323686,6353,10,1
1,NewOrder,1772015869.324084,18223,13,1
2,Payment,1772015869.324090,30264,21,1
2,Payment,1772015869.324112,24655,18,1
3,OrderStatus,1772015869.328678,5316,22,1
5,StockLevel,1772015869.328695,15839,11,1
4,Delivery,1772015869.328704,37313,23,1
1,NewOrder,1772015869.328713,13998,12,1
2,Payment,1772015869.328742,11182,17,1
2,Payment,1772015869.328884,6221,8,1
5,StockLevel,1772015869.329353,14650,19,1
2,Payment,1772015869.329434,40792,2,1
1,NewOrder,1772015869.329568,14291,3,1
2,Payment,1772015869.329607,18164,9,1
1,NewOrder,1772015869.330046,35183,10,1
2,Payment,1772015869.330078,12900,7,1
3,OrderStatus,1772015869.331984,4736,1,1
2,Payment,1772015869.334000,23876,22,1
2,Payment,1772015869.334462,13557,14,1
1,NewOrder,1772015869.335120,18357,8,1
4,Delivery,1772015869.335925,5891,6,1
2,Payment,1772015869.336741,40623,1,1
2,Payment,1772015869.337005,46766,0,1
1,NewOrder,1772015869.337069,24773,20,1
1,NewOrder,1772015869.339934,40255,17,1
2,Payment,1772015869.340260,15720,16,1
1,NewOrder,1772015869.341821,6852,6,1
5,StockLevel,1772015869.342321,4563,13,1
1,NewOrder,1772015869.342716,37109,12,1
2,Payment,1772015869.342988,11885,7,1
2,Payment,1772015869.343872,46085,3,1
2,Payment,1772015869.344008,19844,19,1
1,NewOrder,1772015869.344540,12537,11,1
1,NewOrder,1772015869.346888,9888,13,1
1,NewOrder,1772015869.347780,9360,9,1
2,Payment,1772015869.348043,14250,14,1
3,OrderStatus,1772015869.348218,2288,15,1
2,Payment,1772015869.348687,14758,6,1
1,NewOrder,1772015869.348792,31367,18,1
1,NewOrder,1772015869.350520,6595,15,1
2,Payment,1772015869.350740,41334,5,1
4,Delivery,1772015869.353487,18726,8,1
1,NewOrder,1772015869.354364,8997,21,1
2,Payment,1772015869.354882,11869,7,1
2,Payment,1772015869.356004,14286,16,1
2,Payment,1772015869.356803,20431,13,1
1,NewOrder,1772015869.357082,20240,11,1
1,NewOrder,1772015869.357117,27019,15,1
2,Payment,1772015869.357147,13468,9,1
1,NewOrder,1772015869.357879,5982,22,1
3,OrderStatus,1772015869.360397,8168,4,1
2,Payment,1772015869.361847,8078,20,1
1,NewOrder,1772015869.362318,26889,14,1
2,Payment,1772015869.363370,9382,21,1
2,Payment,1772015869.363452,20678,6,1
1,NewOrder,1772015869.363861,16275,19,1
4,Delivery,1772015869.363872,2512,22,1
2,Payment,1772015869.365252,11610,10,1
2,Payment,1772015869.366037,14181,23,1
1,NewOrder,1772015869.366393,2856,22,1
2,Payment,1772015869.366757,23205,7,1
1,NewOrder,1772015869.368573,5218,4,1
5,StockLevel,1772015869.369268,18977,22,1
2,Payment,1772015869.369950,18019,20,1
1,NewOrder,1772015869.370251,3843,2,1
2,Payment,1772015869.370307,10704,16,1
2,Payment,1772015869.370639,21477,9,1
2,Payment,1772015869.372224,21880,8,1
1,NewOrder,1772015869.372761,13517,21,1
5,StockLevel,1772015869.373816,2891,4,1
1,NewOrder,1772015869.374110,7206,2,1
2,Payment,1772015869.376716,26009,4,1
1,NewOrder,1772015869.376872,13955,10,1
2,Payment,1772015869.377244,9066,13,1
2,Payment,1772015869.377332,27244,11,1
2,Payment,1772015869.377371,19753,1,1
3,OrderStatus,1772015869.379849,7305,12,1
2,Payment,1772015869.380144,21617,19,1
2,Payment,1772015869.380170,13331,18,1
2,Payment,1772015869.380198,11506,17,1
2,Payment,1772015869.380224,19710,23,1
1,NewOrder,1772015869.381023,3034,16,1
1,NewOrder,1772015869.381326,4556,2,1
1,NewOrder,1772015869.383781,39803,0,1
2,Payment,1772015869.384062,12083,16,1
1,NewOrder,1772015869.384138,15344,6,1
1,NewOrder,1772015869.384146,30518,15,1
1,NewOrder,1772015869.385893,4552,2,1
2,Payment,1772015869.386287,22878,21,1
1,NewOrder,1772015869.386321,20159,13,1
2,Payment,1772015869.387174,16149,12,1
2,Payment,1772015869.387981,28521,20,1
1,NewOrder,1772015869.388258,19584,22,1
2,Payment,1772015869.389232,18965,14,1
1,NewOrder,1772015869.389969,24672,3,1
2,Payment,1772015869.389987,21969,7,1
2,Payment,1772015869.390457,19289,2,1
2,Payment,1772015869.390852,28394,10,1
2,Payment,1772015869.391713,23945,17,1
3,OrderStatus,1772015869.392081,1758,5,1
2,Payment,1772015869.392126,5975,9,1
1,NewOrder,1772015869.393511,20663,18,1
5,StockLevel,1772015869.393844,5511,5,1
1,NewOrder,1772015869.394126,9160,8,1
2,Payment,1772015869.396169,27923,16,1
2,Payment,1772015869.397136,21576,1,1
4,Delivery,1772015869.398126,7541,9,1
2,Payment,1772015869.399366,28964,5,1
2,Payment,1772015869.399506,21816,6,1
1,NewOrder,1772015869.399944,16447,23,1
1,NewOrder,1772015869.401778,6443,19,1
1,NewOrder,1772015869.402733,24672,4,1
1,NewOrder,1772015869.403297,34021,8,1
2,Payment,1772015869.403333,26981,12,1
1,NewOrder,1772015869.404586,30619,11,1
2,Payment,1772015869.405683,21306,9,1
1,NewOrder,1772015869.406491,9464,13,1
1,NewOrder,1772015869.407855,4500,22,1
2,Payment,1772015869.408207,27628,14,1
1,NewOrder,1772015869.408227,4949,19,1
1,NewOrder,1772015869.409174,22559,21,1
2,Payment,1772015869.409771,23973,2,1
2,Payment,1772015869.411960,20540,7,1
1,NewOrder,1772015869.412375,26239,22,1
1,NewOrder,1772015869.413183,7092,19,1
1,NewOrder,1772015869.414195,21666,18,1
3,OrderStatus,1772015869.414665,7670,3,1
2,Payment,1772015869.414689,25495,15,1
5,StockLevel,1772015869.415683,3855,17,1
2,Payment,1772015869.415964,26130,13,1
2,Payment,1772015869.416410,2792,23,1
2,Payment,1772015869.416527,9012,20,1
2,Payment,1772015869.418739,17819,1,1
2,Payment,1772015869.419207,12050,23,1
2,Payment,1772015869.419256,18468,10,1
1,NewOrder,1772015869.419546,8422,17,1
1,NewOrder,1772015869.420299,7611,19,1
1,NewOrder,1772015869.421332,7883,6,1
2,Payment,1772015869.422345,19102,3,1
2,Payment,1772015869.423593,23659,0,1
1,NewOrder,1772015869.424098,16463,16,1
2,Payment,1772015869.425564,12349,20,1
2,Payment,1772015869.427012,15658,9,1
2,Payment,1772015869.427411,25138,4,1
2,Payment,1772015869.427920,11458,19,1
3,OrderStatus,1772015869.427992,1172,17,1
2,Payment,1772015869.428340,30679,5,1
1,NewOrder,1772015869.429170,6785,17,1
2,Payment,1772015869.429225,18508,6,1
1,NewOrder,1772015869.430338,5104,12,1
2,Payment,1772015869.431263,13508,23,1
1,NewOrder,1772015869.431751,15494,21,1
2,Payment,1772015869.432510,19654,7,1
2,Payment,1772015869.433750,27129,2,1
2,Payment,1772015869.435230,24673,11,1
2,Payment,1772015869.435456,10757,12,1
1,NewOrder,1772015869.435844,9245,14,1
1,NewOrder,1772015869.435871,15204,18,1
2,Payment,1772015869.435964,14557,17,1
2,Payment,1772015869.436569,30421,1,1
2,Payment,1772015869.437327,24443,8,1
2,Payment,1772015869.437733,38190,10,1
1,NewOrder,1772015869.437924,10520,20,1
1,NewOrder,1772015869.438627,5235,22,1
2,Payment,1772015869.439386,10183,19,1
2,Payment,1772015869.440194,15328,15,1
1,NewOrder,1772015869.440565,32466,16,1
1,NewOrder,1772015869.441457,21979,3,1
2,Payment,1772015869.442104,18885,13,1
2,Payment,1772015869.442681,29041,9,1
2,Payment,1772015869.443871,10712,22,1
1,NewOrder,1772015869.444795,3336,23,1
1,NewOrder,1772015869.445116,22918,14,1
2,Payment,1772015869.446223,20876,12,1
2,Payment,1772015869.447261,13263,21,1
2,Payment,1772015869.447276,24489,0,1
2,Payment,1772015869.447743,19193,6,1
1,NewOrder,1772015869.448136,5412,23,1
1,NewOrder,1772015869.448453,6506,20,1
2,Payment,1772015869.449594,16541,19,1
1,NewOrder,1772015869.450547,16762,17,1
5,StockLevel,1772015869.451084,4378,18,1
1,NewOrder,1772015869.452188,36445,7,1
5,StockLevel,1772015869.452562,20122,4,1
1,NewOrder,1772015869.453552,9532,23,1
2,Payment,1772015869.454620,15519,22,1
5,StockLevel,1772015869.454968,22672,20,1
5,StockLevel,1772015869.455468,4045,18,1
2,Payment,1772015869.455531,15666,15,1
2,Payment,1772015869.459033,18459,5,1
2,Payment,1772015869.459522,15969,18,1
4,Delivery,1772015869.459919,29753,11,1
1,NewOrder,1772015869.460533,30494,21,1
2,Payment,1772015869.460884,22627,2,1
1,NewOrder,1772015869.460993,7621,13,1
2,Payment,1772015869.461774,22981,8,1
1,NewOrder,1772015869.463109,9389,23,1
1,NewOrder,1772015869.463447,15440,3,1
1,NewOrder,1772015869.466145,32627,19,1
1,NewOrder,1772015869.466949,16186,6,1
1,NewOrder,1772015869.467023,18129,1,1
2,Payment,1772015869.467135,12615,12,1
1,NewOrder,1772015869.467319,10644,17,1
2,Payment,1772015869.468058,17846,14,1
1,NewOrder,1772015869.468631,13153,13,1
1,NewOrder,1772015869.470152,39466,22,1
2,Payment,1772015869.471206,20428,15,1
1,NewOrder,1772015869.471748,14028,9,1
1,NewOrder,1772015869.471772,23804,0,1
2,Payment,1772015869.472503,12662,23,1
1,NewOrder,1772015869.472691,9641,4,1
2,Payment,1772015869.473053,27598,16,1
2,Payment,1772015869.475499,15904,18,1
2,Payment,1772015869.475926,17244,10,1
1,NewOrder,1772015869.477502,25720,5,1
2,Payment,1772015869.477648,20631,20,1
2,Payment,1772015869.477976,28777,17,1
2,Payment,1772015869.478897,11322,3,1
1,NewOrder,1772015869.479755,37846,12,1
2,Payment,1772015869.481799,31305,13,1
1,NewOrder,1772015869.482373,7877,4,1
2,Payment,1772015869.483146,16235,6,1
1,NewOrder,1772015869.483521,22039,2,1
1,NewOrder,1772015869.484769,34339,8,1
2,Payment,1772015869.485171,6732,1,1
2,Payment,1772015869.485189,15918,23,1
1,NewOrder,1772015869.485806,5554,9,1
2,Payment,1772015869.485909,33930,14,1
2,Payment,1772015869.488642,18124,7,1
1,NewOrder,1772015869.489677,9240,11,1
2,Payment,1772015869.490227,3359,3,1
1,NewOrder,1772015869.490260,5844,4,1
1,NewOrder,1772015869.491037,23764,21,1
2,Payment,1772015869.491364,22357,9,1
4,Delivery,1772015869.491408,17612,18,1
1,NewOrder,1772015869.491637,9932,15,1
2,Payment,1772015869.491913,4229,1,1
1,NewOrder,1772015869.493182,30860,10,1
2,Payment,1772015869.493610,5291,3,1
1,NewOrder,1772015869.495589,24724,0,1
2,Payment,1772015869.496106,9488,4,1
2,Payment,1772015869.496152,5393,1,1
2,Payment,1772015869.498305,6352,20,1
1,NewOrder,1772015869.498796,11307,19,1
2,Payment,1772015869.498912,19480,3,1
1,NewOrder,1772015869.498927,18624,11,1
1,NewOrder,1772015869.499385,39557,6,1
2,Payment,1772015869.500663,27325,16,1
2,Payment,1772015869.501117,6880,23,1
5,StockLevel,1772015869.501556,10878,1,1
4,Delivery,1772015869.501593,18227,15,1
2,Payment,1772015869.503232,22689,5,1
1,NewOrder,1772015869.504681,12236,20,1
1,NewOrder,1772015869.505584,46126,2,1
2,Payment,1772015869.505609,31008,4,1
2,Payment,1772015869.506763,29489,17,1
1,NewOrder,1772015869.506776,39099,7,1
3,OrderStatus,1772015869.508012,3808,23,1
1,NewOrder,1772015869.509029,22080,18,1
1,NewOrder,1772015869.509629,29398,22,1
1,NewOrder,1772015869.510108,11335,19,1
4,Delivery,1772015869.511851,54687,23,1
1,NewOrder,1772015869.512441,14363,1,1
2,Payment,1772015869.513122,30570,13,1
1,NewOrder,1772015869.513730,33558,9,1
2,Payment,1772015869.514811,8332,21,1
1,NewOrder,1772015869.516943,10203,20,1
2,Payment,1772015869.517576,3350,11,1
2,Payment,1772015869.517626,31304,12,1
4,Delivery,1772015869.518397,46042,3,1
1,NewOrder,1772015869.519132,21021,8,1
1,NewOrder,1772015869.519825,12062,15,1
1,NewOrder,1772015869.519844,35737,14,1
1,NewOrder,1772015869.520322,19163,0,1
2,Payment,1772015869.520931,3468,11,1
1,NewOrder,1772015869.521452,5661,19,1
1,NewOrder,1772015869.523152,23371,21,1
1,NewOrder,1772015869.524047,29715,10,1
1,NewOrder,1772015869.524404,37910,11,1
1,NewOrder,1772015869.525924,37586,5,1
1,NewOrder,1772015869.526813,42700,1,1
2,Payment,1772015869.527119,1982,19,1
1,NewOrder,1772015869.527157,11294,20,1
5,StockLevel,1772015869.527996,27541,16,1
2,Payment,1772015869.529115,2350,19,1
1,NewOrder,1772015869.531133,38769,18,1
2,Payment,1772015869.531477,2684,19,1
4,Delivery,1772015869.531896,10265,15,1
2,Payment,1772015869.534167,2413,19,1
4,Delivery,1772015869.536275,7498,17,1
2,Payment,1772015869.536591,2410,19,1
4,Delivery,1772015869.536638,28034,4,1
2,Payment,1772015869.538461,5335,20,1
3,OrderStatus,1772015869.538948,5872,6,1
3,OrderStatus,1772015869.539006,2841,19,1
2,Payment,1772015869.539033,11042,22,1
1,NewOrder,1772015869.539494,22315,0,1
2,Payment,1772015869.540162,8051,8,1
1,NewOrder,1772015869.541862,12158,19,1
1,NewOrder,1772015869.542170,9839,15,1
1,NewOrder,1772015869.543696,30322,13,1
2,Payment,1772015869.543782,14099,17,1
1,NewOrder,1772015869.543807,29693,20,1
1,NewOrder,1772015869.544826,32092,6,1
1,NewOrder,1772015869.545885,31341,7,1
1,NewOrder,1772015869.546531,30363,21,1
1,NewOrder,1772015869.547298,17637,9,1
2,Payment,1772015869.548223,6269,8,1
2,Payment,1772015869.548940,14599,12,1
1,NewOrder,1772015869.550086,22936,22,1
1,NewOrder,1772015869.551720,15834,2,1
1,NewOrder,1772015869.552018,14870,15,1
2,Payment,1772015869.553773,9310,10,1
4,Delivery,1772015869.554041,13959,19,1
1,NewOrder,1772015869.554502,23430,8,1
1,NewOrder,1772015869.555547,21318,16,1
2,Payment,1772015869.555591,14285,14,1
1,NewOrder,1772015869.557890,18684,17,1
1,NewOrder,1772015869.561819,16463,0,1
1,NewOrder,1772015869.562324,39191,11,1
1,NewOrder,1772015869.563091,21651,10,1
1,NewOrder,1772015869.563521,16750,5,1
1,NewOrder,1772015869.563544,13664,12,1
2,Payment,1772015869.564447,6897,3,1
1,NewOrder,1772015869.564678,44431,4,1
2,Payment,1772015869.564945,5974,9,1
2,Payment,1772015869.566545,6891,23,1
3,OrderStatus,1772015869.566893,11592,15,1
2,Payment,1772015869.567559,9281,2,1
2,Payment,1772015869.568008,15997,19,1
3,OrderStatus,1772015869.569518,11210,1,1
1,NewOrder,1772015869.569883,34957,14,1
1,NewOrder,1772015869.569907,42362,18,1
1,NewOrder,1772015869.570927,23957,9,1
2,Payment,1772015869.571353,12066,3,1
2,Payment,1772015869.573027,21243,22,1
1,NewOrder,1772015869.573443,18364,23,1
2,Payment,1772015869.573504,23681,20,1
2,Payment,1772015869.574029,12405,13,1
4,Delivery,1772015869.576584,14046,17,1
1,NewOrder,1772015869.576845,18353,2,1
1,NewOrder,1772015869.576870,15898,16,1
3,OrderStatus,1772015869.576898,8298,21,1
4,Delivery,1772015869.576924,27020,6,1
1,NewOrder,1772015869.577211,9804,12,1
2,Payment,1772015869.577232,6891,7,1
2,Payment,1772015869.577940,16917,8,1
2,Payment,1772015869.578288,16535,0,1
2,Payment,1772015869.578494,16275,15,1
1,NewOrder,1772015869.580276,6714,5,1
5,StockLevel,1772015869.580734,18477,1,1
2,Payment,1772015869.583426,19188,3,1
1,NewOrder,1772015869.584012,29267,19,1
2,Payment,1772015869.584128,21167,7,1
2,Payment,1772015869.584748,23865,10,1
1,NewOrder,1772015869.585203,31930,21,1
1,NewOrder,1772015869.586439,21867,13,1
2,Payment,1772015869.586995,22590,5,1
4,Delivery,1772015869.587020,4230,12,1
2,Payment,1772015869.590653,6072,17,1
4,Delivery,1772015869.591267,3586,12,1
2,Payment,1772015869.591817,8539,23,1
1,NewOrder,1772015869.592777,15850,16,1
1,NewOrder,1772015869.594297,26714,22,1
1,NewOrder,1772015869.594775,24685,15,1
1,NewOrder,1772015869.594830,19534,0,1
1,NewOrder,1772015869.594863,14401,12,1
2,Payment,1772015869.594865,18877,8,1
5,StockLevel,1772015869.594899,21392,9,1
1,NewOrder,1772015869.595201,11953,2,1
2,Payment,1772015869.596750,1894,17,1
2,Payment,1772015869.597211,7149,20,1
1,NewOrder,1772015869.598650,14009,17,1
1,NewOrder,1772015869.599220,19703,1,1
2,Payment,1772015869.600366,9242,23,1
2,Payment,1772015869.601522,19595,11,1
2,Payment,1772015869.602626,12138,3,1
2,Payment,1772015869.603960,24188,6,1
2,Payment,1772015869.604376,9518,20,1
1,NewOrder,1772015869.604850,32257,14,1
1,NewOrder,1772015869.605313,25132,7,1
2,Payment,1772015869.607159,13818,2,1
2,Payment,1772015869.608313,6484,13,1
4,Delivery,1772015869.608628,27205,10,1
2,Payment,1772015869.608649,13515,16,1
2,Payment,1772015869.609122,18615,4,1
2,Payment,1772015869.609289,18375,12,1
1,NewOrder,1772015869.609608,12911,5,1
1,NewOrder,1772015869.609629,24684,23,1
1,NewOrder,1772015869.612279,10672,18,1
2,Payment,1772015869.612668,23194,17,1
2,Payment,1772015869.613303,7258,19,1
2,Payment,1772015869.613757,21647,8,1
5,StockLevel,1772015869.613905,16264,20,1
1,NewOrder,1772015869.614372,15720,0,1
1,NewOrder,1772015869.614789,21108,3,1
2,Payment,1772015869.614824,28750,13,1
2,Payment,1772015869.616306,26862,9,1
2,Payment,1772015869.617143,14777,21,1
2,Payment,1772015869.618933,14690,1,1
1,NewOrder,1772015869.619465,7453,15,1
2,Payment,1772015869.620586,15196,19,1
2,Payment,1772015869.621000,19754,2,1
2,Payment,1772015869.621035,17577,22,1
1,NewOrder,1772015869.621128,14687,11,1
2,Payment,1772015869.622189,27520,16,1
1,NewOrder,1772015869.622535,30595,5,1
1,NewOrder,1772015869.622964,7504,18,1
2,Payment,1772015869.626943,26806,15,1
1,NewOrder,1772015869.627700,21028,12,1
1,NewOrder,1772015869.627761,17390,4,1
2,Payment,1772015869.628156,31762,6,1
2,Payment,1772015869.630101,18221,0,1
2,Payment,1772015869.630177,11381,20,1
1,NewOrder,1772015869.630459,37991,7,1
3,OrderStatus,1772015869.630478,3265,18,1
1,NewOrder,1772015869.631926,6339,21,1
1,NewOrder,1772015869.633631,28178,1,1
1,NewOrder,1772015869.633751,15006,18,1
1,NewOrder,1772015869.634323,11435,23,1
2,Payment,1772015869.635429,17300,8,1
1,NewOrder,1772015869.635794,38168,19,1
1,NewOrder,1772015869.635840,38582,11,1
1,NewOrder,1772015869.635849,27635,10,1
1,NewOrder,1772015869.635895,27082,17,1
1,NewOrder,1772015869.635907,23990,3,1
2,Payment,1772015869.637118,20746,14,1
2,Payment,1772015869.638271,5582,21,1
1,NewOrder,1772015869.638618,9227,22,1
2,Payment,1772015869.640759,18662,2,1
2,Payment,1772015869.641569,4724,20,1
1,NewOrder,1772015869.643178,25145,9,1
2,Payment,1772015869.643601,17112,13,1
2,Payment,1772015869.643868,4927,21,1
3,OrderStatus,1772015869.645161,6793,4,1
1,NewOrder,1772015869.645778,16465,23,1
2,Payment,1772015869.646305,6751,20,1
5,StockLevel,1772015869.647850,11456,22,1
1,NewOrder,1772015869.648347,43399,0,1
1,NewOrder,1772015869.648746,43033,12,1
3,OrderStatus,1772015869.648781,6807,18,1
2,Payment,1772015869.648820,11112,21,1
2,Payment,1772015869.649733,14230,16,1
4,Delivery,1772015869.651979,24102,4,1
2,Payment,1772015869.652755,18778,8,1
1,NewOrder,1772015869.653063,26596,20,1
2,Payment,1772015869.653136,14798,5,1
2,Payment,1772015869.653774,14259,15,1
2,Payment,1772015869.655611,15332,18,1
2,Payment,1772015869.657881,18744,14,1
3,OrderStatus,1772015869.659315,6456,22,1
1,NewOrder,1772015869.659429,32989,2,1
2,Payment,1772015869.659922,16792,3,1
1,NewOrder,1772015869.659944,31367,6,1
2,Payment,1772015869.659957,17463,21,1
1,NewOrder,1772015869.660722,14758,13,1
2,Payment,1772015869.661822,20080,1,1
1,NewOrder,1772015869.662256,33071,23,1
1,NewOrder,1772015869.662984,34633,17,1
1,NewOrder,1772015869.663504,13622,10,1
2,Payment,1772015869.663980,16801,16,1
2,Payment,1772015869.665782,16462,22,1
1,NewOrder,1772015869.667953,29692,5,1
1,NewOrder,1772015869.668043,26083,15,1
1,NewOrder,1772015869.668333,11822,9,1
1,NewOrder,1772015869.668455,32971,7,1
2,Payment,1772015869.670949,19621,18,1
3,OrderStatus,1772015869.671556,10613,8,1
1,NewOrder,1772015869.673987,21088,19,1
2,Payment,1772015869.674433,2632,11,1
2,Payment,1772015869.675516,11074,13,1
2,Payment,1772015869.676091,10090,4,1
2,Payment,1772015869.676632,17523,14,1
2,Payment,1772015869.676729,16925,3,1
2,Payment,1772015869.677069,3128,11,1
1,NewOrder,1772015869.677134,8283,10,1
2,Payment,1772015869.677429,21516,21,1
2,Payment,1772015869.679683,31578,20,1
2,Payment,1772015869.680179,8305,9,1
2,Payment,1772015869.680209,3866,11,1
1,NewOrder,1772015869.680793,22831,16,1
1,NewOrder,1772015869.681917,46585,1,1
3,OrderStatus,1772015869.682178,8715,8,1
1,NewOrder,1772015869.682254,51016,22,1
1,NewOrder,1772015869.684099,15392,11,1
1,NewOrder,1772015869.685423,17327,10,1
2,Payment,1772015869.686190,13314,4,1
1,NewOrder,1772015869.686600,24208,13,1
1,NewOrder,1772015869.688510,24791,9,1
2,Payment,1772015869.690576,23838,18,1
2,Payment,1772015869.690915,9968,8,1
1,NewOrder,1772015869.691335,15137,6,1
2,Payment,1772015869.691765,19815,0,1
1,NewOrder,1772015869.691793,14590,12,1
1,NewOrder,1772015869.692443,13934,2,1
2,Payment,1772015869.693659,21029,3,1
2,Payment,1772015869.694140,11506,15,1
1,NewOrder,1772015869.694165,50506,14,1
2,Payment,1772015869.695084,23103,19,1
1,NewOrder,1772015869.695337,9413,23,1
1,NewOrder,1772015869.697644,47072,17,1
1,NewOrder,1772015869.697670,52209,5,1
4,Delivery,1772015869.698970,54083,21,1
1,NewOrder,1772015869.699501,31970,11,1
1,NewOrder,1772015869.699514,43696,4,1
1,NewOrder,1772015869.700888,44224,8,1
1,NewOrder,1772015869.701436,48840,7,1
2,Payment,1772015869.702769,4837,10,1
2,Payment,1772015869.703649,12528,16,1
1,NewOrder,1772015869.704774,3157,23,1
1,NewOrder,1772015869.705655,46260,15,1
1,NewOrder,1772015869.706392,5209,2,1
5,StockLevel,1772015869.706408,30404,12,1
1,NewOrder,1772015869.706482,33244,6,1
5,StockLevel,1772015869.707612,33150,10,1
1,NewOrder,1772015869.707936,6776,23,1
2,Payment,1772015869.710818,13019,13,1
1,NewOrder,1772015869.711266,22020,20,1
1,NewOrder,1772015869.711590,12197,0,1
2,Payment,1772015869.711607,6297,2,1
2,Payment,1772015869.713308,9888,9,1
1,NewOrder,1772015869.714423,18759,18,1
1,NewOrder,1772015869.714703,21626,3,1
2,Payment,1772015869.714722,6501,23,1
1,NewOrder,1772015869.716186,47815,16,1
1,NewOrder,1772015869.717913,15937,2,1
1,NewOrder,1772015869.718194,22110,19,1
2,Payment,1772015869.721230,2447,23,1
5,StockLevel,1772015869.723202,22840,9,1
1,NewOrder,1772015869.723690,12551,23,1
3,OrderStatus,1772015869.723811,6328,0,1
5,StockLevel,1772015869.723864,23388,13,1
2,Payment,1772015869.728525,11830,1,1
1,NewOrder,1772015869.730158,14069,0,1
1,NewOrder,1772015869.731479,30602,11,1
2,Payment,1772015869.733206,14325,18,1
2,Payment,1772015869.733286,6933,22,1
1,NewOrder,1772015869.733312,20143,20,1
1,NewOrder,1772015869.733855,21081,2,1
1,NewOrder,1772015869.736246,10865,23,1
2,Payment,1772015869.736338,8256,3,1
2,Payment,1772015869.736823,9660,12,1
4,Delivery,1772015869.739736,19776,6,1
1,NewOrder,1772015869.740224,16953,22,1
2,Payment,1772015869.740314,21925,19,1
1,NewOrder,1772015869.740365,16770,1,1
1,NewOrder,1772015869.740772,23833,10,1
1,NewOrder,1772015869.743220,29519,4,1
1,NewOrder,1772015869.744236,52063,0,1
2,Payment,1772015869.744604,5635,3,1
4,Delivery,1772015869.744683,14838,14,1
2,Payment,1772015869.744726,23630,17,1
1,NewOrder,1772015869.745132,10129,8,1
2,Payment,1772015869.746048,10708,9,1
1,NewOrder,1772015869.746489,44080,12,1
2,Payment,1772015869.747116,18635,23,1
5,StockLevel,1772015869.747263,26104,13,1
5,StockLevel,1772015869.747537,31038,18,1
2,Payment,1772015869.749885,9113,5,1
1,NewOrder,1772015869.750249,31961,3,1
1,NewOrder,1772015869.750286,41385,7,1
2,Payment,1772015869.751940,24217,15,1
1,NewOrder,1772015869.753068,28226,21,1
1,NewOrder,1772015869.753467,29049,20,1
1,NewOrder,1772015869.754943,4540,2,1
1,NewOrder,1772015869.755282,6796,8,1
5,StockLevel,1772015869.756788,20311,9,1
2,Payment,1772015869.757141,3407,1,1
2,Payment,1772015869.757192,11584,22,1
5,StockLevel,1772015869.759008,25086,5,1
3,OrderStatus,1772015869.759496,7824,2,1
2,Payment,1772015869.759537,8291,6,1
2,Payment,1772015869.759545,20566,14,1
1,NewOrder,1772015869.760554,11072,1,1
5,StockLevel,1772015869.762083,6587,8,1
2,Payment,1772015869.762088,13647,11,1
1,NewOrder,1772015869.762265,16193,19,1
3,OrderStatus,1772015869.764005,9467,16,1
2,Payment,1772015869.764629,19140,10,1
3,OrderStatus,1772015869.765760,4516,23,1
2,Payment,1772015869.767331,5020,2,1
1,NewOrder,1772015869.767838,36276,6,1
1,NewOrder,1772015869.768362,35263,17,1
1,NewOrder,1772015869.768677,10255,8,1
2,Payment,1772015869.768781,2486,22,1
1,NewOrder,1772015869.770286,21034,23,1
1,NewOrder,1772015869.771272,19354,22,1
2,Payment,1772015869.771636,4582,1,1
1,NewOrder,1772015869.772361,44457,2,1
1,NewOrder,1772015869.772748,25662,4,1
2,Payment,1772015869.773375,14984,13,1
1,NewOrder,1772015869.773481,40063,16,1
1,NewOrder,1772015869.775742,16319,11,1
2,Payment,1772015869.776167,20051,15,1
1,NewOrder,1772015869.776224,18232,1,1
1,NewOrder,1772015869.777106,50827,9,1
1,NewOrder,1772015869.778483,43181,19,1
1,NewOrder,1772015869.778584,29459,18,1
1,NewOrder,1772015869.778945,26601,8,1
3,OrderStatus,1772015869.780119,4770,14,1
1,NewOrder,1772015869.781299,19557,21,1
1,NewOrder,1772015869.782213,22155,3,1
1,NewOrder,1772015869.782542,25956,20,1
2,Payment,1772015869.783779,7908,10,1
1,NewOrder,1772015869.784103,24313,5,1
1,NewOrder,1772015869.784895,19141,14,1
3,OrderStatus,1772015869.788367,10083,13,1
1,NewOrder,1772015869.790579,14225,12,1
1,NewOrder,1772015869.790636,42388,22,1
2,Payment,1772015869.791338,10651,23,1
1,NewOrder,1772015869.791697,39560,7,1
1,NewOrder,1772015869.791712,28912,10,1
3,OrderStatus,1772015869.792069,5729,11,1
1,NewOrder,1772015869.794481,30482,1,1
1,NewOrder,1772015869.796231,27599,15,1
1,NewOrder,1772015869.796309,31649,0,1
5,StockLevel,1772015869.797821,10023,11,1
2,Payment,1772015869.798418,11819,4,1
2,Payment,1772015869.798461,14172,13,1
2,Payment,1772015869.800862,10880,21,1
4,Delivery,1772015869.801999,44250,23,1
2,Payment,1772015869.803634,13498,17,1
2,Payment,1772015869.804047,21295,14,1
1,NewOrder,1772015869.804125,28430,6,1
2,Payment,1772015869.804387,13958,3,1
2,Payment,1772015869.804809,23404,12,1
2,Payment,1772015869.805549,8521,8,1
1,NewOrder,1772015869.807854,17440,11,1
1,NewOrder,1772015869.808052,16530,18,1
4,Delivery,1772015869.808426,31232,5,1
1,NewOrder,1772015869.808507,16479,20,1
1,NewOrder,1772015869.810244,24657,4,1
1,NewOrder,1772015869.811748,20784,21,1
2,Payment,1772015869.812639,22802,13,1
1,NewOrder,1772015869.813556,22911,16,1
1,NewOrder,1772015869.814074,29215,8,1
1,NewOrder,1772015869.816834,26567,2,1
1,NewOrder,1772015869.817150,14538,17,1
2,Payment,1772015869.818354,9068,3,1
2,Payment,1772015869.820638,8393,10,1
1,NewOrder,1772015869.821689,32469,19,1
2,Payment,1772015869.823854,18863,15,1
2,Payment,1772015869.824589,3284,18,1
1,NewOrder,1772015869.824968,23688,1,1
2,Payment,1772015869.824995,6593,20,1
2,Payment,1772015869.825305,6922,11,1
2,Payment,1772015869.825352,27544,14,1
1,NewOrder,1772015869.827447,14683,3,1
2,Payment,1772015869.827880,8215,18,1
2,Payment,1772015869.827939,12710,9,1
1,NewOrder,1772015869.827962,42305,0,1
2,Payment,1772015869.828220,30922,12,1
2,Payment,1772015869.829060,19844,10,1
1,NewOrder,1772015869.831281,12368,7,1
1,NewOrder,1772015869.831604,15584,20,1
2,Payment,1772015869.831712,37386,17,1
1,NewOrder,1772015869.832232,19104,11,1
4,Delivery,1772015869.832538,14022,21,1
2,Payment,1772015869.832561,22944,6,1
2,Payment,1772015869.833029,10981,22,1
1,NewOrder,1772015869.834908,9191,4,1
2,Payment,1772015869.835456,29002,13,1
1,NewOrder,1772015869.836100,20072,18,1
2,Payment,1772015869.836479,37153,16,1
2,Payment,1772015869.839683,5507,5,1
1,NewOrder,1772015869.840658,12911,9,1
2,Payment,1772015869.842151,11984,3,1
3,OrderStatus,1772015869.842724,11670,15,1
1,NewOrder,1772015869.843299,20233,8,1
2,Payment,1772015869.843427,14634,2,1
2,Payment,1772015869.843662,17557,7,1
1,NewOrder,1772015869.844013,35377,22,1
1,NewOrder,1772015869.844105,16282,4,1
5,StockLevel,1772015869.845214,18398,5,1
2,Payment,1772015869.846258,1958,23,1
2,Payment,1772015869.846566,4333,21,1
4,Delivery,1772015869.847212,31472,20,1
2,Payment,1772015869.848222,5275,23,1
1,NewOrder,1772015869.848666,8979,1,1
1,NewOrder,1772015869.848929,19208,10,1
2,Payment,1772015869.850918,7097,21,1
1,NewOrder,1772015869.851346,22233,11,1
2,Payment,1772015869.852920,30341,14,1
1,NewOrder,1772015869.853505,11359,23,1
1,NewOrder,1772015869.853572,19534,9,1
2,Payment,1772015869.854147,8042,3,1
2,Payment,1772015869.854168,8927,19,1
1,NewOrder,1772015869.854402,18303,15,1
2,Payment,1772015869.855532,10528,6,1
4,Delivery,1772015869.856180,22833,18,1
2,Payment,1772015869.857659,20127,1,1
1,NewOrder,1772015869.858024,23445,21,1
2,Payment,1772015869.858070,9597,2,1
4,Delivery,1772015869.859157,10649,12,1
2,Payment,1772015869.860397,29919,4,1
1,NewOrder,1772015869.861224,17417,7,1
2,Payment,1772015869.862196,30800,3,1
2,Payment,1772015869.863105,5065,19,1
2,Payment,1772015869.863546,11434,8,1
1,NewOrder,1772015869.863636,34697,5,1
1,NewOrder,1772015869.864468,17487,13,1
1,NewOrder,1772015869.864869,12873,23,1
2,Payment,1772015869.866065,14896,6,1
1,NewOrder,1772015869.867673,15608,2,1
2,Payment,1772015869.868147,20530,10,1
2,Payment,1772015869.868180,8863,19,1
1,NewOrder,1772015869.869108,12337,17,1
2,Payment,1772015869.869819,20029,12,1
1,NewOrder,1772015869.870277,22118,0,1
1,NewOrder,1772015869.872739,21201,15,1
2,Payment,1772015869.873115,22926,9,1
2,Payment,1772015869.873602,27486,11,1
1,NewOrder,1772015869.873657,40716,16,1
3,OrderStatus,1772015869.874991,12916,8,1
1,NewOrder,1772015869.877047,17411,19,1
2,Payment,1772015869.877760,6455,23,1
2,Payment,1772015869.877812,17901,1,1
1,NewOrder,1772015869.878667,25939,7,1
2,Payment,1772015869.878709,11801,20,1
2,Payment,1772015869.879020,17488,18,1
1,NewOrder,1772015869.879396,22655,22,1
1,NewOrder,1772015869.880970,29377,6,1
2,Payment,1772015869.881470,14709,17,1
1,NewOrder,1772015869.881482,23959,21,1
1,NewOrder,1772015869.881965,3583,13,1
2,Payment,1772015869.883285,17300,14,1
1,NewOrder,1772015869.883308,7019,2,1
3,OrderStatus,1772015869.884220,7310,23,1
1,NewOrder,1772015869.885557,5318,13,1
2,Payment,1772015869.887913,26525,8,1
2,Payment,1772015869.888685,18928,10,1
3,OrderStatus,1772015869.889852,6482,12,1
1,NewOrder,1772015869.890327,5814,4,1
2,Payment,1772015869.890337,10763,2,1
1,NewOrder,1772015869.890519,17383,20,1
2,Payment,1772015869.890883,14075,13,1
2,Payment,1772015869.891548,9566,23,1
1,NewOrder,1772015869.892401,27155,0,1
1,NewOrder,1772015869.893003,28849,3,1
2,Payment,1772015869.893946,19164,15,1
1,NewOrder,1772015869.894468,30707,19,1
1,NewOrder,1772015869.895720,18678,1,1
2,Payment,1772015869.896046,25723,9,1
2,Payment,1772015869.896152,13594,4,1
1,NewOrder,1772015869.896189,24255,17,1
1,NewOrder,1772015869.896339,21936,12,1
2,Payment,1772015869.896514,11424,18,1
2,Payment,1772015869.898338,23071,5,1
2,Payment,1772015869.900594,20257,14,1
1,NewOrder,1772015869.901093,26324,11,1
1,NewOrder,1772015869.901110,38377,2,1
2,Payment,1772015869.901119,12898,23,1
1,NewOrder,1772015869.902061,24759,22,1
1,NewOrder,1772015869.904616,31647,7,1
2,Payment,1772015869.904964,21344,13,1
1,NewOrder,1772015869.905447,30085,21,1
1,NewOrder,1772015869.907619,21026,10,1
1,NewOrder,1772015869.907907,12071,20,1
2,Payment,1772015869.907948,13785,18,1
2,Payment,1772015869.909750,24955,4,1
1,NewOrder,1772015869.910355,38824,6,1
1,NewOrder,1772015869.913126,12528,15,1
1,NewOrder,1772015869.914025,19614,23,1
4,Delivery,1772015869.914378,45410,16,1
1,NewOrder,1772015869.914403,34399,1,1
2,Payment,1772015869.914443,22294,8,1
2,Payment,1772015869.918281,14637,12,1
1,NewOrder,1772015869.919564,36775,0,1
1,NewOrder,1772015869.919987,20074,20,1
2,Payment,1772015869.920454,15917,17,1
1,NewOrder,1772015869.920856,34324,14,1
2,Payment,1772015869.921415,22407,5,1
1,NewOrder,1772015869.921740,18307,18,1
1,NewOrder,1772015869.921777,23688,9,1
1,NewOrder,1772015869.921861,46163,3,1
3,OrderStatus,1772015869.925184,2892,19,1
1,NewOrder,1772015869.925665,8345,15,1
2,Payment,1772015869.926315,17544,13,1
2,Payment,1772015869.926831,7707,22,1
2,Payment,1772015869.927422,16542,11,1
1,NewOrder,1772015869.928084,8147,19,1
2,Payment,1772015869.928655,21848,10,1
2,Payment,1772015869.932928,18208,12,1
2,Payment,1772015869.933644,9679,23,1
2,Payment,1772015869.934016,22946,15,1
1,NewOrder,1772015869.934547,20042,22,1
1,NewOrder,1772015869.934712,5302,4,1
2,Payment,1772015869.935537,18128,21,1
2,Payment,1772015869.936236,24979,19,1
2,Payment,1772015869.936268,20729,7,1
1,NewOrder,1772015869.936380,32798,17,1
1,NewOrder,1772015869.936743,10091,8,1
1,NewOrder,1772015869.939497,19704,2,1
2,Payment,1772015869.940019,5847,4,1
1,NewOrder,1772015869.940057,4334,18,1
2,Payment,1772015869.940071,16877,20,1
2,Payment,1772015869.943331,23278,23,1
1,NewOrder,1772015869.943826,32169,5,1
1,NewOrder,1772015869.943865,5943,13,1
1,NewOrder,1772015869.943971,22893,11,1
2,Payment,1772015869.944397,30965,18,1
2,Payment,1772015869.945487,15293,9,1
1,NewOrder,1772015869.945891,6327,4,1
2,Payment,1772015869.946838,19345,8,1
1,NewOrder,1772015869.948806,18779,1,1
2,Payment,1772015869.949189,24337,6,1
2,Payment,1772015869.949814,2793,13,1
5,StockLevel,1772015869.950510,18056,10,1
1,NewOrder,1772015869.951147,24713,12,1
2,Payment,1772015869.952223,2929,4,1
5,StockLevel,1772015869.952612,8016,13,1
1,NewOrder,1772015869.953697,29270,21,1
2,Payment,1772015869.954594,28828,22,1
4,Delivery,1772015869.955157,41640,4,1
2,Payment,1772015869.955187,5980,14,1
1,NewOrder,1772015869.956349,19608,0,1
2,Payment,1772015869.956958,31018,20,1
1,NewOrder,1772015869.956972,18866,15,1
2,Payment,1772015869.957007,24320,7,1
1,NewOrder,1772015869.959226,16594,2,1
2,Payment,1772015869.959812,6801,16,1
1,NewOrder,1772015869.960653,25123,13,1
1,NewOrder,1772015869.960799,36650,9,1
4,Delivery,1772015869.961173,34041,14,1
1,NewOrder,1772015869.961220,23588,19,1
1,NewOrder,1772015869.966207,37731,8,1
1,NewOrder,1772015869.966624,26665,23,1
1,NewOrder,1772015869.966638,24837,16,1
1,NewOrder,1772015869.966868,32099,11,1
2,Payment,1772015869.967596,7810,1,1
1,NewOrder,1772015869.968049,21069,3,1
1,NewOrder,1772015869.968585,19750,10,1
1,NewOrder,1772015869.969186,12632,17,1
4,Delivery,1772015869.973535,19353,6,1
1,NewOrder,1772015869.975371,18647,18,1
4,Delivery,1772015869.975413,22507,1,1
1,NewOrder,1772015869.975844,17441,2,1
1,NewOrder,1772015869.975850,37776,15,1
1,NewOrder,1772015869.975872,29103,12,1
2,Payment,1772015869.975982,14315,0,1
2,Payment,1772015869.976019,6172,5,1
2,Payment,1772015869.981336,7400,7,1
1,NewOrder,1772015869.981827,19391,17,1
2,Payment,1772015869.982203,14018,5,1
2,Payment,1772015869.982972,24031,21,1
2,Payment,1772015869.983447,13495,22,1
1,NewOrder,1772015869.984813,15845,19,1
3,OrderStatus,1772015869.985786,6305,13,1
1,NewOrder,1772015869.987992,22385,20,1
1,NewOrder,1772015869.988353,15231,10,1
3,OrderStatus,1772015869.988761,6619,7,1
1,NewOrder,1772015869.989127,20876,3,1
2,Payment,1772015869.990322,18540,0,1
2,Payment,1772015869.991485,8406,16,1
2,Payment,1772015869.992099,18315,13,1
1,NewOrder,1772015869.992902,15012,6,1
1,NewOrder,1772015869.993294,14980,2,1
2,Payment,1772015869.993317,15285,23,1
1,NewOrder,1772015869.994025,9888,18,1
4,Delivery,1772015869.995238,12316,14,1
2,Payment,1772015869.995404,10094,7,1
2,Payment,1772015869.996245,19191,5,1
1,NewOrder,1772015869.996814,34206,4,1
4,Delivery,1772015869.996967,43365,22,1
1,NewOrder,1772015869.997456,24151,9,1
2,Payment,1772015869.997935,22445,1,1
1,NewOrder,1772015869.998977,8915,11,1
2,Payment,1772015869.999916,12875,16,1
5,StockLevel,1772015870.000683,26072,19,1
2,Payment,1772015870.001243,13339,17,1
2,Payment,1772015870.003592,5121,10,1
2,Payment,1772015870.003919,15019,18,1
1,NewOrder,1772015870.003944,19266,8,1
1,NewOrder,1772015870.004989,32481,12,1
1,NewOrder,1772015870.005523,25077,7,1
2,Payment,1772015870.007012,8104,21,1
1,NewOrder,1772015870.007576,24174,14,1
1,NewOrder,1772015870.007901,30210,11,1
2,Payment,1772015870.007920,4417,6,1
2,Payment,1772015870.008281,17184,2,1
2,Payment,1772015870.008605,14933,23,1
4,Delivery,1772015870.008722,35357,10,1
2,Payment,1772015870.008867,22241,0,1
3,OrderStatus,1772015870.010007,6856,3,1
2,Payment,1772015870.010385,18138,20,1
1,NewOrder,1772015870.010423,22753,13,1
1,NewOrder,1772015870.012344,37478,6,1
2,Payment,1772015870.012815,5704,16,1
2,Payment,1772015870.013629,9952,15,1
2,Payment,1772015870.014591,11778,17,1
2,Payment,1772015870.015125,19372,21,1
2,Payment,1772015870.015441,22836,5,1
1,NewOrder,1772015870.016875,15378,3,1
2,Payment,1772015870.018529,13695,16,1
1,NewOrder,1772015870.018948,15974,18,1
1,NewOrder,1772015870.020395,16571,1,1
1,NewOrder,1772015870.021619,20457,9,1
2,Payment,1772015870.023219,6256,8,1
2,Payment,1772015870.023542,19906,23,1
3,OrderStatus,1772015870.023592,3971,15,1
2,Payment,1772015870.025479,22581,2,1
4,Delivery,1772015870.026379,51618,17,1
4,Delivery,1772015870.026764,13801,19,1
2,Payment,1772015870.027569,12260,15,1
1,NewOrder,1772015870.028548,23692,20,1
1,NewOrder,1772015870.029488,44254,8,1
2,Payment,1772015870.030605,4293,7,1
2,Payment,1772015870.031023,25611,4,1
1,NewOrder,1772015870.031118,44344,0,1
1,NewOrder,1772015870.031774,12279,14,1
1,NewOrder,1772015870.032228,24541,16,1
2,Payment,1772015870.032262,31464,3,1
1,NewOrder,1772015870.033183,13396,13,1
1,NewOrder,1772015870.034502,29499,21,1
2,Payment,1772015870.034908,11338,7,1
1,NewOrder,1772015870.034939,22116,18,1
1,NewOrder,1772015870.036974,31953,1,1
2,Payment,1772015870.037479,20885,12,1
1,NewOrder,1772015870.038135,5861,11,1
4,Delivery,1772015870.038287,45861,5,1
2,Payment,1772015870.039838,20667,15,1
2,Payment,1772015870.040341,9846,22,1
3,OrderStatus,1772015870.040571,13832,19,1
1,NewOrder,1772015870.042100,14023,9,1
1,NewOrder,1772015870.043457,31450,23,1
1,NewOrder,1772015870.044002,25578,11,1
1,NewOrder,1772015870.044067,29699,14,1
1,NewOrder,1772015870.044088,13477,10,1
5,StockLevel,1772015870.046255,23706,7,1
3,OrderStatus,1772015870.046591,1804,13,1
2,Payment,1772015870.048066,19017,2,1
1,NewOrder,1772015870.048401,9565,13,1
2,Payment,1772015870.049831,9447,6,1
2,Payment,1772015870.050196,3119,22,1
5,StockLevel,1772015870.052249,20733,20,1
5,StockLevel,1772015870.053331,8283,22,1
2,Payment,1772015870.054410,9625,19,1
2,Payment,1772015870.056130,10449,9,1
2,Payment,1772015870.056643,15677,4,1
1,NewOrder,1772015870.056779,6420,16,1
2,Payment,1772015870.057061,10812,18,1
1,NewOrder,1772015870.057569,11982,10,1
2,Payment,1772015870.057975,4681,13,1
2,Payment,1772015870.058372,7860,12,1
1,NewOrder,1772015870.059287,22066,6,1
2,Payment,1772015870.060512,10933,15,1
2,Payment,1772015870.061623,11546,22,1
1,NewOrder,1772015870.062681,22084,13,1
2,Payment,1772015870.063204,19637,16,1
2,Payment,1772015870.063751,14699,3,1
1,NewOrder,1772015870.064014,33825,21,1
2,Payment,1772015870.064052,21152,19,1
5,StockLevel,1772015870.066252,21173,12,1
1,NewOrder,1772015870.066588,31278,9,1
4,Delivery,1772015870.067087,17536,2,1
1,NewOrder,1772015870.067878,29122,18,1
1,NewOrder,1772015870.068933,12481,1,1
2,Payment,1772015870.069566,11431,10,1
1,NewOrder,1772015870.069594,33557,11,1
2,Payment,1772015870.069971,12493,7,1
1,NewOrder,1772015870.071454,31300,15,1
2,Payment,1772015870.072345,12360,4,1
2,Payment,1772015870.072992,5864,20,1
1,NewOrder,1772015870.073174,32520,22,1
1,NewOrder,1772015870.073752,27962,8,1
2,Payment,1772015870.073774,17141,14,1
2,Payment,1772015870.074911,16921,23,1
4,Delivery,1772015870.075488,9210,0,1
2,Payment,1772015870.078007,22998,17,1
2,Payment,1772015870.078455,12923,3,1
2,Payment,1772015870.078863,26044,20,1
2,Payment,1772015870.081007,19258,10,1
2,Payment,1772015870.081364,8376,6,1
1,NewOrder,1772015870.081419,37770,1,1
2,Payment,1772015870.082488,25362,7,1
2,Payment,1772015870.082851,21154,16,1
5,StockLevel,1772015870.084172,9445,5,1
2,Payment,1772015870.084630,16281,2,1
4,Delivery,1772015870.084707,8436,0,1
1,NewOrder,1772015870.084714,14382,4,1
2,Payment,1772015870.084775,21532,13,1
3,OrderStatus,1772015870.085210,6682,19,1
2,Payment,1772015870.087432,21311,12,1
3,OrderStatus,1772015870.089765,4684,6,1
1,NewOrder,1772015870.090940,35378,14,1
2,Payment,1772015870.091402,16003,3,1
5,StockLevel,1772015870.091842,27837,23,1
2,Payment,1772015870.091900,15805,19,1
1,NewOrder,1772015870.093146,8479,0,1
4,Delivery,1772015870.093637,17511,5,1
1,NewOrder,1772015870.094459,8822,6,1
2,Payment,1772015870.097006,22600,18,1
1,NewOrder,1772015870.097847,37168,21,1
3,OrderStatus,1772015870.097876,5653,9,1
1,NewOrder,1772015870.099119,6595,4,1
1,NewOrder,1772015870.100281,21206,10,1
2,Payment,1772015870.100921,13828,2,1
2,Payment,1772015870.101018,10530,17,1
1,NewOrder,1772015870.101635,30938,0,1
1,NewOrder,1772015870.101720,35597,8,1
1,NewOrder,1772015870.102764,35538,15,1
2,Payment,1772015870.103176,11388,11,1
1,NewOrder,1772015870.103306,14993,6,1
1,NewOrder,1772015870.103553,33230,9,1
2,Payment,1772015870.104010,10119,16,1
4,Delivery,1772015870.104931,30450,20,1
2,Payment,1772015870.105717,9349,22,1
2,Payment,1772015870.105732,16381,4,1
1,NewOrder,1772015870.106313,8321,13,1
1,NewOrder,1772015870.107415,25702,3,1
2,Payment,1772015870.107709,17986,19,1
1,NewOrder,1772015870.107856,32500,7,1
1,NewOrder,1772015870.108751,17625,12,1
2,Payment,1772015870.111157,15193,5,1
1,NewOrder,1772015870.111576,10559,17,1
2,Payment,1772015870.114136,4603,16,1
2,Payment,1772015870.114571,8664,11,1
3,OrderStatus,1772015870.114646,3847,13,1
2,Payment,1772015870.114775,18195,2,1
2,Payment,1772015870.115090,19043,22,1
1,NewOrder,1772015870.118316,24814,6,1
1,NewOrder,1772015870.118516,22730,13,1
2,Payment,1772015870.118755,4873,16,1
1,NewOrder,1772015870.119194,23896,1,1
2,Payment,1772015870.119615,20716,18,1
4,Delivery,1772015870.119684,16016,23,1
1,NewOrder,1772015870.121493,23459,10,1
2,Payment,1772015870.122138,17787,4,1
1,NewOrder,1772015870.122161,39071,17,1
1,NewOrder,1772015870.123250,29520,11,1
2,Payment,1772015870.123638,6089,16,1
2,Payment,1772015870.125720,21896,19,1
1,NewOrder,1772015870.126342,43324,14,1
1,NewOrder,1772015870.126364,16666,5,1
1,NewOrder,1772015870.126392,22853,12,1
1,NewOrder,1772015870.129732,12800,16,1
1,NewOrder,1772015870.132592,30967,0,1
1,NewOrder,1772015870.132981,47646,2,1
1,NewOrder,1772015870.133126,22803,3,1
2,Payment,1772015870.134137,22609,22,1
2,Payment,1772015870.135039,27667,21,1
1,NewOrder,1772015870.135406,35245,20,1
1,NewOrder,1772015870.135716,36611,23,1
1,NewOrder,1772015870.136819,28888,9,1
2,Payment,1772015870.137327,6721,8,1
3,OrderStatus,1772015870.138312,3174,15,1
1,NewOrder,1772015870.139933,30782,4,1
4,Delivery,1772015870.140342,17053,18,1
2,Payment,1772015870.140366,8312,7,1
2,Payment,1772015870.141250,4652,13,1
1,NewOrder,1772015870.141495,18129,15,1
1,NewOrder,1772015870.142556,18532,16,1
1,NewOrder,1772015870.143040,21819,5,1
1,NewOrder,1772015870.143115,28063,1,1
1,NewOrder,1772015870.143157,17648,6,1
1,NewOrder,1772015870.144055,30523,8,1
2,Payment,1772015870.144961,9367,10,1
2,Payment,1772015870.145916,4575,13,1
2,Payment,1772015870.147626,22118,19,1
1,NewOrder,1772015870.148682,24335,7,1
2,Payment,1772015870.149256,5942,12,1
1,NewOrder,1772015870.150509,13360,13,1
2,Payment,1772015870.152776,16125,11,1
1,NewOrder,1772015870.154336,41305,10,1
2,Payment,1772015870.155208,5150,12,1
2,Payment,1772015870.155941,6269,3,1
1,NewOrder,1772015870.156771,32601,22,1
2,Payment,1772015870.157405,23317,18,1
2,Payment,1772015870.159633,7450,15,1
1,NewOrder,1772015870.160383,38543,12,1
2,Payment,1772015870.160818,25215,6,1
1,NewOrder,1772015870.161094,13853,16,1
2,Payment,1772015870.161242,20005,17,1
1,NewOrder,1772015870.162230,33018,3,1
1,NewOrder,1772015870.162714,28772,21,1
2,Payment,1772015870.163584,9892,0,1
1,NewOrder,1772015870.163873,9573,13,1
1,NewOrder,1772015870.164865,12752,5,1
2,Payment,1772015870.165717,23292,9,1
1,NewOrder,1772015870.167093,37648,15,1
5,StockLevel,1772015870.168911,30578,11,1
1,NewOrder,1772015870.169678,26927,14,1
1,NewOrder,1772015870.169768,28092,19,1
1,NewOrder,1772015870.170677,34529,20,1
1,NewOrder,1772015870.170725,32914,4,1
1,NewOrder,1772015870.171188,30301,1,1
5,StockLevel,1772015870.172341,5606,23,1
1,NewOrder,1772015870.173025,36214,7,1
1,NewOrder,1772015870.173449,7695,13,1
2,Payment,1772015870.173478,3502,0,1
2,Payment,1772015870.174602,17997,8,1
2,Payment,1772015870.174958,8516,16,1
3,OrderStatus,1772015870.177004,2387,0,1
1,NewOrder,1772015870.177628,7964,5,1
2,Payment,1772015870.177960,14010,23,1
4,Delivery,1772015870.179406,5476,0,1
2,Payment,1772015870.180634,7410,2,1
2,Payment,1772015870.180750,16660,18,1
2,Payment,1772015870.181149,4123,13,1
2,Payment,1772015870.181257,5973,17,1
2,Payment,1772015870.183485,8523,16,1
2,Payment,1772015870.184906,7582,0,1
2,Payment,1772015870.185275,10316,13,1
2,Payment,1772015870.185602,11236,5,1
2,Payment,1772015870.186058,13893,6,1
1,NewOrder,1772015870.187239,20667,17,1
1,NewOrder,1772015870.188054,15522,2,1
1,NewOrder,1772015870.189015,24915,9,1
2,Payment,1772015870.189381,15881,22,1
4,Delivery,1772015870.191495,23784,21,1
2,Payment,1772015870.191994,19069,23,1
2,Payment,1772015870.192033,11050,16,1
1,NewOrder,1772015870.192494,24006,0,1
2,Payment,1772015870.192602,15854,8,1
2,Payment,1772015870.195275,10988,3,1
1,NewOrder,1772015870.195603,15844,13,1
2,Payment,1772015870.195653,21206,10,1
5,StockLevel,1772015870.196629,12672,14,1
1,NewOrder,1772015870.196862,11621,5,1
1,NewOrder,1772015870.197419,25198,18,1
2,Payment,1772015870.197885,18660,19,1
2,Payment,1772015870.198932,13331,12,1
1,NewOrder,1772015870.199499,10979,11,1
2,Payment,1772015870.199975,23146,6,1
3,OrderStatus,1772015870.201514,4363,1,1
2,Payment,1772015870.203092,15765,16,1
2,Payment,1772015870.203603,15671,2,1
2,Payment,1772015870.203649,9393,4,1
3,OrderStatus,1772015870.204751,2754,15,1
1,NewOrder,1772015870.205231,19708,20,1
1,NewOrder,1772015870.205287,18479,22,1
1,NewOrder,1772015870.205900,13712,1,1
1,NewOrder,1772015870.206272,32440,3,1
5,StockLevel,1772015870.207511,12624,15,1
1,NewOrder,1772015870.207916,28662,17,1
2,Payment,1772015870.208481,25123,8,1
4,Delivery,1772015870.208507,37499,5,1
2,Payment,1772015870.209253,31092,7,1
2,Payment,1772015870.209326,18365,14,1
1,NewOrder,1772015870.210488,15529,11,1
1,NewOrder,1772015870.211071,13367,23,1
2,Payment,1772015870.211458,22927,13,1
1,NewOrder,1772015870.212272,21759,12,1
5,StockLevel,1772015870.213051,22281,4,1
2,Payment,1772015870.213948,34958,9,1
2,Payment,1772015870.215304,8020,21,1
2,Payment,1772015870.216524,9853,0,1
2,Payment,1772015870.216569,13612,19,1
2,Payment,1772015870.216873,40824,10,1
2,Payment,1772015870.218862,19881,16,1
1,NewOrder,1772015870.219285,20676,2,1
2,Payment,1772015870.219629,9426,1,1
1,NewOrder,1772015870.220145,10831,15,1
1,NewOrder,1772015870.222627,37150,18,1
1,NewOrder,1772015870.223127,17534,6,1
1,NewOrder,1772015870.223333,17693,21,1
3,OrderStatus,1772015870.223775,10052,22,1
2,Payment,1772015870.224447,9182,23,1
1,NewOrder,1772015870.224963,8550,20,1
2,Payment,1772015870.226041,30003,11,1
2,Payment,1772015870.226402,5877,0,1
1,NewOrder,1772015870.227700,15876,14,1
1,NewOrder,1772015870.229069,19307,1,1
2,Payment,1772015870.230190,8291,19,1
2,Payment,1772015870.230985,14293,15,1
2,Payment,1772015870.232303,3579,0,1
4,Delivery,1772015870.233530,24158,20,1
2,Payment,1772015870.233628,27917,8,1
2,Payment,1772015870.233641,9324,23,1
2,Payment,1772015870.233851,13451,22,1
1,NewOrder,1772015870.234041,26559,12,1
2,Payment,1772015870.234396,14969,13,1
5,StockLevel,1772015870.235352,7168,4,1
1,NewOrder,1772015870.235888,15248,0,1
2,Payment,1772015870.236588,21215,17,1
4,Delivery,1772015870.238505,19466,19,1
1,NewOrder,1772015870.238723,12762,3,1
2,Payment,1772015870.238755,26330,16,1
1,NewOrder,1772015870.239976,6271,2,1
1,NewOrder,1772015870.240368,47359,7,1
1,NewOrder,1772015870.240673,16555,6,1
1,NewOrder,1772015870.241036,15593,21,1
1,NewOrder,1772015870.242544,6302,4,1
1,NewOrder,1772015870.242974,36632,23,1
2,Payment,1772015870.243580,31046,14,1
2,Payment,1772015870.245287,35749,15,1
1,NewOrder,1772015870.246030,14964,5,1
2,Payment,1772015870.246255,2537,2,1
2,Payment,1772015870.247317,1964,22,1
1,NewOrder,1772015870.248386,8272,1,1
1,NewOrder,1772015870.248797,25340,2,1
1,NewOrder,1772015870.248853,26226,4,1
4,Delivery,1772015870.248916,14080,9,1
2,Payment,1772015870.249287,8009,22,1
2,Payment,1772015870.249370,39937,13,1
2,Payment,1772015870.251146,5754,0,1
2,Payment,1772015870.251497,14662,3,1
2,Payment,1772015870.256053,7560,11,1
1,NewOrder,1772015870.256639,20481,21,1
1,NewOrder,1772015870.256667,18045,1,1
2,Payment,1772015870.256909,12199,0,1
1,NewOrder,1772015870.257236,21781,6,1
4,Delivery,1772015870.257306,2069,22,1
1,NewOrder,1772015870.257697,29663,20,1
1,NewOrder,1772015870.257710,22931,10,1
3,OrderStatus,1772015870.257812,10368,17,1
2,Payment,1772015870.257979,8163,19,1
4,Delivery,1772015870.259383,58147,22,1
4,Delivery,1772015870.259785,58274,18,1
2,Payment,1772015870.260608,35955,12,1
5,StockLevel,1772015870.261004,6426,5,1
2,Payment,1772015870.261551,3957,8,1
2,Payment,1772015870.263003,6829,9,1
2,Payment,1772015870.263618,10991,11,1
2,Payment,1772015870.265110,37745,16,1
1,NewOrder,1772015870.265513,57368,8,1
1,NewOrder,1772015870.266148,28412,19,1
2,Payment,1772015870.266164,6924,3,1
2,Payment,1772015870.267438,7986,5,1
2,Payment,1772015870.268190,41552,17,1
1,NewOrder,1772015870.269112,11931,0,1
2,Payment,1772015870.269839,15150,9,1
4,Delivery,1772015870.273095,11092,3,1
2,Payment,1772015870.274145,4781,2,1
1,NewOrder,1772015870.274618,73777,11,1
1,NewOrder,1772015870.274632,43861,14,1
1,NewOrder,1772015870.274721,29967,1,1
1,NewOrder,1772015870.275088,5931,4,1
2,Payment,1772015870.275434,6966,5,1
2,Payment,1772015870.277134,7897,21,1
2,Payment,1772015870.278930,6613,2,1
1,NewOrder,1772015870.279029,40030,6,1
1,NewOrder,1772015870.279616,25726,23,1
1,NewOrder,1772015870.280647,43787,10,1
5,StockLevel,1772015870.281022,6759,4,1
2,Payment,1772015870.281046,32559,15,1
1,NewOrder,1772015870.281050,15451,0,1
2,Payment,1772015870.282404,5889,5,1
3,OrderStatus,1772015870.284194,2434,3,1
1,NewOrder,1772015870.284998,24685,9,1
1,NewOrder,1772015870.285040,17422,21,1
1,NewOrder,1772015870.285548,10660,2,1
1,NewOrder,1772015870.286643,15867,3,1
1,NewOrder,1772015870.287371,25386,20,1
2,Payment,1772015870.287737,7712,7,1
2,Payment,1772015870.287789,2624,4,1
2,Payment,1772015870.288296,5785,5,1
1,NewOrder,1772015870.289318,32972,13,1
3,OrderStatus,1772015870.290416,5158,4,1
1,NewOrder,1772015870.294086,15694,5,1
2,Payment,1772015870.294568,15250,19,1
1,NewOrder,1772015870.295459,40666,7,1
4,Delivery,1772015870.295579,18764,4,1
2,Payment,1772015870.296218,5774,2,1
1,NewOrder,1772015870.296505,17404,0,1
2,Payment,1772015870.296569,23101,12,1
1,NewOrder,1772015870.302001,11537,2,1
2,Payment,1772015870.302486,20607,21,1
2,Payment,1772015870.302525,3391,3,1
2,Payment,1772015870.302858,12833,16,1
2,Payment,1772015870.304701,8870,1,1
1,NewOrder,1772015870.305353,19517,23,1
2,Payment,1772015870.305924,14614,3,1
5,StockLevel,1772015870.309708,23701,9,1
3,OrderStatus,1772015870.309757,3482,17,1
2,Payment,1772015870.309804,19249,5,1
1,NewOrder,1772015870.309845,30771,19,1
4,Delivery,1772015870.312781,5202,20,1
1,NewOrder,1772015870.313261,20786,17,1
2,Payment,1772015870.313550,22922,2,1
4,Delivery,1772015870.313595,1636,1,1
2,Payment,1772015870.313614,9772,15,1
1,NewOrder,1772015870.313914,11716,0,1
1,NewOrder,1772015870.314355,11869,4,1
2,Payment,1772015870.315237,27812,1,1
1,NewOrder,1772015870.315716,9720,16,1
4,Delivery,1772015870.317541,53069,22,1
1,NewOrder,1772015870.318002,38496,20,1
1,NewOrder,1772015870.318066,37864,18,1
1,NewOrder,1772015870.318499,23180,14,1
1,NewOrder,1772015870.319072,23215,6,1
2,Payment,1772015870.319697,7032,12,1
2,Payment,1772015870.320546,25712,3,1
1,NewOrder,1772015870.322300,34326,13,1
1,NewOrder,1772015870.322886,22331,8,1
2,Payment,1772015870.323115,7809,21,1
2,Payment,1772015870.323395,6084,15,1
1,NewOrder,1772015870.324445,41846,10,1
5,StockLevel,1772015870.324875,20690,23,1
1,NewOrder,1772015870.325441,11103,16,1
2,Payment,1772015870.325633,13482,0,1
2,Payment,1772015870.326233,23120,4,1
1,NewOrder,1772015870.326740,12234,12,1
1,NewOrder,1772015870.329061,36225,5,1
1,NewOrder,1772015870.329487,9053,15,1
2,Payment,1772015870.330934,8809,21,1
1,NewOrder,1772015870.333417,31850,9,1
3,OrderStatus,1772015870.334057,2799,17,1
2,Payment,1772015870.336130,8687,7,1
1,NewOrder,1772015870.336482,35657,2,1
2,Payment,1772015870.336560,2587,16,1
2,Payment,1772015870.336862,5767,17,1
1,NewOrder,1772015870.338549,11297,15,1
1,NewOrder,1772015870.338982,14714,12,1
2,Payment,1772015870.339124,14224,0,1
2,Payment,1772015870.339152,6100,16,1
1,NewOrder,1772015870.339749,13928,21,1
5,StockLevel,1772015870.340626,21049,19,1
2,Payment,1772015870.341685,17711,14,1
1,NewOrder,1772015870.342303,11717,6,1
2,Payment,1772015870.342634,26579,17,1
2,Payment,1772015870.343056,20091,1,1
2,Payment,1772015870.344832,8957,7,1
1,NewOrder,1772015870.345229,24326,8,1
2,Payment,1772015870.345266,17849,16,1
1,NewOrder,1772015870.345578,14475,23,1
2,Payment,1772015870.346283,19645,3,1
2,Payment,1772015870.348402,14782,11,1
1,NewOrder,1772015870.349366,9763,4,1
2,Payment,1772015870.349850,14978,15,1
2,Payment,1772015870.353372,16299,0,1
1,NewOrder,1772015870.353703,7327,21,1
1,NewOrder,1772015870.353710,11602,12,1
4,Delivery,1772015870.353813,25643,7,1
1,NewOrder,1772015870.354029,6664,6,1
1,NewOrder,1772015870.355936,20170,18,1
2,Payment,1772015870.356511,10164,20,1
1,NewOrder,1772015870.356650,22908,13,1
2,Payment,1772015870.359153,13762,4,1
5,StockLevel,1772015870.359420,16340,14,1
2,Payment,1772015870.360070,11411,23,1
2,Payment,1772015870.360705,8857,6,1
2,Payment,1772015870.361047,14531,21,1
2,Payment,1772015870.361699,21999,19,1
2,Payment,1772015870.363124,11207,16,1
2,Payment,1772015870.363152,16035,1,1
5,StockLevel,1772015870.363191,10681,11,1
2,Payment,1772015870.364852,13476,15,1
3,OrderStatus,1772015870.365280,6664,9,1
2,Payment,1772015870.365298,22546,5,1
1,NewOrder,1772015870.365328,33874,12,1
2,Payment,1772015870.365931,26885,3,1
2,Payment,1772015870.366300,11513,10,1
3,OrderStatus,1772015870.366679,9214,20,1
1,NewOrder,1772015870.369236,26556,17,1
2,Payment,1772015870.369566,16324,8,1
2,Payment,1772015870.369598,21600,6,1
2,Payment,1772015870.369696,27837,0,1
1,NewOrder,1772015870.370631,14825,22,1
5,StockLevel,1772015870.371489,20752,23,1
1,NewOrder,1772015870.371953,21457,9,1
2,Payment,1772015870.372165,31216,2,1
1,NewOrder,1772015870.372928,18580,4,1
1,NewOrder,1772015870.373882,14284,11,1
1,NewOrder,1772015870.374342,19025,16,1
2,Payment,1772015870.375603,12603,21,1
5,StockLevel,1772015870.375785,6711,14,1
2,Payment,1772015870.375922,27626,20,1
2,Payment,1772015870.376116,17227,18,1
1,NewOrder,1772015870.377820,30061,10,1
2,Payment,1772015870.378355,4342,15,1
2,Payment,1772015870.379202,31654,1,1
1,NewOrder,1772015870.379472,8774,7,1
1,NewOrder,1772015870.379582,17509,13,1
1,NewOrder,1772015870.382510,11649,14,1
1,NewOrder,1772015870.382716,15920,15,1
2,Payment,1772015870.383719,30596,19,1
2,Payment,1772015870.385462,11129,22,1
2,Payment,1772015870.385899,11229,8,1
2,Payment,1772015870.387876,27074,5,1
1,NewOrder,1772015870.388175,8924,11,1
2,Payment,1772015870.388211,21801,21,1
1,NewOrder,1772015870.388272,13677,7,1
1,NewOrder,1772015870.391224,25395,6,1
5,StockLevel,1772015870.391524,17717,4,1
2,Payment,1772015870.392248,28173,23,1
1,NewOrder,1772015870.392821,15560,3,1
2,Payment,1772015870.393353,33144,18,1
2,Payment,1772015870.393371,4697,16,1
1,NewOrder,1772015870.393420,15044,9,1
1,NewOrder,1772015870.394168,11165,14,1
1,NewOrder,1772015870.395807,13479,17,1
2,Payment,1772015870.396612,11356,22,1
1,NewOrder,1772015870.397112,29400,13,1
1,NewOrder,1772015870.397113,10444,11,1
1,NewOrder,1772015870.397138,36247,8,1
2,Payment,1772015870.397538,21870,0,1
1,NewOrder,1772015870.398077,20668,16,1
1,NewOrder,1772015870.398666,9338,15,1
2,Payment,1772015870.399216,5200,12,1
1,NewOrder,1772015870.401959,20184,7,1
1,NewOrder,1772015870.403390,27734,2,1
1,NewOrder,1772015870.403554,26741,20,1
1,NewOrder,1772015870.404423,6073,12,1
2,Payment,1772015870.405338,5109,14,1
1,NewOrder,1772015870.407567,16709,11,1
1,NewOrder,1772015870.407887,20299,10,1
2,Payment,1772015870.407975,26767,22,1
1,NewOrder,1772015870.408016,30564,15,1
1,NewOrder,1772015870.408387,18132,3,1
2,Payment,1772015870.408473,6952,9,1
2,Payment,1772015870.409250,16785,4,1
2,Payment,1772015870.409295,4487,17,1
5,StockLevel,1772015870.410022,20120,21,1
1,NewOrder,1772015870.410457,32885,14,1
2,Payment,1772015870.410502,6650,12,1
1,NewOrder,1772015870.410866,18611,1,1
2,Payment,1772015870.413788,6640,17,1
2,Payment,1772015870.414319,23732,19,1
2,Payment,1772015870.414956,16582,5,1
2,Payment,1772015870.415435,6369,9,1
1,NewOrder,1772015870.416626,41947,6,1
1,NewOrder,1772015870.417157,17004,12,1
3,OrderStatus,1772015870.418750,5846,16,1
2,Payment,1772015870.419419,18591,0,1
1,NewOrder,1772015870.420431,35070,23,1
2,Payment,1772015870.420438,4331,17,1
1,NewOrder,1772015870.421812,57587,9,1
4,Delivery,1772015870.422146,46057,7,1
1,NewOrder,1772015870.424282,13350,11,1
1,NewOrder,1772015870.424602,21840,16,1
1,NewOrder,1772015870.424783,20193,17,1
2,Payment,1772015870.426042,17673,4,1
2,Payment,1772015870.426503,15141,18,1
1,NewOrder,1772015870.426522,50468,13,1
1,NewOrder,1772015870.426527,21512,3,1
2,Payment,1772015870.428191,5650,10,1
2,Payment,1772015870.429482,24565,1,1
1,NewOrder,1772015870.430151,24952,21,1
2,Payment,1772015870.430302,14703,20,1
1,NewOrder,1772015870.431128,13535,2,1
4,Delivery,1772015870.431543,78826,5,1
1,NewOrder,1772015870.433391,22133,8,1
2,Payment,1772015870.433849,8967,10,1
1,NewOrder,1772015870.434167,15323,12,1
2,Payment,1772015870.434752,13804,22,1
2,Payment,1772015870.437641,13720,11,1
1,NewOrder,1772015870.438017,17452,0,1
2,Payment,1772015870.438058,13681,19,1
2,Payment,1772015870.438585,5538,15,1
1,NewOrder,1772015870.441651,16576,18,1
2,Payment,1772015870.442822,17826,10,1
2,Payment,1772015870.443346,9527,14,1
1,NewOrder,1772015870.443725,40914,4,1
1,NewOrder,1772015870.444130,42527,15,1
2,Payment,1772015870.444666,19452,2,1
1,NewOrder,1772015870.444985,19715,17,1
2,Payment,1772015870.445009,10614,20,1
1,NewOrder,1772015870.446448,10927,16,1
1,NewOrder,1772015870.448043,10132,3,1
2,Payment,1772015870.448562,14622,22,1
2,Payment,1772015870.449495,8258,12,1
3,OrderStatus,1772015870.451370,11532,11,1
1,NewOrder,1772015870.451745,9282,19,1
2,Payment,1772015870.452879,8518,14,1
2,Payment,1772015870.454056,15130,1,1
1,NewOrder,1772015870.455108,50217,21,1
1,NewOrder,1772015870.455474,40267,0,1
1,NewOrder,1772015870.455511,41202,23,1
1,NewOrder,1772015870.455545,27359,8,1
1,NewOrder,1772015870.455633,49634,20,1
1,NewOrder,1772015870.457380,7937,16,1
2,Payment,1772015870.457757,13783,12,1
2,Payment,1772015870.458185,16566,3,1
2,Payment,1772015870.458231,7505,18,1
1,NewOrder,1772015870.458578,9931,6,1
1,NewOrder,1772015870.460659,50573,10,1
1,NewOrder,1772015870.461032,48413,19,1
1,NewOrder,1772015870.461402,33891,14,1
5,StockLevel,1772015870.462911,27622,11,1
2,Payment,1772015870.463194,5299,22,1
1,NewOrder,1772015870.464123,47490,2,1
1,NewOrder,1772015870.464705,42921,17,1
2,Payment,1772015870.465319,9399,16,1
1,NewOrder,1772015870.465741,3057,18,1
4,Delivery,1772015870.468228,35852,7,1
1,NewOrder,1772015870.468511,14398,22,1
2,Payment,1772015870.468536,2964,6,1
2,Payment,1772015870.468811,2355,18,1
2,Payment,1772015870.469195,8783,1,1
1,NewOrder,1772015870.471170,11820,18,1
2,Payment,1772015870.471503,3279,6,1
2,Payment,1772015870.471549,7898,12,1
1,NewOrder,1772015870.474744,17447,16,1
2,Payment,1772015870.474765,8062,3,1
2,Payment,1772015870.474796,4619,6,1
5,StockLevel,1772015870.476995,23553,13,1
2,Payment,1772015870.478003,9779,1,1
1,NewOrder,1772015870.479409,24732,9,1
2,Payment,1772015870.479420,3456,6,1
1,NewOrder,1772015870.479456,19942,12,1
5,StockLevel,1772015870.482832,15519,3,1
1,NewOrder,1772015870.482880,12832,6,1
2,Payment,1772015870.482914,5360,8,1
3,OrderStatus,1772015870.482919,3614,22,1
3,OrderStatus,1772015870.483001,3490,18,1
2,Payment,1772015870.484648,7027,4,1
1,NewOrder,1772015870.486515,27713,18,1
1,NewOrder,1772015870.486558,18733,22,1
2,Payment,1772015870.486671,9310,15,1
2,Payment,1772015870.487792,7896,1,1
1,NewOrder,1772015870.488282,11451,8,1
1,NewOrder,1772015870.490543,22691,11,1
2,Payment,1772015870.491680,8583,4,1
2,Payment,1772015870.492201,8680,16,1
5,StockLevel,1772015870.495298,16210,14,1
5,StockLevel,1772015870.495698,16782,1,1
1,NewOrder,1772015870.495716,28733,6,1
2,Payment,1772015870.495751,13765,0,1
4,Delivery,1772015870.495992,22071,15,1
2,Payment,1772015870.496718,8081,23,1
2,Payment,1772015870.498357,20591,3,1
2,Payment,1772015870.499408,4156,12,1
4,Delivery,1772015870.499739,4625,8,1
4,Delivery,1772015870.500269,10381,4,1
1,NewOrder,1772015870.500558,13082,13,1
2,Payment,1772015870.500891,8051,16,1
2,Payment,1772015870.503574,12305,12,1
1,NewOrder,1772015870.504090,25610,7,1
1,NewOrder,1772015870.504144,34603,9,1
1,NewOrder,1772015870.504371,35392,8,1
1,NewOrder,1772015870.504802,46584,23,1
2,Payment,1772015870.505272,23479,20,1
1,NewOrder,1772015870.505295,21814,22,1
1,NewOrder,1772015870.505332,60410,21,1
2,Payment,1772015870.507630,21514,17,1
2,Payment,1772015870.508952,27547,16,1
1,NewOrder,1772015870.509455,30969,19,1
3,OrderStatus,1772015870.509520,16242,0,1
2,Payment,1772015870.510378,20785,5,1
5,StockLevel,1772015870.510658,17278,4,1
1,NewOrder,1772015870.511239,10420,10,1
3,OrderStatus,1772015870.511514,2685,14,1
2,Payment,1772015870.511618,26702,2,1
1,NewOrder,1772015870.512485,24351,1,1
1,NewOrder,1772015870.513237,8395,11,1
2,Payment,1772015870.513645,40004,13,1
4,Delivery,1772015870.514204,4296,14,1
1,NewOrder,1772015870.514237,25905,18,1
1,NewOrder,1772015870.515885,16596,12,1
1,NewOrder,1772015870.518070,4128,15,1
1,NewOrder,1772015870.518507,6421,14,1
2,Payment,1772015870.518953,23733,3,1
2,Payment,1772015870.521637,13499,11,1
2,Payment,1772015870.521666,10805,10,1
4,Delivery,1772015870.522202,5199,15,1
1,NewOrder,1772015870.524454,28851,6,1
4,Delivery,1772015870.524934,2735,14,1
4,Delivery,1772015870.525770,16599,0,1
1,NewOrder,1772015870.527118,33138,22,1
1,NewOrder,1772015870.527407,7198,15,1
2,Payment,1772015870.527674,11046,14,1
1,NewOrder,1772015870.527945,23503,4,1
2,Payment,1772015870.528760,8045,20,1
1,NewOrder,1772015870.529154,23740,17,1
5,StockLevel,1772015870.529705,6122,7,1
2,Payment,1772015870.531173,15433,5,1
1,NewOrder,1772015870.532478,15455,10,1
2,Payment,1772015870.532491,12242,12,1
1,NewOrder,1772015870.534620,4799,15,1
4,Delivery,1772015870.535146,44082,11,1
2,Payment,1772015870.535832,4366,7,1
2,Payment,1772015870.536506,19090,16,1
1,NewOrder,1772015870.536813,29600,20,1
2,Payment,1772015870.536846,12141,1,1
2,Payment,1772015870.538325,14191,2,1
1,NewOrder,1772015870.538729,16466,14,1
2,Payment,1772015870.538752,8527,9,1
1,NewOrder,1772015870.539425,21917,15,1
2,Payment,1772015870.539768,16171,8,1
2,Payment,1772015870.540152,7141,18,1
5,StockLevel,1772015870.540202,20239,7,1
1,NewOrder,1772015870.540429,26700,19,1
1,NewOrder,1772015870.542378,10895,0,1
2,Payment,1772015870.542696,10918,3,1
2,Payment,1772015870.544739,15061,12,1
1,NewOrder,1772015870.546615,28387,5,1
2,Payment,1772015870.547288,12451,9,1
1,NewOrder,1772015870.547298,15954,18,1
2,Payment,1772015870.547939,17835,10,1
2,Payment,1772015870.548996,15310,1,1
2,Payment,1772015870.551392,8431,23,1
2,Payment,1772015870.551454,19335,4,1
2,Payment,1772015870.552522,28410,2,1
2,Payment,1772015870.552897,12143,17,1
2,Payment,1772015870.553279,5991,0,1
1,NewOrder,1772015870.553310,17878,6,1
2,Payment,1772015870.553624,34289,3,1
1,NewOrder,1772015870.553655,7370,13,1
1,NewOrder,1772015870.555202,18356,14,1
1,NewOrder,1772015870.555604,35256,16,1
3,OrderStatus,1772015870.555944,4112,8,1
1,NewOrder,1772015870.559276,35110,0,1
4,Delivery,1772015870.559746,19798,9,1
2,Payment,1772015870.559805,11447,12,1
1,NewOrder,1772015870.559828,37809,23,1
2,Payment,1772015870.560058,11366,8,1
4,Delivery,1772015870.560267,68831,22,1
1,NewOrder,1772015870.560452,17074,7,1
1,NewOrder,1772015870.561033,36698,13,1
1,NewOrder,1772015870.561348,26593,15,1
2,Payment,1772015870.563262,7957,18,1
4,Delivery,1772015870.564315,20313,1,1
1,NewOrder,1772015870.565046,32655,17,1
2,Payment,1772015870.565748,15271,21,1
2,Payment,1772015870.565784,14824,10,1
1,NewOrder,1772015870.566418,9019,20,1
2,Payment,1772015870.567135,24486,19,1
5,StockLevel,1772015870.570798,21430,4,1
2,Payment,1772015870.571193,18467,6,1
1,NewOrder,1772015870.571226,26696,18,1
2,Payment,1772015870.571261,7409,12,1
1,NewOrder,1772015870.571428,26331,8,1
3,OrderStatus,1772015870.573563,2413,14,1
1,NewOrder,1772015870.575007,5900,5,1
1,NewOrder,1772015870.575442,5486,20,1
2,Payment,1772015870.575981,10981,14,1
1,NewOrder,1772015870.577534,5384,7,1
2,Payment,1772015870.578677,13397,12,1
2,Payment,1772015870.579237,18878,11,1
2,Payment,1772015870.579551,29637,9,1
1,NewOrder,1772015870.580618,17453,10,1
2,Payment,1772015870.580912,11310,5,1
2,Payment,1772015870.580934,16723,20,1
1,NewOrder,1772015870.580941,16958,2,1
1,NewOrder,1772015870.581022,17685,21,1
1,NewOrder,1772015870.582923,15407,7,1
3,OrderStatus,1772015870.584637,2617,1,1
2,Payment,1772015870.586969,12558,14,1
1,NewOrder,1772015870.587260,14557,1,1
1,NewOrder,1772015870.587924,10499,3,1
1,NewOrder,1772015870.587946,34362,15,1
5,StockLevel,1772015870.589664,21881,6,1
1,NewOrder,1772015870.590867,30112,16,1
2,Payment,1772015870.591631,16031,19,1
2,Payment,1772015870.592081,10165,12,1
2,Payment,1772015870.592232,8870,5,1
5,StockLevel,1772015870.592234,20874,4,1
2,Payment,1772015870.594396,13665,0,1
2,Payment,1772015870.597646,30891,23,1
1,NewOrder,1772015870.597662,28179,20,1
2,Payment,1772015870.597708,10345,17,1
2,Payment,1772015870.597741,7407,13,1
1,NewOrder,1772015870.597765,40187,8,1
1,NewOrder,1772015870.597904,41722,2,1
2,Payment,1772015870.597929,17113,18,1
1,NewOrder,1772015870.598076,16006,10,1
1,NewOrder,1772015870.598123,14415,11,1
1,NewOrder,1772015870.598334,27138,7,1
2,Payment,1772015870.598432,12457,3,1
2,Payment,1772015870.598712,23990,21,1
1,NewOrder,1772015870.599532,21491,14,1
1,NewOrder,1772015870.601112,29396,5,1
2,Payment,1772015870.601822,19153,1,1
1,NewOrder,1772015870.602253,9541,12,1
2,Payment,1772015870.605155,6147,13,1
1,NewOrder,1772015870.607673,29325,19,1
2,Payment,1772015870.608063,7314,17,1
2,Payment,1772015870.608068,19283,0,1
1,NewOrder,1772015870.609195,35034,9,1
1,NewOrder,1772015870.610899,33768,3,1
1,NewOrder,1772015870.611312,21332,13,1
1,NewOrder,1772015870.611550,33165,6,1
3,OrderStatus,1772015870.611798,5139,12,1
1,NewOrder,1772015870.612548,37854,11,1
5,StockLevel,1772015870.613113,8800,4,1
2,Payment,1772015870.614088,7716,10,1
2,Payment,1772015870.615053,23263,18,1
2,Payment,1772015870.615386,7280,17,1
1,NewOrder,1772015870.616943,25260,12,1
1,NewOrder,1772015870.620983,18676,1,1
1,NewOrder,1772015870.620989,19761,16,1
1,NewOrder,1772015870.621027,33223,14,1
1,NewOrder,1772015870.621807,32452,10,1
2,Payment,1772015870.621918,16424,4,1
1,NewOrder,1772015870.622316,32415,15,1
2,Payment,1772015870.622675,6473,17,1
5,StockLevel,1772015870.622711,18803,21,1
2,Payment,1772015870.625480,6288,7,1
2,Payment,1772015870.625845,21258,20,1
1,NewOrder,1772015870.627354,30417,0,1
1,NewOrder,1772015870.628545,30810,23,1
1,NewOrder,1772015870.629108,19434,22,1
1,NewOrder,1772015870.629158,21213,17,1
1,NewOrder,1772015870.630514,16932,5,1
2,Payment,1772015870.631773,7485,7,1
1,NewOrder,1772015870.632652,25604,13,1
1,NewOrder,1772015870.637007,27759,19,1
1,NewOrder,1772015870.637958,24998,8,1
1,NewOrder,1772015870.638320,48326,18,1
2,Payment,1772015870.638349,15374,4,1
2,Payment,1772015870.639264,5481,7,1
2,Payment,1772015870.639633,25233,2,1
2,Payment,1772015870.639670,34691,1,1
1,NewOrder,1772015870.640755,10954,16,1
2,Payment,1772015870.641520,12738,21,1
1,NewOrder,1772015870.642207,32618,12,1
1,NewOrder,1772015870.644236,27336,9,1
1,NewOrder,1772015870.644671,24644,3,1
1,NewOrder,1772015870.644727,16710,6,1
1,NewOrder,1772015870.644756,18972,7,1
1,NewOrder,1772015870.647110,21802,20,1
1,NewOrder,1772015870.647452,12285,5,1
2,Payment,1772015870.648548,12158,22,1
1,NewOrder,1772015870.650381,37217,17,1
1,NewOrder,1772015870.650411,31636,11,1
1,NewOrder,1772015870.651716,14765,16,1
1,NewOrder,1772015870.653729,41424,4,1
2,Payment,1772015870.654256,11824,14,1
2,Payment,1772015870.654265,12285,21,1
1,NewOrder,1772015870.654270,28292,10,1
1,NewOrder,1772015870.654736,15434,15,1
1,NewOrder,1772015870.657777,28837,0,1
1,NewOrder,1772015870.658262,28298,13,1
2,Payment,1772015870.659359,13416,23,1
2,Payment,1772015870.659742,21493,5,1
2,Payment,1772015870.660711,19202,22,1
2,Payment,1772015870.661449,5073,6,1
2,Payment,1772015870.662968,15487,8,1
1,NewOrder,1772015870.663734,15872,7,1
1,NewOrder,1772015870.664773,12340,19,1
2,Payment,1772015870.664876,30868,2,1
1,NewOrder,1772015870.666086,23479,14,1
2,Payment,1772015870.666490,9752,16,1
1,NewOrder,1772015870.666540,20386,6,1
2,Payment,1772015870.666561,19419,21,1
1,NewOrder,1772015870.668917,10116,20,1
2,Payment,1772015870.669322,19452,3,1
1,NewOrder,1772015870.670175,14837,15,1
2,Payment,1772015870.671582,11395,9,1
2,Payment,1772015870.672781,22308,23,1
3,OrderStatus,1772015870.674371,8862,1,1
2,Payment,1772015870.674835,8057,12,1
2,Payment,1772015870.676251,14841,16,1
1,NewOrder,1772015870.677120,25944,19,1
1,NewOrder,1772015870.678462,21254,8,1
1,NewOrder,1772015870.679038,29521,20,1
2,Payment,1772015870.679609,9544,7,1
1,NewOrder,1772015870.679918,24699,22,1
1,NewOrder,1772015870.681243,13436,5,1
1,NewOrder,1772015870.682057,23155,11,1
2,Payment,1772015870.682573,16096,10,1
2,Payment,1772015870.682902,17223,12,1
1,NewOrder,1772015870.682981,23543,9,1
1,NewOrder,1772015870.683243,14383,1,1
1,NewOrder,1772015870.685020,23635,15,1
2,Payment,1772015870.685986,22642,21,1
2,Payment,1772015870.686565,21235,13,1
1,NewOrder,1772015870.686618,25740,0,1
2,Payment,1772015870.686653,15897,18,1
1,NewOrder,1772015870.686932,22756,6,1
5,StockLevel,1772015870.687602,13973,17,1
1,NewOrder,1772015870.688781,20285,3,1
1,NewOrder,1772015870.689159,16558,7,1
2,Payment,1772015870.689570,29714,14,1
3,OrderStatus,1772015870.691099,11320,16,1
1,NewOrder,1772015870.694686,10967,5,1
1,NewOrder,1772015870.695094,41211,23,1
2,Payment,1772015870.695163,4946,4,1
2,Payment,1772015870.695755,10835,2,1
2,Payment,1772015870.697632,13936,1,1
1,NewOrder,1772015870.698680,14818,10,1
1,NewOrder,1772015870.699721,30467,8,1
1,NewOrder,1772015870.700119,14647,4,1
2,Payment,1772015870.700135,39063,12,1
2,Payment,1772015870.701585,33705,17,1
2,Payment,1772015870.702428,25693,16,1
1,NewOrder,1772015870.702555,29780,18,1
2,Payment,1772015870.703072,15693,19,1
2,Payment,1772015870.704622,26895,22,1
1,NewOrder,1772015870.705220,10280,11,1
2,Payment,1772015870.705657,10913,5,1
1,NewOrder,1772015870.705728,33502,7,1
1,NewOrder,1772015870.706532,13931,9,1
5,StockLevel,1772015870.706596,29309,2,1
1,NewOrder,1772015870.707806,16197,13,1
2,Payment,1772015870.708568,35936,20,1
2,Payment,1772015870.708632,29892,21,1
1,NewOrder,1772015870.708661,23379,15,1
1,NewOrder,1772015870.709070,39229,3,1
2,Payment,1772015870.709699,11776,6,1
1,NewOrder,1772015870.711572,25656,1,1
1,NewOrder,1772015870.712365,6361,0,1
1,NewOrder,1772015870.713508,6542,10,1
2,Payment,1772015870.714772,7081,4,1
2,Payment,1772015870.715510,7364,11,1
1,NewOrder,1772015870.716576,15407,5,1
1,NewOrder,1772015870.718730,37597,0,1
3,OrderStatus,1772015870.718773,10974,19,1
1,NewOrder,1772015870.719294,27000,14,1
1,NewOrder,1772015870.720057,7011,10,1
2,Payment,1772015870.720486,6555,9,1
1,NewOrder,1772015870.721484,29678,6,1
1,NewOrder,1772015870.721859,30145,4,1
1,NewOrder,1772015870.722880,4136,11,1
2,Payment,1772015870.724010,22328,13,1
2,Payment,1772015870.727022,1881,11,1
2,Payment,1772015870.727050,6465,9,1
1,NewOrder,1772015870.727073,7455,10,1
2,Payment,1772015870.728129,23907,16,1
1,NewOrder,1772015870.728907,5988,11,1
1,NewOrder,1772015870.729759,26593,19,1
1,NewOrder,1772015870.730192,17599,8,1
2,Payment,1772015870.731523,17124,22,1
2,Payment,1772015870.731989,3954,5,1
1,NewOrder,1772015870.732043,31509,15,1
1,NewOrder,1772015870.732339,31918,18,1
2,Payment,1772015870.733520,3335,9,1
2,Payment,1772015870.734533,5348,10,1
2,Payment,1772015870.734899,7791,11,1
1,NewOrder,1772015870.735299,18364,17,1
5,StockLevel,1772015870.735911,16956,2,1
2,Payment,1772015870.735947,5142,5,1
2,Payment,1772015870.736315,19072,23,1
5,StockLevel,1772015870.736858,16700,9,1
2,Payment,1772015870.737233,8685,1,1
1,NewOrder,1772015870.738530,13846,21,1
2,Payment,1772015870.739202,19870,12,1
2,Payment,1772015870.739239,11371,7,1
1,NewOrder,1772015870.739887,8322,10,1
2,Payment,1772015870.741108,9952,5,1
2,Payment,1772015870.742696,11554,11,1
2,Payment,1772015870.744509,20429,20,1
2,Payment,1772015870.745923,12775,1,1
2,Payment,1772015870.746319,23721,14,1
1,NewOrder,1772015870.746354,33828,13,1
1,NewOrder,1772015870.747802,16511,8,1
2,Payment,1772015870.748211,10823,10,1
2,Payment,1772015870.748309,21760,3,1
1,NewOrder,1772015870.748657,7082,22,1
2,Payment,1772015870.750644,19543,7,1
1,NewOrder,1772015870.751071,46015,5,1
1,NewOrder,1772015870.751187,43361,6,1
1,NewOrder,1772015870.752009,12969,4,1
4,Delivery,1772015870.752040,28336,16,1
1,NewOrder,1772015870.752386,9978,21,1
1,NewOrder,1772015870.752891,13074,2,1
2,Payment,1772015870.753563,26496,9,1
2,Payment,1772015870.753670,25906,17,1
1,NewOrder,1772015870.754262,35303,11,1
1,NewOrder,1772015870.755394,44252,23,1
1,NewOrder,1772015870.755748,10593,22,1
1,NewOrder,1772015870.756342,44416,0,1
1,NewOrder,1772015870.756367,41640,19,1
1,NewOrder,1772015870.758708,27643,1,1
1,NewOrder,1772015870.759040,33899,10,1
1,NewOrder,1772015870.759076,30493,12,1
1,NewOrder,1772015870.762389,8526,21,1
2,Payment,1772015870.763564,20752,15,1
2,Payment,1772015870.764261,19403,18,1
2,Payment,1772015870.764320,23520,8,1
2,Payment,1772015870.764961,8409,20,1
1,NewOrder,1772015870.765003,23804,4,1
2,Payment,1772015870.765969,6258,2,1
1,NewOrder,1772015870.766352,8755,22,1
1,NewOrder,1772015870.770052,26358,14,1
5,StockLevel,1772015870.770084,23188,3,1
5,StockLevel,1772015870.770201,26848,7,1
1,NewOrder,1772015870.770919,5065,21,1
5,StockLevel,1772015870.772233,3722,2,1
1,NewOrder,1772015870.773380,34622,20,1
1,NewOrder,1772015870.775116,5235,22,1
4,Delivery,1772015870.775960,5620,2,1
2,Payment,1772015870.775990,9925,21,1
1,NewOrder,1772015870.779598,28677,17,1
2,Payment,1772015870.780069,13908,9,1
2,Payment,1772015870.780191,8595,13,1
2,Payment,1772015870.780357,8817,22,1
1,NewOrder,1772015870.780381,25968,16,1
1,NewOrder,1772015870.781604,7496,2,1
2,Payment,1772015870.783679,9876,18,1
2,Payment,1772015870.784319,9739,15,1
1,NewOrder,1772015870.785918,34941,21,1
1,NewOrder,1772015870.786360,18744,1,1
1,NewOrder,1772015870.787865,16719,8,1
2,Payment,1772015870.788796,10414,13,1
2,Payment,1772015870.788813,8840,4,1
4,Delivery,1772015870.789105,39306,2,1
2,Payment,1772015870.789182,9385,22,1
1,NewOrder,1772015870.789587,24003,11,1
4,Delivery,1772015870.789595,10700,12,1
2,Payment,1772015870.792963,6369,10,1
2,Payment,1772015870.793282,10001,3,1
2,Payment,1772015870.793565,11895,18,1
1,NewOrder,1772015870.793988,51847,9,1
2,Payment,1772015870.794062,11364,15,1
2,Payment,1772015870.794554,19378,6,1
4,Delivery,1772015870.796434,4075,14,1
2,Payment,1772015870.797058,27344,7,1
1,NewOrder,1772015870.797096,13600,5,1
1,NewOrder,1772015870.797666,15899,4,1
2,Payment,1772015870.798018,20613,19,1
1,NewOrder,1772015870.798572,40657,22,1
1,NewOrder,1772015870.799235,36680,13,1
2,Payment,1772015870.799357,22406,10,1
1,NewOrder,1772015870.799657,48156,23,1
1,NewOrder,1772015870.800300,33461,12,1
1,NewOrder,1772015870.800516,38744,14,1
1,NewOrder,1772015870.800761,35272,0,1
2,Payment,1772015870.803306,3313,3,1
1,NewOrder,1772015870.804587,39396,8,1
1,NewOrder,1772015870.805126,11909,1,1
1,NewOrder,1772015870.805445,35318,15,1
2,Payment,1772015870.805473,22410,18,1
1,NewOrder,1772015870.806358,11153,16,1
2,Payment,1772015870.806623,12880,3,1
2,Payment,1772015870.808028,23763,20,1
1,NewOrder,1772015870.808291,5614,17,1
2,Payment,1772015870.810700,12660,5,1
1,NewOrder,1772015870.813574,25398,4,1
1,NewOrder,1772015870.813600,25605,11,1
2,Payment,1772015870.813910,1614,17,1
1,NewOrder,1772015870.813942,25343,6,1
1,NewOrder,1772015870.815536,7799,17,1
1,NewOrder,1772015870.817043,18376,1,1
2,Payment,1772015870.817521,3830,16,1
3,OrderStatus,1772015870.818641,8322,19,1
1,NewOrder,1772015870.819512,29686,3,1
1,NewOrder,1772015870.820868,31766,21,1
1,NewOrder,1772015870.821358,11448,16,1
2,Payment,1772015870.821771,6530,10,1
2,Payment,1772015870.823351,2548,17,1
1,NewOrder,1772015870.823372,26266,5,1
5,StockLevel,1772015870.824412,10942,7,1
1,NewOrder,1772015870.825902,22793,17,1
1,NewOrder,1772015870.826972,32651,19,1
1,NewOrder,1772015870.827907,33053,18,1
5,StockLevel,1772015870.828317,13632,10,1
3,OrderStatus,1772015870.828436,6870,2,1
2,Payment,1772015870.831814,4137,20,1
1,NewOrder,1772015870.832830,12982,16,1
3,OrderStatus,1772015870.833785,6687,12,1
5,StockLevel,1772015870.835315,23593,2,1
2,Payment,1772015870.835364,5838,7,1
2,Payment,1772015870.835424,5826,1,1
1,NewOrder,1772015870.835924,37848,13,1
1,NewOrder,1772015870.835975,16292,20,1
1,NewOrder,1772015870.836057,40182,0,1
1,NewOrder,1772015870.838982,23471,4,1
2,Payment,1772015870.839215,18951,11,1
2,Payment,1772015870.839237,6554,22,1
1,NewOrder,1772015870.839269,22052,14,1
2,Payment,1772015870.839291,10399,6,1
2,Payment,1772015870.840497,6922,12,1
2,Payment,1772015870.840782,12271,15,1
2,Payment,1772015870.841227,28029,7,1
1,NewOrder,1772015870.841274,11988,1,1
1,NewOrder,1772015870.841956,14329,10,1
1,NewOrder,1772015870.843993,13819,8,1
1,NewOrder,1772015870.845795,26962,22,1
2,Payment,1772015870.845838,17040,16,1
1,NewOrder,1772015870.845846,19305,9,1
3,OrderStatus,1772015870.847426,3891,12,1
1,NewOrder,1772015870.847823,13949,23,1
2,Payment,1772015870.848705,9140,17,1
2,Payment,1772015870.849213,13973,3,1
2,Payment,1772015870.849651,4917,5,1
1,NewOrder,1772015870.849694,21899,6,1
2,Payment,1772015870.851327,18627,12,1
2,Payment,1772015870.852292,5690,20,1
2,Payment,1772015870.852658,17097,21,1
1,NewOrder,1772015870.853064,31478,15,1
2,Payment,1772015870.853272,16643,1,1
1,NewOrder,1772015870.854582,15796,5,1
2,Payment,1772015870.856290,6520,10,1
2,Payment,1772015870.857830,20064,8,1
1,NewOrder,1772015870.857861,11930,17,1
2,Payment,1772015870.857992,18562,20,1
1,NewOrder,1772015870.858176,22777,11,1
3,OrderStatus,1772015870.858918,8283,2,1
3,OrderStatus,1772015870.859634,4343,19,1
2,Payment,1772015870.860984,19277,18,1
4,Delivery,1772015870.861346,20024,14,1
5,StockLevel,1772015870.861797,11826,23,1
1,NewOrder,1772015870.862462,14519,4,1
2,Payment,1772015870.862816,21698,10,1
1,NewOrder,1772015870.862887,26393,16,1
1,NewOrder,1772015870.863194,25444,3,1
2,Payment,1772015870.863979,20613,19,1
5,StockLevel,1772015870.865161,11731,9,1
1,NewOrder,1772015870.867215,17324,2,1
3,OrderStatus,1772015870.869280,8311,7,1
1,NewOrder,1772015870.869766,19918,21,1
1,NewOrder,1772015870.869815,36735,17,1
2,Payment,1772015870.869927,7992,1,1
1,NewOrder,1772015870.869979,22967,12,1
2,Payment,1772015870.870387,13676,5,1
1,NewOrder,1772015870.871615,21809,6,1
2,Payment,1772015870.872780,16329,22,1
2,Payment,1772015870.873648,25100,23,1
1,NewOrder,1772015870.873803,19634,13,1
2,Payment,1772015870.876245,13068,0,1
2,Payment,1772015870.876557,31225,20,1
3,OrderStatus,1772015870.876901,3852,9,1
1,NewOrder,1772015870.876986,28501,4,1
2,Payment,1772015870.877596,12496,7,1
1,NewOrder,1772015870.877904,56698,8,1
1,NewOrder,1772015870.877929,42919,1,1
2,Payment,1772015870.880272,36886,18,1
4,Delivery,1772015870.880762,35838,9,1
2,Payment,1772015870.880959,18230,11,1
1,NewOrder,1772015870.881378,12024,14,1
2,Payment,1772015870.884073,11107,5,1
2,Payment,1772015870.884524,17975,10,1
1,NewOrder,1772015870.884547,11013,2,1
1,NewOrder,1772015870.884551,8924,15,1
2,Payment,1772015870.884605,38136,19,1
1,NewOrder,1772015870.888647,43261,3,1
3,OrderStatus,1772015870.889115,8018,22,1
1,NewOrder,1772015870.889287,39446,16,1
2,Payment,1772015870.889320,15269,0,1
1,NewOrder,1772015870.889687,44595,21,1
5,StockLevel,1772015870.890095,20682,7,1
1,NewOrder,1772015870.892957,32724,12,1
5,StockLevel,1772015870.893437,3554,14,1
2,Payment,1772015870.893473,2777,13,1
2,Payment,1772015870.893477,13108,6,1
2,Payment,1772015870.893487,5662,15,1
4,Delivery,1772015870.895227,50175,5,1
1,NewOrder,1772015870.895702,10068,2,1
1,NewOrder,1772015870.896261,18822,13,1
2,Payment,1772015870.896998,4322,14,1
2,Payment,1772015870.897139,31099,22,1
2,Payment,1772015870.898763,34239,23,1
3,OrderStatus,1772015870.899155,2830,15,1
2,Payment,1772015870.899199,10614,11,1
1,NewOrder,1772015870.901326,11237,14,1
1,NewOrder,1772015870.901989,11827,15,1
2,Payment,1772015870.902508,10575,10,1
1,NewOrder,1772015870.904599,32931,0,1
1,NewOrder,1772015870.905495,17603,4,1
2,Payment,1772015870.905778,2321,2,1
5,StockLevel,1772015870.906559,19621,17,1
2,Payment,1772015870.906595,10655,6,1
2,Payment,1772015870.907791,28521,20,1
2,Payment,1772015870.908104,2063,2,1
2,Payment,1772015870.909818,11414,11,1
2,Payment,1772015870.910172,2933,2,1
1,NewOrder,1772015870.910784,30359,7,1
1,NewOrder,1772015870.912568,5746,14,1
2,Payment,1772015870.913086,11179,10,1
1,NewOrder,1772015870.913110,6489,2,1
2,Payment,1772015870.913820,3389,15,1
2,Payment,1772015870.915088,6106,13,1
1,NewOrder,1772015870.916609,15859,9,1
2,Payment,1772015870.917169,22898,18,1
1,NewOrder,1772015870.917214,10294,15,1
2,Payment,1772015870.917255,12053,6,1
1,NewOrder,1772015870.918317,11408,14,1
1,NewOrder,1772015870.919603,11341,2,1
4,Delivery,1772015870.920861,25503,1,1
2,Payment,1772015870.921202,3520,13,1
2,Payment,1772015870.921238,13108,11,1
2,Payment,1772015870.922747,22626,19,1
1,NewOrder,1772015870.923108,21799,4,1
1,NewOrder,1772015870.924270,18356,10,1
2,Payment,1772015870.924725,4970,13,1
2,Payment,1772015870.925687,10003,12,1
1,NewOrder,1772015870.926185,14934,17,1
2,Payment,1772015870.927512,14286,15,1
2,Payment,1772015870.928246,24984,22,1
2,Payment,1772015870.928747,20361,16,1
2,Payment,1772015870.929313,14610,6,1
1,NewOrder,1772015870.929700,21815,13,1
1,NewOrder,1772015870.929734,8804,14,1
2,Payment,1772015870.930949,2725,2,1
4,Delivery,1772015870.931916,14447,3,1
2,Payment,1772015870.932478,16615,9,1
2,Payment,1772015870.933012,26579,23,1
1,NewOrder,1772015870.933678,15920,2,1
1,NewOrder,1772015870.934292,43549,21,1
1,NewOrder,1772015870.934348,21361,11,1
1,NewOrder,1772015870.934609,19887,8,1
5,StockLevel,1772015870.935694,15873,12,1
1,NewOrder,1772015870.936321,12288,20,1
1,NewOrder,1772015870.937534,30347,0,1
2,Payment,1772015870.938544,22283,14,1
1,NewOrder,1772015870.940077,14013,18,1
2,Payment,1772015870.941123,25527,17,1
2,Payment,1772015870.941147,19253,7,1
2,Payment,1772015870.941808,28851,15,1
1,NewOrder,1772015870.942636,12297,10,1
2,Payment,1772015870.943931,23182,6,1
2,Payment,1772015870.944914,5909,4,1
2,Payment,1772015870.945377,20719,19,1
1,NewOrder,1772015870.945409,32332,5,1
5,StockLevel,1772015870.946369,19012,3,1
2,Payment,1772015870.946372,11513,1,1
1,NewOrder,1772015870.948618,18516,20,1
2,Payment,1772015870.949101,21955,9,1
3,OrderStatus,1772015870.949118,11898,16,1
1,NewOrder,1772015870.949607,7140,2,1
3,OrderStatus,1772015870.950828,6652,4,1
1,NewOrder,1772015870.951521,28055,13,1
1,NewOrder,1772015870.951578,9145,12,1
1,NewOrder,1772015870.953237,19684,22,1
2,Payment,1772015870.954099,17454,18,1
1,NewOrder,1772015870.954502,44359,8,1
2,Payment,1772015870.954938,22362,10,1
2,Payment,1772015870.955720,31431,11,1
1,NewOrder,1772015870.956752,4048,2,1
1,NewOrder,1772015870.957486,9139,4,1
1,NewOrder,1772015870.957892,15824,1,1
2,Payment,1772015870.959602,18308,23,1
4,Delivery,1772015870.960404,15353,7,1
2,Payment,1772015870.960731,14536,12,1
1,NewOrder,1772015870.960805,5742,2,1
3,OrderStatus,1772015870.960836,4127,14,1
1,NewOrder,1772015870.961021,16855,16,1
2,Payment,1772015870.964972,21782,14,1
2,Payment,1772015870.965388,6066,3,1
2,Payment,1772015870.966100,17346,19,1
1,NewOrder,1772015870.966553,15259,2,1
2,Payment,1772015870.966628,14833,4,1
2,Payment,1772015870.966657,29243,17,1
1,NewOrder,1772015870.967117,39191,6,1
1,NewOrder,1772015870.967139,29382,20,1
2,Payment,1772015870.967892,14774,0,1
2,Payment,1772015870.970682,35149,15,1
1,NewOrder,1772015870.971067,33213,9,1
3,OrderStatus,1772015870.971463,7441,3,1
1,NewOrder,1772015870.971558,36828,18,1
1,NewOrder,1772015870.972927,8902,22,1
4,Delivery,1772015870.973720,6372,1,1
1,NewOrder,1772015870.975277,8473,12,1
1,NewOrder,1772015870.975767,11741,7,1
1,NewOrder,1772015870.977306,24995,10,1
2,Payment,1772015870.977754,13197,5,1
2,Payment,1772015870.977857,14081,21,1
1,NewOrder,1772015870.977900,31692,16,1
1,NewOrder,1772015870.977935,25725,23,1
1,NewOrder,1772015870.978909,27369,3,1
5,StockLevel,1772015870.979581,1805,13,1
2,Payment,1772015870.980095,18802,1,1
2,Payment,1772015870.981390,18541,13,1
2,Payment,1772015870.981471,23493,4,1
4,Delivery,1772015870.981816,27448,2,1
2,Payment,1772015870.981835,16559,22,1
2,Payment,1772015870.982683,12083,0,1
1,NewOrder,1772015870.983460,3637,19,1
1,NewOrder,1772015870.983778,8615,12,1
1,NewOrder,1772015870.986776,21250,14,1
1,NewOrder,1772015870.987102,20466,19,1
3,OrderStatus,1772015870.987156,2745,11,1
1,NewOrder,1772015870.987511,11326,7,1
1,NewOrder,1772015870.989909,12066,11,1
2,Payment,1772015870.990962,23537,5,1
4,Delivery,1772015870.991946,23083,21,1
3,OrderStatus,1772015870.992403,1878,12,1
5,StockLevel,1772015870.994306,15578,12,1
2,Payment,1772015870.994780,29559,0,1
1,NewOrder,1772015870.995910,39561,17,1
2,Payment,1772015870.996533,6708,20,1
2,Payment,1772015870.998400,9597,22,1
1,NewOrder,1772015870.998862,42058,7,1
1,NewOrder,1772015870.998885,48321,8,1
2,Payment,1772015870.998921,31887,1,1
1,NewOrder,1772015870.999934,11582,13,1
2,Payment,1772015871.001982,6178,11,1
2,Payment,1772015871.002311,19998,10,1
2,Payment,1772015871.003245,13037,20,1
4,Delivery,1772015871.003664,11694,23,1
1,NewOrder,1772015871.004290,8096,9,1
2,Payment,1772015871.004969,30594,4,1
1,NewOrder,1772015871.005841,40204,15,1
1,NewOrder,1772015871.006282,41249,3,1
5,StockLevel,1772015871.006318,30070,6,1
2,Payment,1772015871.007583,12915,19,1
2,Payment,1772015871.008001,9804,22,1
1,NewOrder,1772015871.008047,50200,14,1
2,Payment,1772015871.008165,24122,11,1
1,NewOrder,1772015871.008394,45530,18,1
1,NewOrder,1772015871.009274,7364,2,1
1,NewOrder,1772015871.009597,5392,16,1
1,NewOrder,1772015871.009895,46953,12,1
2,Payment,1772015871.011524,5165,13,1
1,NewOrder,1772015871.012395,6718,9,1
1,NewOrder,1772015871.014509,41775,5,1
1,NewOrder,1772015871.014996,39821,16,1
1,NewOrder,1772015871.015035,36648,21,1
1,NewOrder,1772015871.015366,33450,23,1
2,Payment,1772015871.016293,7061,20,1
2,Payment,1772015871.016644,10209,2,1
3,OrderStatus,1772015871.016695,15481,13,1
1,NewOrder,1772015871.017811,6963,22,1
1,NewOrder,1772015871.019121,5629,9,1
1,NewOrder,1772015871.020508,16304,19,1
5,StockLevel,1772015871.022320,24106,10,1
1,NewOrder,1772015871.023360,11794,20,1
4,Delivery,1772015871.024346,22456,0,1
2,Payment,1772015871.024754,11448,9,1
2,Payment,1772015871.024780,2418,22,1
1,NewOrder,1772015871.026862,12924,2,1
1,NewOrder,1772015871.027203,25850,22,1
2,Payment,1772015871.030819,10119,1,1
1,NewOrder,1772015871.032183,29220,13,1
1,NewOrder,1772015871.032290,26653,11,1
1,NewOrder,1772015871.035164,45256,20,1
2,Payment,1772015871.035481,6672,17,1
1,NewOrder,1772015871.035574,17981,4,1
1,NewOrder,1772015871.036211,13911,9,1
1,NewOrder,1772015871.036395,23204,6,1
1,NewOrder,1772015871.036815,59174,19,1
2,Payment,1772015871.039793,5304,2,1
1,NewOrder,1772015871.040926,18696,7,1
1,NewOrder,1772015871.040946,39174,1,1
3,OrderStatus,1772015871.042159,9009,17,1
1,NewOrder,1772015871.045102,12750,2,1
2,Payment,1772015871.046053,11814,15,1
1,NewOrder,1772015871.046430,15342,10,1
1,NewOrder,1772015871.046811,38022,0,1
2,Payment,1772015871.047217,9617,8,1
2,Payment,1772015871.047541,9268,3,1
1,NewOrder,1772015871.048820,20366,23,1
1,NewOrder,1772015871.050127,24476,9,1
4,Delivery,1772015871.051175,69416,17,1
2,Payment,1772015871.051693,6586,21,1
4,Delivery,1772015871.053067,42614,22,1
2,Payment,1772015871.053566,12165,4,1
1,NewOrder,1772015871.053934,38252,18,1
2,Payment,1772015871.054825,13675,16,1
1,NewOrder,1772015871.056291,28507,5,1
1,NewOrder,1772015871.056833,25090,3,1
1,NewOrder,1772015871.056848,38289,8,1
2,Payment,1772015871.056875,18640,12,1
1,NewOrder,1772015871.057863,30132,2,1
2,Payment,1772015871.057887,24369,15,1
4,Delivery,1772015871.058256,62718,14,1
1,NewOrder,1772015871.058288,36715,21,1
1,NewOrder,1772015871.058955,14454,11,1
1,NewOrder,1772015871.059613,13196,6,1
1,NewOrder,1772015871.059632,13804,7,1
2,Payment,1772015871.061420,25943,13,1
1,NewOrder,1772015871.061797,11669,10,1
2,Payment,1772015871.065738,7048,4,1
1,NewOrder,1772015871.068514,26587,16,1
1,NewOrder,1772015871.069192,13020,23,1
2,Payment,1772015871.072811,5202,4,1
5,StockLevel,1772015871.072822,7960,6,1
2,Payment,1772015871.073414,6271,11,1
5,StockLevel,1772015871.073445,8555,7,1
2,Payment,1772015871.073476,3189,10,1
5,StockLevel,1772015871.074614,13070,9,1
2,Payment,1772015871.075525,20154,12,1
1,NewOrder,1772015871.076674,13994,10,1
4,Delivery,1772015871.078016,51357,4,1
2,Payment,1772015871.079689,4751,11,1
1,NewOrder,1772015871.080123,27617,1,1
2,Payment,1772015871.080428,10763,20,1
2,Payment,1772015871.080789,8975,6,1
1,NewOrder,1772015871.081930,21558,3,1
1,NewOrder,1772015871.082006,15114,7,1
2,Payment,1772015871.082215,15434,23,1
1,NewOrder,1772015871.082260,19454,15,1
1,NewOrder,1772015871.084445,35659,11,1
1,NewOrder,1772015871.084803,19122,5,1
1,NewOrder,1772015871.084842,27279,0,1
2,Payment,1772015871.087369,13695,13,1
2,Payment,1772015871.087692,14053,9,1
2,Payment,1772015871.088005,8620,2,1
2,Payment,1772015871.089770,19588,6,1
2,Payment,1772015871.090676,29043,10,1
1,NewOrder,1772015871.091201,33156,20,1
1,NewOrder,1772015871.092193,19340,18,1
2,Payment,1772015871.095007,12163,21,1
2,Payment,1772015871.095108,11521,16,1
5,StockLevel,1772015871.095149,11204,8,1
1,NewOrder,1772015871.095697,24466,12,1
2,Payment,1772015871.095706,17826,22,1
4,Delivery,1772015871.095994,20461,19,1
1,NewOrder,1772015871.096636,19373,2,1
3,OrderStatus,1772015871.097131,6474,7,1
1,NewOrder,1772015871.097660,29779,23,1
2,Payment,1772015871.101067,10961,13,1
2,Payment,1772015871.101723,20297,15,1
3,OrderStatus,1772015871.101751,7241,9,1
1,NewOrder,1772015871.103512,14263,3,1
1,NewOrder,1772015871.103612,23791,7,1
2,Payment,1772015871.103935,4931,5,1
2,Payment,1772015871.106363,20638,8,1
1,NewOrder,1772015871.106654,12710,16,1
1,NewOrder,1772015871.107179,51695,21,1
1,NewOrder,1772015871.107749,29004,1,1
2,Payment,1772015871.108890,7533,5,1
2,Payment,1772015871.109008,22545,9,1
2,Payment,1772015871.109383,27121,6,1
1,NewOrder,1772015871.111545,55240,18,1
5,StockLevel,1772015871.112035,21933,13,1
4,Delivery,1772015871.112124,17770,0,1
2,Payment,1772015871.113536,3945,22,1
1,NewOrder,1772015871.116015,21293,2,1
1,NewOrder,1772015871.116442,30512,5,1
1,NewOrder,1772015871.116465,44376,19,1
1,NewOrder,1772015871.117485,26795,22,1
2,Payment,1772015871.117782,2409,3,1
1,NewOrder,1772015871.119374,9692,16,1
1,NewOrder,1772015871.119729,21044,10,1
2,Payment,1772015871.120115,21175,11,1
1,NewOrder,1772015871.120189,24065,12,1
2,Payment,1772015871.120216,3240,3,1
2,Payment,1772015871.120602,12332,17,1
1,NewOrder,1772015871.120979,22797,14,1
1,NewOrder,1772015871.122027,44194,15,1
1,NewOrder,1772015871.123467,21748,3,1
1,NewOrder,1772015871.124360,15580,20,1
2,Payment,1772015871.127029,18926,8,1
1,NewOrder,1772015871.127414,24649,7,1
2,Payment,1772015871.127461,9453,23,1
1,NewOrder,1772015871.129108,25885,16,1
1,NewOrder,1772015871.129396,22415,4,1
1,NewOrder,1772015871.129903,31862,0,1
3,OrderStatus,1772015871.131561,4046,9,1
1,NewOrder,1772015871.132943,30025,17,1
3,OrderStatus,1772015871.133978,6257,13,1
1,NewOrder,1772015871.135613,17385,9,1
1,NewOrder,1772015871.136510,19680,6,1
1,NewOrder,1772015871.136758,20064,1,1
1,NewOrder,1772015871.136919,33057,23,1
4,Delivery,1772015871.137317,27365,2,1
1,NewOrder,1772015871.139954,28889,20,1
1,NewOrder,1772015871.140241,36975,13,1
1,NewOrder,1772015871.140783,25919,10,1
2,Payment,1772015871.141294,9484,11,1
1,NewOrder,1772015871.143780,18664,14,1
2,Payment,1772015871.144258,6019,12,1
1,NewOrder,1772015871.144290,19683,22,1
2,Payment,1772015871.145225,5584,3,1
2,Payment,1772015871.145960,9647,8,1
4,Delivery,1772015871.146958,18028,5,1
1,NewOrder,1772015871.150283,17370,12,1
2,Payment,1772015871.150781,12042,11,1
1,NewOrder,1772015871.150819,15939,3,1
1,NewOrder,1772015871.151823,33123,4,1
2,Payment,1772015871.152069,21332,7,1
2,Payment,1772015871.153008,33245,9,1
3,OrderStatus,1772015871.155000,3582,16,1
2,Payment,1772015871.155616,20832,8,1
2,Payment,1772015871.156195,23499,6,1
2,Payment,1772015871.156833,6800,1,1
1,NewOrder,1772015871.158590,13300,16,1
1,NewOrder,1772015871.158879,44246,21,1
1,NewOrder,1772015871.160850,33138,19,1
1,NewOrder,1772015871.161773,22426,0,1
1,NewOrder,1772015871.162449,10471,14,1
1,NewOrder,1772015871.162826,9383,11,1
2,Payment,1772015871.162979,8215,17,1
1,NewOrder,1772015871.163638,35758,1,1
1,NewOrder,1772015871.163982,50181,22,1
2,Payment,1772015871.164687,8668,2,1
1,NewOrder,1772015871.164993,24859,5,1
1,NewOrder,1772015871.166227,45470,15,1
1,NewOrder,1772015871.166710,55355,10,1
2,Payment,1772015871.166763,12637,3,1
4,Delivery,1772015871.166796,14229,18,1
1,NewOrder,1772015871.167662,9939,12,1
1,NewOrder,1772015871.168849,7993,20,1
1,NewOrder,1772015871.169982,14605,23,1
1,NewOrder,1772015871.171200,41848,17,1
2,Payment,1772015871.171895,14558,16,1
3,OrderStatus,1772015871.172214,10782,11,1
1,NewOrder,1772015871.172923,16418,14,1
1,NewOrder,1772015871.173365,26673,2,1
1,NewOrder,1772015871.173406,26059,7,1
2,Payment,1772015871.176456,13971,8,1
2,Payment,1772015871.176847,3247,20,1
2,Payment,1772015871.177221,21600,13,1
1,NewOrder,1772015871.177608,10999,12,1
2,Payment,1772015871.179405,7219,3,1
1,NewOrder,1772015871.179699,14727,6,1
1,NewOrder,1772015871.180098,10656,20,1
2,Payment,1772015871.181027,6789,18,1
2,Payment,1772015871.183001,18081,11,1
2,Payment,1772015871.184210,10187,0,1
2,Payment,1772015871.184594,9777,23,1
1,NewOrder,1772015871.184953,28585,4,1
1,NewOrder,1772015871.186258,13202,9,1
1,NewOrder,1772015871.186463,46601,16,1
1,NewOrder,1772015871.186629,14026,3,1
2,Payment,1772015871.187822,14839,18,1
2,Payment,1772015871.188610,19821,12,1
4,Delivery,1772015871.189344,12070,14,1
4,Delivery,1772015871.189862,54519,5,1
2,Payment,1772015871.190430,13100,8,1
5,StockLevel,1772015871.190760,9322,20,1
4,Delivery,1772015871.193992,25725,19,1
4,Delivery,1772015871.194376,25563,23,1
1,NewOrder,1772015871.194408,36193,0,1
1,NewOrder,1772015871.194436,34764,6,1
2,Payment,1772015871.198826,16961,13,1
4,Delivery,1772015871.199422,45511,1,1
1,NewOrder,1772015871.199472,35493,9,1
1,NewOrder,1772015871.199477,25947,7,1
1,NewOrder,1772015871.200043,27716,2,1
1,NewOrder,1772015871.200091,11245,20,1
1,NewOrder,1772015871.200661,30347,3,1
1,NewOrder,1772015871.201092,11120,11,1
1,NewOrder,1772015871.201424,8851,14,1
1,NewOrder,1772015871.202665,43645,18,1
2,Payment,1772015871.203131,9866,21,1
2,Payment,1772015871.203537,2077,8,1
4,Delivery,1772015871.205619,8878,8,1
2,Payment,1772015871.208438,13568,12,1
1,NewOrder,1772015871.210280,14200,14,1
1,NewOrder,1772015871.211343,13574,20,1
2,Payment,1772015871.211708,19015,15,1
1,NewOrder,1772015871.212221,21502,11,1
2,Payment,1772015871.213001,7412,21,1
5,StockLevel,1772015871.213054,26289,17,1
2,Payment,1772015871.213545,8650,4,1
2,Payment,1772015871.214168,13602,22,1
3,OrderStatus,1772015871.214506,6806,8,1
2,Payment,1772015871.215792,28201,13,1
1,NewOrder,1772015871.219724,20486,19,1
1,NewOrder,1772015871.219947,21642,23,1
1,NewOrder,1772015871.220419,43613,21,1
2,Payment,1772015871.221321,4142,8,1
1,NewOrder,1772015871.222011,29944,12,1
2,Payment,1772015871.222075,11624,10,1
2,Payment,1772015871.222202,7844,4,1
2,Payment,1772015871.224485,10852,14,1
1,NewOrder,1772015871.224922,26520,20,1
1,NewOrder,1772015871.225426,41206,7,1
1,NewOrder,1772015871.225469,18938,8,1
2,Payment,1772015871.227766,11506,2,1
2,Payment,1772015871.227777,9444,22,1
1,NewOrder,1772015871.229205,22589,6,1
1,NewOrder,1772015871.230058,35490,4,1
1,NewOrder,1772015871.230608,29122,0,1
2,Payment,1772015871.230728,21445,15,1
1,NewOrder,1772015871.231018,19353,3,1
1,NewOrder,1772015871.233068,16703,16,1
4,Delivery,1772015871.233706,63139,10,1
1,NewOrder,1772015871.233728,19741,11,1
1,NewOrder,1772015871.234970,15738,9,1
1,NewOrder,1772015871.235346,26000,14,1
4,Delivery,1772015871.237226,41871,22,1
1,NewOrder,1772015871.239276,25945,2,1
1,NewOrder,1772015871.239348,27311,17,1
2,Payment,1772015871.240213,6486,19,1
1,NewOrder,1772015871.241595,14152,23,1
2,Payment,1772015871.243999,15944,13,1
2,Payment,1772015871.244388,9679,5,1
1,NewOrder,1772015871.244416,17305,8,1
1,NewOrder,1772015871.244940,19957,1,1
2,Payment,1772015871.246320,10931,18,1
4,Delivery,1772015871.246706,32637,19,1
2,Payment,1772015871.249783,14695,16,1
1,NewOrder,1772015871.250377,20797,3,1
2,Payment,1772015871.250713,4442,9,1
1,NewOrder,1772015871.251448,18574,20,1
1,NewOrder,1772015871.251800,17054,6,1
2,Payment,1772015871.251965,26860,12,1
1,NewOrder,1772015871.252180,31363,15,1
2,Payment,1772015871.253480,9142,11,1
1,NewOrder,1772015871.254072,49564,5,1
2,Payment,1772015871.255161,14013,9,1
1,NewOrder,1772015871.255753,10632,23,1
1,NewOrder,1772015871.257254,26315,18,1
2,Payment,1772015871.259742,6591,0,1
1,NewOrder,1772015871.259947,37426,13,1
2,Payment,1772015871.261355,25156,14,1
1,NewOrder,1772015871.261729,15104,8,1
2,Payment,1772015871.262632,12452,11,1
3,OrderStatus,1772015871.264042,5615,21,1
1,NewOrder,1772015871.264494,24548,16,1
2,Payment,1772015871.264903,11212,1,1
2,Payment,1772015871.265226,18235,2,1
1,NewOrder,1772015871.265556,32527,4,1
1,NewOrder,1772015871.266337,20629,0,1
2,Payment,1772015871.266389,6182,23,1
1,NewOrder,1772015871.266638,14911,7,1
1,NewOrder,1772015871.266669,18087,17,1
2,Payment,1772015871.268864,14140,6,1
3,OrderStatus,1772015871.269180,3873,9,1
2,Payment,1772015871.269664,7142,21,1
1,NewOrder,1772015871.270026,11937,20,1
2,Payment,1772015871.271178,20622,3,1
2,Payment,1772015871.272576,9424,23,1
2,Payment,1772015871.273064,17378,9,1
1,NewOrder,1772015871.275096,40171,11,1
1,NewOrder,1772015871.276119,21277,1,1
2,Payment,1772015871.276811,7643,21,1
1,NewOrder,1772015871.276840,13134,8,1
2,Payment,1772015871.278835,14735,12,1
2,Payment,1772015871.279101,8363,22,1
2,Payment,1772015871.279349,11138,19,1
1,NewOrder,1772015871.281556,7727,7,1
2,Payment,1772015871.281966,12058,20,1
2,Payment,1772015871.282002,18077,23,1
1,NewOrder,1772015871.283011,22141,6,1
1,NewOrder,1772015871.283468,34414,2,1
1,NewOrder,1772015871.283549,36885,15,1
1,NewOrder,1772015871.283580,29506,18,1
2,Payment,1772015871.284464,20171,21,1
2,Payment,1772015871.284760,12462,17,1
3,OrderStatus,1772015871.286522,5734,14,1
1,NewOrder,1772015871.286970,10323,0,1
2,Payment,1772015871.287469,22113,22,1
1,NewOrder,1772015871.289052,34161,16,1
1,NewOrder,1772015871.289288,21123,7,1
2,Payment,1772015871.289982,3999,8,1
1,NewOrder,1772015871.290448,33532,9,1
1,NewOrder,1772015871.290493,21043,19,1
1,NewOrder,1772015871.291811,34072,3,1
1,NewOrder,1772015871.292266,21494,14,1
1,NewOrder,1772015871.293575,34958,12,1
1,NewOrder,1772015871.293989,20501,8,1
2,Payment,1772015871.294034,21193,20,1
2,Payment,1772015871.296850,7206,10,1
3,OrderStatus,1772015871.297227,4140,17,1
1,NewOrder,1772015871.297300,26284,0,1
2,Payment,1772015871.297379,14593,13,1
1,NewOrder,1772015871.297403,19276,1,1
2,Payment,1772015871.298090,10665,4,1
4,Delivery,1772015871.300084,60845,23,1
3,OrderStatus,1772015871.301373,5495,17,1
1,NewOrder,1772015871.303644,17037,5,1
2,Payment,1772015871.304065,6455,10,1
2,Payment,1772015871.304642,15728,21,1
1,NewOrder,1772015871.305161,16582,6,1
2,Payment,1772015871.306873,9288,17,1
1,NewOrder,1772015871.308764,23705,4,1
4,Delivery,1772015871.309586,51748,22,1
2,Payment,1772015871.310417,18016,7,1
2,Payment,1772015871.310525,6068,10,1
2,Payment,1772015871.311539,12046,19,1
1,NewOrder,1772015871.311979,22560,13,1
1,NewOrder,1772015871.313097,27717,18,1
1,NewOrder,1772015871.313765,18324,14,1
2,Payment,1772015871.314497,21268,8,1
2,Payment,1772015871.315231,11510,20,1
2,Payment,1772015871.315277,27103,11,1
1,NewOrder,1772015871.316171,30604,17,1
1,NewOrder,1772015871.316598,28865,10,1
2,Payment,1772015871.316690,11324,1,1
2,Payment,1772015871.317889,16069,2,1
2,Payment,1772015871.320379,10015,21,1
2,Payment,1772015871.320437,5907,15,1
2,Payment,1772015871.320690,19495,5,1
1,NewOrder,1772015871.321748,16717,6,1
1,NewOrder,1772015871.323223,34843,16,1
3,OrderStatus,1772015871.323592,9570,0,1
1,NewOrder,1772015871.323593,9761,19,1
1,NewOrder,1772015871.323986,42006,9,1
4,Delivery,1772015871.325894,37943,3,1
1,NewOrder,1772015871.326351,22606,15,1
1,NewOrder,1772015871.326745,15719,20,1
2,Payment,1772015871.328023,17846,1,1
2,Payment,1772015871.328441,19797,7,1
2,Payment,1772015871.328538,7771,12,1
3,OrderStatus,1772015871.330400,4568,21,1
1,NewOrder,1772015871.332094,36837,14,1
1,NewOrder,1772015871.332478,41472,4,1
2,Payment,1772015871.333166,19600,0,1
2,Payment,1772015871.333360,3312,19,1
1,NewOrder,1772015871.333975,18346,2,1
2,Payment,1772015871.334547,4872,13,1
5,StockLevel,1772015871.334974,10483,21,1
1,NewOrder,1772015871.335776,20614,8,1
1,NewOrder,1772015871.336316,21112,12,1
2,Payment,1772015871.336677,5222,19,1
2,Payment,1772015871.338469,12861,6,1
2,Payment,1772015871.339424,3695,13,1
1,NewOrder,1772015871.340194,15801,5,1
2,Payment,1772015871.340838,6878,18,1
2,Payment,1772015871.341910,12990,19,1
2,Payment,1772015871.342387,13079,11,1
1,NewOrder,1772015871.342474,15900,20,1
1,NewOrder,1772015871.343131,15198,13,1
2,Payment,1772015871.345464,12461,21,1
2,Payment,1772015871.345468,22000,10,1
2,Payment,1772015871.345875,17191,1,1
2,Payment,1772015871.346790,3682,17,1
1,NewOrder,1772015871.347720,14991,18,1
2,Payment,1772015871.348263,25707,7,1
2,Payment,1772015871.348973,6456,15,1
2,Payment,1772015871.350476,15876,17,1
2,Payment,1772015871.351339,30087,6,1
1,NewOrder,1772015871.352333,22761,2,1
2,Payment,1772015871.352793,13595,0,1
1,NewOrder,1772015871.354910,9436,19,1
1,NewOrder,1772015871.355453,21939,15,1
2,Payment,1772015871.355479,34730,11,1
2,Payment,1772015871.356006,18743,5,1
5,StockLevel,1772015871.356404,18754,8,1
4,Delivery,1772015871.357438,14803,12,1
5,StockLevel,1772015871.357938,19772,21,1
1,NewOrder,1772015871.358091,15136,16,1
1,NewOrder,1772015871.358340,22844,13,1
5,StockLevel,1772015871.358398,24373,20,1
2,Payment,1772015871.360940,3368,23,1
1,NewOrder,1772015871.361356,4976,22,1
5,StockLevel,1772015871.362736,3555,18,1
2,Payment,1772015871.363071,18804,1,1
4,Delivery,1772015871.363846,15993,3,1
4,Delivery,1772015871.364317,50866,23,1
2,Payment,1772015871.364355,8768,19,1
1,NewOrder,1772015871.366019,21423,9,1
2,Payment,1772015871.366300,11468,18,1
2,Payment,1772015871.366340,15917,22,1
4,Delivery,1772015871.366362,6406,17,1
2,Payment,1772015871.366394,24218,0,1
1,NewOrder,1772015871.367492,5767,10,1
2,Payment,1772015871.368936,6131,14,1
2,Payment,1772015871.372265,9489,12,1
1,NewOrder,1772015871.372775,16461,17,1
1,NewOrder,1772015871.373132,26892,19,1
2,Payment,1772015871.373237,18861,16,1
2,Payment,1772015871.373269,28051,10,1
1,NewOrder,1772015871.373961,26809,4,1
2,Payment,1772015871.373981,22057,7,1
1,NewOrder,1772015871.374758,16994,5,1
1,NewOrder,1772015871.375073,12992,14,1
1,NewOrder,1772015871.375133,16242,2,1
1,NewOrder,1772015871.375176,24004,8,1
1,NewOrder,1772015871.377402,24411,15,1
1,NewOrder,1772015871.377721,31740,21,1
2,Payment,1772015871.377778,13885,18,1
1,NewOrder,1772015871.379847,10776,3,1
2,Payment,1772015871.381193,15896,13,1
2,Payment,1772015871.381449,25173,6,1
5,StockLevel,1772015871.381777,23498,12,1
2,Payment,1772015871.381899,14633,1,1
3,OrderStatus,1772015871.382263,4481,22,1
2,Payment,1772015871.382775,15158,20,1
2,Payment,1772015871.386755,15023,22,1
1,NewOrder,1772015871.387451,22421,9,1
2,Payment,1772015871.388069,18181,14,1
1,NewOrder,1772015871.389245,27064,17,1
1,NewOrder,1772015871.390218,24516,11,1
1,NewOrder,1772015871.390621,24472,0,1
1,NewOrder,1772015871.390631,39950,3,1
1,NewOrder,1772015871.391398,27447,2,1
1,NewOrder,1772015871.391685,20485,18,1
1,NewOrder,1772015871.391775,40050,5,1
1,NewOrder,1772015871.392102,40171,16,1
2,Payment,1772015871.396047,17199,7,1
2,Payment,1772015871.396538,6478,1,1
2,Payment,1772015871.397098,17229,13,1
2,Payment,1772015871.397939,9454,20,1
2,Payment,1772015871.399185,24361,8,1
2,Payment,1772015871.400033,18794,19,1
3,OrderStatus,1772015871.400780,6296,4,1
1,NewOrder,1772015871.401330,14303,10,1
2,Payment,1772015871.401785,23992,22,1
2,Payment,1772015871.401816,21375,15,1
2,Payment,1772015871.403023,4735,1,1
2,Payment,1772015871.405281,24234,12,1
5,StockLevel,1772015871.406259,25355,14,1
1,NewOrder,1772015871.406630,29999,6,1
2,Payment,1772015871.407091,11408,4,1
1,NewOrder,1772015871.407416,34506,20,1
1,NewOrder,1772015871.407773,12599,1,1
1,NewOrder,1772015871.409483,6431,21,1
2,Payment,1772015871.409875,17566,9,1
3,OrderStatus,1772015871.412192,13144,18,1
1,NewOrder,1772015871.413261,24827,7,1
1,NewOrder,1772015871.414333,4469,13,1
1,NewOrder,1772015871.414744,25813,11,1
2,Payment,1772015871.415103,8347,0,1
4,Delivery,1772015871.415195,42605,23,1
2,Payment,1772015871.415641,15673,10,1
1,NewOrder,1772015871.415918,5805,21,1
2,Payment,1772015871.416318,17577,17,1
1,NewOrder,1772015871.418513,21336,4,1
2,Payment,1772015871.418813,19714,13,1
2,Payment,1772015871.418835,12496,19,1
2,Payment,1772015871.418871,7755,2,1
1,NewOrder,1772015871.420394,10617,1,1
2,Payment,1772015871.421734,13933,21,1
2,Payment,1772015871.423200,20332,15,1
5,StockLevel,1772015871.423457,12495,0,1
2,Payment,1772015871.423555,11604,8,1
2,Payment,1772015871.425344,14846,18,1
2,Payment,1772015871.425798,20070,22,1
1,NewOrder,1772015871.426656,30260,2,1
2,Payment,1772015871.427450,12773,9,1
5,StockLevel,1772015871.429538,11532,12,1
2,Payment,1772015871.430604,5616,3,1
1,NewOrder,1772015871.431034,21248,1,1
2,Payment,1772015871.431320,13447,10,1
2,Payment,1772015871.431341,20581,19,1
1,NewOrder,1772015871.431623,20680,14,1
1,NewOrder,1772015871.431830,20386,5,1
2,Payment,1772015871.432295,16502,16,1
2,Payment,1772015871.433905,20721,17,1
1,NewOrder,1772015871.435183,29077,8,1
4,Delivery,1772015871.435688,22643,21,1
1,NewOrder,1772015871.435965,21392,0,1
4,Delivery,1772015871.436229,18422,3,1
2,Payment,1772015871.436633,13475,6,1
2,Payment,1772015871.438096,18627,7,1
2,Payment,1772015871.438547,19729,13,1
1,NewOrder,1772015871.439866,36936,4,1
2,Payment,1772015871.440200,18189,18,1
2,Payment,1772015871.440226,25373,9,1
1,NewOrder,1772015871.440581,13597,11,1
2,Payment,1772015871.441080,32493,12,1
1,NewOrder,1772015871.441925,15389,20,1
1,NewOrder,1772015871.443554,30040,15,1
1,NewOrder,1772015871.444789,36659,10,1
2,Payment,1772015871.445890,20579,22,1
2,Payment,1772015871.448803,29581,16,1
2,Payment,1772015871.450112,22491,6,1
5,StockLevel,1772015871.451944,22824,19,1
3,OrderStatus,1772015871.452224,19048,5,1
2,Payment,1772015871.452292,7508,1,1
2,Payment,1772015871.452313,31043,14,1
1,NewOrder,1772015871.454194,6216,11,1
1,NewOrder,1772015871.454648,7008,17,1
1,NewOrder,1772015871.454669,8147,3,1
2,Payment,1772015871.456748,22019,7,1
1,NewOrder,1772015871.456925,14015,2,1
1,NewOrder,1772015871.457322,26001,20,1
1,NewOrder,1772015871.457366,32623,0,1
2,Payment,1772015871.457804,15348,23,1
4,Delivery,1772015871.458284,15620,13,1
1,NewOrder,1772015871.458345,32150,21,1
4,Delivery,1772015871.458401,14781,18,1
2,Payment,1772015871.459806,8528,1,1
1,NewOrder,1772015871.460414,6836,11,1
4,Delivery,1772015871.461679,11840,17,1
1,NewOrder,1772015871.462822,4055,3,1
2,Payment,1772015871.464268,18689,8,1
2,Payment,1772015871.465604,22062,9,1
2,Payment,1772015871.466478,13429,22,1
5,StockLevel,1772015871.466880,2394,3,1
2,Payment,1772015871.467259,26894,11,1
2,Payment,1772015871.468356,7632,1,1
1,NewOrder,1772015871.469282,5839,3,1
2,Payment,1772015871.470946,10818,2,1
2,Payment,1772015871.471281,16338,5,1
2,Payment,1772015871.472626,25956,6,1
2,Payment,1772015871.473157,11594,23,1
1,NewOrder,1772015871.473192,30584,18,1
5,StockLevel,1772015871.473522,11480,17,1
1,NewOrder,1772015871.473582,13336,12,1
5,StockLevel,1772015871.473599,16548,15,1
1,NewOrder,1772015871.473908,10554,13,1
5,StockLevel,1772015871.474789,13421,19,1
1,NewOrder,1772015871.475126,8137,3,1
1,NewOrder,1772015871.476006,31093,1,1
2,Payment,1772015871.476820,14493,4,1
2,Payment,1772015871.478392,10117,16,1
2,Payment,1772015871.478777,27475,7,1
1,NewOrder,1772015871.479911,19538,22,1
1,NewOrder,1772015871.481457,27986,10,1
2,Payment,1772015871.481770,15678,2,1
1,NewOrder,1772015871.482960,21351,8,1
2,Payment,1772015871.483266,25651,3,1
2,Payment,1772015871.483329,5640,20,1
2,Payment,1772015871.483364,9662,14,1
2,Payment,1772015871.484466,14078,13,1
2,Payment,1772015871.484753,8787,23,1
1,NewOrder,1772015871.485010,17265,17,1
2,Payment,1772015871.486928,21288,12,1
2,Payment,1772015871.487626,27021,5,1
1,NewOrder,1772015871.487680,16014,9,1
2,Payment,1772015871.488219,9898,19,1
1,NewOrder,1772015871.488530,14112,16,1
1,NewOrder,1772015871.488977,15695,20,1
4,Delivery,1772015871.489994,8200,0,1
1,NewOrder,1772015871.490155,16618,15,1
1,NewOrder,1772015871.490499,16279,21,1
1,NewOrder,1772015871.491322,29719,4,1
2,Payment,1772015871.493035,18150,14,1
1,NewOrder,1772015871.493547,26441,23,1
2,Payment,1772015871.494158,19417,11,1
1,NewOrder,1772015871.497454,21590,2,1
2,Payment,1772015871.498127,5792,19,1
2,Payment,1772015871.498207,21272,0,1
2,Payment,1772015871.498552,14692,13,1
1,NewOrder,1772015871.498605,21919,6,1
2,Payment,1772015871.499471,11054,22,1
2,Payment,1772015871.502297,15776,17,1
1,NewOrder,1772015871.502653,7159,16,1
2,Payment,1772015871.503714,13634,9,1
1,NewOrder,1772015871.503798,6349,18,1
1,NewOrder,1772015871.503929,19070,19,1
1,NewOrder,1772015871.504333,30124,8,1
2,Payment,1772015871.504683,7979,20,1
1,NewOrder,1772015871.506273,17088,7,1
2,Payment,1772015871.506783,16649,15,1
1,NewOrder,1772015871.506791,28314,21,1
1,NewOrder,1772015871.507103,17678,1,1
2,Payment,1772015871.508225,19909,12,1
1,NewOrder,1772015871.508926,19712,3,1
2,Payment,1772015871.509451,13942,10,1
2,Payment,1772015871.509825,21988,16,1
2,Payment,1772015871.510170,6748,18,1
2,Payment,1772015871.510548,10825,22,1
3,OrderStatus,1772015871.511193,2542,14,1
1,NewOrder,1772015871.512683,28605,20,1
2,Payment,1772015871.513254,25401,13,1
1,NewOrder,1772015871.513582,15114,11,1
1,NewOrder,1772015871.513744,28899,14,1
2,Payment,1772015871.514665,9774,5,1
5,StockLevel,1772015871.516941,16887,18,1
2,Payment,1772015871.517354,11325,9,1
2,Payment,1772015871.518096,28878,17,1
2,Payment,1772015871.519052,9487,2,1
2,Payment,1772015871.519487,13105,0,1
2,Payment,1772015871.519998,6036,23,1
5,StockLevel,1772015871.520546,12947,6,1
1,NewOrder,1772015871.521049,14704,4,1
1,NewOrder,1772015871.521381,35127,22,1
1,NewOrder,1772015871.523011,11769,19,1
2,Payment,1772015871.523384,10098,7,1
1,NewOrder,1772015871.523416,27660,10,1
2,Payment,1772015871.523444,30357,15,1
4,Delivery,1772015871.524461,29955,5,1
2,Payment,1772015871.524792,11297,1,1
1,NewOrder,1772015871.526043,42737,23,1
2,Payment,1772015871.528141,32867,12,1
1,NewOrder,1772015871.528544,11722,2,1
1,NewOrder,1772015871.528644,29910,3,1
2,Payment,1772015871.528687,21873,9,1
2,Payment,1772015871.528701,13979,11,1
3,OrderStatus,1772015871.531822,3006,16,1
2,Payment,1772015871.532607,6502,0,1
1,NewOrder,1772015871.533503,21782,7,1
2,Payment,1772015871.533517,23873,6,1
2,Payment,1772015871.533837,8598,18,1
2,Payment,1772015871.534480,30549,8,1
1,NewOrder,1772015871.534792,16324,19,1
3,OrderStatus,1772015871.534843,2991,16,1
1,NewOrder,1772015871.535111,11890,21,1
1,NewOrder,1772015871.535762,15674,4,1
2,Payment,1772015871.536095,10366,1,1
1,NewOrder,1772015871.537839,30110,16,1
2,Payment,1772015871.538666,28900,13,1
5,StockLevel,1772015871.539117,24100,0,1
1,NewOrder,1772015871.540290,15389,2,1
1,NewOrder,1772015871.541312,26611,20,1
1,NewOrder,1772015871.542457,22203,18,1
1,NewOrder,1772015871.542655,29734,14,1
2,Payment,1772015871.542694,28408,11,1
1,NewOrder,1772015871.546466,31514,1,1
1,NewOrder,1772015871.546996,32703,17,1
1,NewOrder,1772015871.547023,9010,21,1
1,NewOrder,1772015871.550566,21437,9,1
3,OrderStatus,1772015871.551088,8828,10,1
1,NewOrder,1772015871.551139,17958,19,1
2,Payment,1772015871.551449,3471,4,1
2,Payment,1772015871.553810,19553,15,1
1,NewOrder,1772015871.554438,13514,5,1
1,NewOrder,1772015871.554943,10492,4,1
1,NewOrder,1772015871.555308,22577,7,1
2,Payment,1772015871.555704,4112,2,1
1,NewOrder,1772015871.556037,21242,21,1
1,NewOrder,1772015871.556514,37129,22,1
1,NewOrder,1772015871.557399,19830,6,1
1,NewOrder,1772015871.558563,40895,3,1
2,Payment,1772015871.559833,5149,2,1
2,Payment,1772015871.559923,17311,10,1
2,Payment,1772015871.561031,16291,12,1
1,NewOrder,1772015871.563240,17951,0,1
2,Payment,1772015871.564682,6878,18,1
2,Payment,1772015871.564989,5388,2,1
1,NewOrder,1772015871.565038,25832,8,1
1,NewOrder,1772015871.565444,29257,4,1
2,Payment,1772015871.567597,13887,13,1
2,Payment,1772015871.567937,10015,20,1
1,NewOrder,1772015871.567954,19808,16,1
2,Payment,1772015871.567962,8760,5,1
1,NewOrder,1772015871.568784,14514,23,1
1,NewOrder,1772015871.569106,27197,19,1
2,Payment,1772015871.570382,12011,2,1
1,NewOrder,1772015871.571112,33886,11,1
2,Payment,1772015871.571565,18856,18,1
1,NewOrder,1772015871.572011,50983,9,1
2,Payment,1772015871.572411,13122,14,1
2,Payment,1772015871.573373,17539,15,1
1,NewOrder,1772015871.576731,37594,5,1
1,NewOrder,1772015871.577249,17960,10,1
1,NewOrder,1772015871.577253,21264,6,1
1,NewOrder,1772015871.577302,26724,21,1
1,NewOrder,1772015871.577344,16945,12,1
1,NewOrder,1772015871.577889,27455,7,1
5,StockLevel,1772015871.577962,35442,20,1
1,NewOrder,1772015871.577989,46941,1,1
1,NewOrder,1772015871.579709,22439,17,1
1,NewOrder,1772015871.581195,14641,0,1
1,NewOrder,1772015871.581488,14794,13,1
2,Payment,1772015871.582408,8538,2,1
2,Payment,1772015871.583302,18354,23,1
3,OrderStatus,1772015871.585542,4342,14,1
1,NewOrder,1772015871.587771,24224,16,1
2,Payment,1772015871.589893,10550,14,1
2,Payment,1772015871.590426,21608,18,1
1,NewOrder,1772015871.590880,21784,8,1
3,OrderStatus,1772015871.590921,6683,15,1
4,Delivery,1772015871.590956,28171,2,1
2,Payment,1772015871.593676,25029,22,1
1,NewOrder,1772015871.594296,19643,12,1
2,Payment,1772015871.594710,8056,4,1
2,Payment,1772015871.595215,3934,10,1
2,Payment,1772015871.595845,11200,0,1
1,NewOrder,1772015871.596291,16744,13,1
1,NewOrder,1772015871.596312,32216,19,1
2,Payment,1772015871.597613,10565,15,1
2,Payment,1772015871.598536,4587,6,1
1,NewOrder,1772015871.599153,14763,10,1
1,NewOrder,1772015871.599466,16488,3,1
2,Payment,1772015871.600451,17719,14,1
1,NewOrder,1772015871.601668,36652,23,1
5,StockLevel,1772015871.602155,26068,17,1
1,NewOrder,1772015871.602770,15918,4,1
1,NewOrder,1772015871.603130,10306,6,1
2,Payment,1772015871.604029,21221,21,1
2,Payment,1772015871.605001,6034,11,1
2,Payment,1772015871.605351,13389,7,1
2,Payment,1772015871.607054,4652,0,1
1,NewOrder,1772015871.608196,22283,15,1
1,NewOrder,1772015871.611040,29193,11,1
1,NewOrder,1772015871.611730,24164,0,1
4,Delivery,1772015871.612002,35011,16,1
2,Payment,1772015871.612038,21017,18,1
2,Payment,1772015871.612683,12594,8,1
3,OrderStatus,1772015871.613063,6177,13,1
2,Payment,1772015871.613412,29078,20,1
1,NewOrder,1772015871.613443,32530,6,1
3,OrderStatus,1772015871.613935,3019,10,1
3,OrderStatus,1772015871.613947,3857,12,1
1,NewOrder,1772015871.614332,10973,5,1
2,Payment,1772015871.615962,3197,3,1
1,NewOrder,1772015871.616958,19594,10,1
4,Delivery,1772015871.617807,29780,12,1
2,Payment,1772015871.618173,9213,14,1
2,Payment,1772015871.618707,6515,4,1
2,Payment,1772015871.618723,31317,22,1
1,NewOrder,1772015871.618758,33322,7,1
1,NewOrder,1772015871.619137,18703,2,1
2,Payment,1772015871.619171,2954,3,1
1,NewOrder,1772015871.619259,27469,13,1
1,NewOrder,1772015871.622144,18445,3,1
5,StockLevel,1772015871.622999,16427,9,1
2,Payment,1772015871.624933,12854,1,1
1,NewOrder,1772015871.625229,14517,4,1
1,NewOrder,1772015871.625255,41100,21,1
1,NewOrder,1772015871.625282,24831,8,1
2,Payment,1772015871.625309,4468,5,1
5,StockLevel,1772015871.627389,14593,14,1
4,Delivery,1772015871.628239,19204,17,1
1,NewOrder,1772015871.628547,15237,19,1
1,NewOrder,1772015871.629788,11512,5,1
2,Payment,1772015871.630487,5848,15,1
4,Delivery,1772015871.633095,12306,18,1
2,Payment,1772015871.635898,10162,0,1
2,Payment,1772015871.636342,4578,15,1
1,NewOrder,1772015871.636555,12805,10,1
2,Payment,1772015871.637799,24815,1,1
2,Payment,1772015871.637858,16682,2,1
2,Payment,1772015871.638323,22817,23,1
1,NewOrder,1772015871.639445,10314,9,1
2,Payment,1772015871.639758,30602,4,1
2,Payment,1772015871.640237,8791,11,1
2,Payment,1772015871.640601,35750,3,1
2,Payment,1772015871.640939,7262,15,1
3,OrderStatus,1772015871.641319,3885,5,1
1,NewOrder,1772015871.641988,8178,14,1
1,NewOrder,1772015871.642497,20368,20,1
1,NewOrder,1772015871.643801,6675,19,1
2,Payment,1772015871.645217,37063,5,1
2,Payment,1772015871.645408,23162,18,1
1,NewOrder,1772015871.645993,32417,6,1
1,NewOrder,1772015871.646066,22807,0,1
2,Payment,1772015871.646736,10106,13,1
1,NewOrder,1772015871.647017,34851,16,1
4,Delivery,1772015871.647448,35392,17,1
5,StockLevel,1772015871.647593,24998,12,1
2,Payment,1772015871.648207,16100,15,1
2,Payment,1772015871.649036,9342,11,1
1,NewOrder,1772015871.649364,31082,10,1
1,NewOrder,1772015871.649762,9619,9,1
4,Delivery,1772015871.650048,62248,22,1
1,NewOrder,1772015871.650120,8793,8,1
1,NewOrder,1772015871.650169,3394,14,1
2,Payment,1772015871.650479,22322,19,1
1,NewOrder,1772015871.652088,13946,7,1
1,NewOrder,1772015871.653582,3774,14,1
1,NewOrder,1772015871.654551,22438,2,1
2,Payment,1772015871.656849,15342,13,1
1,NewOrder,1772015871.657367,5594,14,1
2,Payment,1772015871.658382,10464,11,1
3,OrderStatus,1772015871.658920,1124,8,1
2,Payment,1772015871.659389,13795,9,1
1,NewOrder,1772015871.660055,12771,8,1
2,Payment,1772015871.661143,18201,23,1
3,OrderStatus,1772015871.662633,8550,1,1
3,OrderStatus,1772015871.662884,2871,20,1
3,OrderStatus,1772015871.662994,1030,14,1
1,NewOrder,1772015871.664028,4850,14,1
2,Payment,1772015871.664314,11948,15,1
1,NewOrder,1772015871.665762,13549,20,1
1,NewOrder,1772015871.666040,9321,7,1
2,Payment,1772015871.666363,18528,21,1
3,OrderStatus,1772015871.668578,4552,18,1
1,NewOrder,1772015871.668850,30563,11,1
2,Payment,1772015871.668881,17612,0,1
1,NewOrder,1772015871.668881,8141,14,1
2,Payment,1772015871.670380,20628,4,1
2,Payment,1772015871.671191,25507,1,1
1,NewOrder,1772015871.672196,29902,13,1
2,Payment,1772015871.672593,9818,12,1
2,Payment,1772015871.672805,16093,19,1
2,Payment,1772015871.672833,11396,8,1
2,Payment,1772015871.673137,20670,18,1
2,Payment,1772015871.673192,5679,9,1
2,Payment,1772015871.675369,12111,7,1
1,NewOrder,1772015871.676280,21664,15,1
1,NewOrder,1772015871.676362,14673,3,1
2,Payment,1772015871.676997,27551,2,1
2,Payment,1772015871.677041,10088,14,1
2,Payment,1772015871.678429,12254,6,1
2,Payment,1772015871.678878,16731,9,1
1,NewOrder,1772015871.679318,20565,20,1
1,NewOrder,1772015871.679349,23831,23,1
1,NewOrder,1772015871.680461,3455,10,1
2,Payment,1772015871.681877,8462,16,1
2,Payment,1772015871.682283,30498,5,1
1,NewOrder,1772015871.682419,14830,12,1
1,NewOrder,1772015871.682858,24930,17,1
2,Payment,1772015871.683923,16596,10,1
1,NewOrder,1772015871.684236,18586,8,1
2,Payment,1772015871.684899,12376,21,1
2,Payment,1772015871.686500,33015,0,1
1,NewOrder,1772015871.687134,11086,14,1
2,Payment,1772015871.687486,20762,7,1
2,Payment,1772015871.688904,13981,19,1
1,NewOrder,1772015871.690346,30069,16,1
1,NewOrder,1772015871.690690,14363,6,1
2,Payment,1772015871.691012,31835,4,1
1,NewOrder,1772015871.691042,17857,3,1
5,StockLevel,1772015871.693815,14644,18,1
1,NewOrder,1772015871.695617,13744,9,1
2,Payment,1772015871.696702,31628,1,1
1,NewOrder,1772015871.697257,27126,12,1
1,NewOrder,1772015871.697283,19370,21,1
1,NewOrder,1772015871.697953,23363,15,1
1,NewOrder,1772015871.698226,33396,14,1
1,NewOrder,1772015871.699424,10377,11,1
2,Payment,1772015871.699902,8283,20,1
1,NewOrder,1772015871.700531,18117,10,1
2,Payment,1772015871.702106,8101,13,1
2,Payment,1772015871.702830,13499,8,1
2,Payment,1772015871.702890,11904,19,1
1,NewOrder,1772015871.703188,15026,23,1
5,StockLevel,1772015871.704557,21016,2,1
2,Payment,1772015871.705061,17825,6,1
5,StockLevel,1772015871.707796,19468,17,1
1,NewOrder,1772015871.708192,27297,20,1
2,Payment,1772015871.708251,20915,7,1
2,Payment,1772015871.708461,10641,18,1
2,Payment,1772015871.708918,24791,3,1
2,Payment,1772015871.709369,32434,9,1
1,NewOrder,1772015871.709809,8130,11,1
1,NewOrder,1772015871.710213,7976,13,1
2,Payment,1772015871.712314,21434,22,1
4,Delivery,1772015871.712790,49563,5,1
4,Delivery,1772015871.714812,14297,19,1
1,NewOrder,1772015871.716335,14315,8,1
2,Payment,1772015871.716671,5642,21,1
1,NewOrder,1772015871.717959,9094,11,1
2,Payment,1772015871.718208,5762,13,1
2,Payment,1772015871.718224,7579,23,1
5,StockLevel,1772015871.718666,15495,10,1
2,Payment,1772015871.719109,30818,18,1
1,NewOrder,1772015871.719518,21346,0,1
2,Payment,1772015871.720434,9288,16,1
2,Payment,1772015871.721323,17280,15,1
2,Payment,1772015871.722324,33851,21,1
1,NewOrder,1772015871.722854,14975,4,1
2,Payment,1772015871.722889,26631,6,1
1,NewOrder,1772015871.723972,16865,13,1
1,NewOrder,1772015871.724401,32166,12,1
1,NewOrder,1772015871.725591,19043,2,1
2,Payment,1772015871.725813,15069,23,1
1,NewOrder,1772015871.727059,14355,11,1
1,NewOrder,1772015871.727283,19616,17,1
2,Payment,1772015871.728338,13438,1,1
1,NewOrder,1772015871.729114,18164,19,1
1,NewOrder,1772015871.729171,25943,7,1
1,NewOrder,1772015871.729729,40283,16,1
1,NewOrder,1772015871.730668,14363,8,1
2,Payment,1772015871.731629,13501,14,1
2,Payment,1772015871.733716,12012,3,1
2,Payment,1772015871.733755,30368,22,1
2,Payment,1772015871.734175,26288,10,1
1,NewOrder,1772015871.735498,32136,20,1
1,NewOrder,1772015871.737833,8196,4,1
1,NewOrder,1772015871.740839,24746,13,1
2,Payment,1772015871.740871,15233,0,1
1,NewOrder,1772015871.741421,7719,11,1
2,Payment,1772015871.741783,8231,1,1
5,StockLevel,1772015871.741810,18546,9,1
1,NewOrder,1772015871.744654,20478,2,1
2,Payment,1772015871.745036,23385,8,1
2,Payment,1772015871.745138,5836,14,1
1,NewOrder,1772015871.746032,12622,4,1
1,NewOrder,1772015871.749945,19702,18,1
5,StockLevel,1772015871.750023,21465,1,1
2,Payment,1772015871.750991,6712,14,1
2,Payment,1772015871.756575,11816,12,1
2,Payment,1772015871.762358,5614,5,1
3,OrderStatus,1772015871.764130,6421,22,1
